0 0.419922 0.551758 0.123698 0.089844 0.0 0.1884488875070442 0.0 0.18202784484888873 0.0 0.25615679112559625 0.0 0.2591192667975584 0.0 0.07421396557747657 0.0 0.05073646274282611 0.0
0 0.633464 0.199219 0.105469 0.068359 0.0 0.0 0.2657562499933674 0.0 0.275974734451711 0.0 0.27496540582973866 0.0 0.2762501348195582 0.0 0.03732309945982277 0.0 0.06627348109442278
0 0.708984 0.283203 0.118490 0.072266 0.0 0.0 0.14638486370760084 0.0 0.26074367107042534 0.0 0.2477690222470679 0.0 0.2373326639364081 0.0 0.12430142248093716 0.0 0.10980880330012073
0 0.413411 0.113281 0.220052 0.166016 0.0 0.15460135973721773 0.029062897238818174 0.06746645135759521 0.0075398641625186 0.2959908961852967 0.3761079166070962 0.34734071382912124 0.381487467299994 0.05389188040702228 0.05099520295792293 0.04790776347408714 0.06365326874682435
0 0.824870 0.628906 0.121094 0.066406 0.0 0.2796532484004283 0.0 0.2492402564903555 0.0 0.32141857299272625 0.0 0.30266345572247805 0.0 0.048645873383946284 0.0 0.04947120814457643 0.0
0 0.330729 0.967773 0.140625 0.064453 0.0 0.16943485869463576 0.0 0.11664815615929072 0.10081255298599914 0.25126612588841185 0.0 0.2059302459615844 0.19453331742184518 0.1906640995212519 0.0 0.3444061379318327 0.9817636946842216
0 0.527995 0.445801 0.173177 0.090820 0.0 0.07830992558804455 0.04755533744684873 0.1346978181781135 0.0 0.3323294251478086 0.3195433040942104 0.3273251323483037 0.0 0.07848160260304829 0.09487176900365424 0.06510217195114162 0.0
0 0.453125 0.355957 0.135417 0.114258 0.0 0.0 0.0992047225566506 0.06731062941802131 0.15524366197576212 0.0 0.2573144303052287 0.3148613449068695 0.29402763964341017 0.0 0.24081963602621637 0.031352993006255915 0.05514711915988749
0 0.280599 0.039062 0.105469 0.064453 0.05788866147528282 0.06991245697185476 0.18364014361080067 0.0 0.2127770714217532 0.28207697125067516 0.24541223754770394 0.0 0.23969709492397584 0.04079536778841973 0.030732001607539916 0.0 0.14100258080353223
0 0.309896 0.489746 0.151042 0.088867 0.0 0.12463213553835902 0.0 0.1060919544564993 0.05285904163870327 0.24919825500737802 0.0 0.23921167382618636 0.2948764387702937 0.057524246558568845 0.0 0.03140217036828024 0.060768955751318764
0 0.548177 0.643066 0.130208 0.098633 0.0 0.11404910936489905 0.0 0.15446072014667261 0.03800304483267747 0.35335935861859347 0.0 0.2645342777163536 0.3563539940271856 0.04874198932376651 0.0 0.3310158042211283 0.057597571818532936
0 0.886719 0.102539 0.111979 0.076172 0.0 0.0 0.07823805503165088 0.032474413508238736 0.26528284626519955 0.0 0.1929752140711642 0.20563541992933845 0.26128246171410646 0.0 0.07167781262012467 0.9570280027050785 0.09014924213910074
0 0.621094 0.360840 0.145833 0.112305 0.0 0.0 0.1285897008872867 0.0 0.16764204962373772 0.0 0.3617660731246985 0.0 0.34301087557490073 0.0 0.10269635782583021 0.0 0.08832443872031447
0 0.147135 0.780273 0.109375 0.093750 0.0 0.0 0.2738200099203864 0.0 0.14694607528803152 0.0 0.2797572323646632 0.0 0.35643406935840605 0.0 0.8795712568329643 0.0 0.8857465649339796
0 0.240885 0.540039 0.132812 0.085938 0.0 0.0 0.0 0.11506248240893598 0.15404151932227728 0.0 0.0 0.29224813933192717 0.2754301441736555 0.0 0.0 0.9989556122166423 0.05210038322070147
0 0.545573 0.266602 0.132812 0.105469 0.0 0.0 0.0965140097153018 0.0 0.09511737453469857 0.0 0.3005763403916535 0.0 0.28804803000794943 0.0 0.05084980497137348 0.0 0.046733979480813384
0 0.164714 0.247559 0.084635 0.059570 0.0 0.29215228573931495 0.0 0.15375047818717708 0.0 0.2773434003458079 0.0 0.27470903666104957 0.0 0.05661898087507448 0.0 0.04711251615119889 0.0
0 0.898438 0.676758 0.111979 0.074219 0.0 0.31871552905543415 0.0 0.2728471938285659 0.0 0.31477227831890614 0.0 0.30163958959727727 0.0 0.05610853807110219 0.0 0.04699594758936377 0.0
0 0.718099 0.553711 0.157552 0.111328 0.019865745106902095 0.05755078159378201 0.028475826095396277 0.15507322488563702 0.0937362955752256 0.3111815541395711 0.11267610006625685 0.2669984975168275 0.3009735303528878 0.05007782254343943 0.22861465948435122 0.44728352834423857 0.07880232476194951
0 0.263021 0.296875 0.138021 0.078125 0.0 0.13062537307791072 0.03467733045332915 0.09749008606861898 0.0 0.1280264128459709 0.4080561990836432 0.38861102017579163 0.0 0.15173080699632682 0.03819474543440214 0.050290375499033264 0.0
0 0.339844 0.241699 0.125000 0.084961 0.0 0.11028273336362386 0.038866019975878734 0.06429441010398962 0.052513817702339316 0.32127561246661673 0.3507280577606725 0.3275503562658585 0.3285111424132517 0.052097016189572146 0.06500490752849954 0.04610377310177872 0.07022573211215502
0 0.483073 0.602539 0.098958 0.068359 0.0 0.18098670803528868 0.0 0.11539896222438611 0.0 0.4079934998447233 0.0 0.10410083076930676 0.0 0.032419127354279216 0.0 0.2376634103459379 0.0
0 0.193359 0.846191 0.097656 0.073242 0.0 0.0 0.18489265675038405 0.0 0.1534625815791803 0.0 0.2661126785873456 0.0 0.28219855532640126 0.0 0.9200836132030058 0.0 0.8745567419077382
0 0.816406 0.811035 0.098958 0.075195 0.0 0.2611543484839731 0.0 0.18801187287224677 0.0 0.24969368971354436 0.0 0.09836712499919575 0.0 0.06487220201316402 0.0 0.0057473727177861315 0.0
0 0.842448 0.154297 0.083333 0.052734 0.0 0.0 0.154849089420824 0.0 0.2842544383591041 0.0 0.19971550650641853 0.0 0.23996908417019133 0.0 0.011328196334157306 0.0 0.1122318508536782
0 0.105469 0.714844 0.096354 0.074219 0.0 0.0 0.09722728870973579 0.0 0.25151299339058647 0.0 0.29361761275579423 0.0 0.33152147609771093 0.0 0.8902746603302063 0.0 0.8834050243045175
0 0.313802 0.837891 0.101562 0.064453 0.1267496522211837 0.0 0.0 0.0 0.21359134842659122 0.0 0.0 0.0 0.11936908835667853 0.0 0.0 0.0 0.8837764348133849
0 0.264323 0.935547 0.083333 0.060547 0.0 0.0 0.2008244276948449 0.0 0.14980251853874743 0.0 0.24842232485045732 0.0 0.27281555378242955 0.0 0.8812298923819112 0.0 0.8721818092423341
0 0.164062 0.142578 0.130208 0.085938 0.0 0.12234617435156714 0.0 0.16646483145451993 0.0 0.231483268059015 0.0 0.18300972911885063 0.0 0.04959796380875064 0.0 0.06795096796296289 0.0
0 0.873047 0.852051 0.082031 0.061523 0.0 0.22302990338928438 0.0 0.13661909603339462 0.0 0.3493316102269495 0.0 0.1594260640358455 0.0 0.06365749081477258 0.0 0.04117465325075279 0.0
0 0.800130 0.461914 0.173177 0.087891 0.0 0.1356732522198934 0.015302541616935499 0.00843652072063997 0.10915690944574585 0.10930582392137367 0.11585391007853096 0.11535552393251133 0.11412527352509949 0.057363653182779265 0.05215474140601878 0.06001626131316837 0.05149353817837243
0 0.085938 0.197266 0.098958 0.062500 0.0 0.13915835776046617 0.0 0.2048455497368282 0.0 0.28405676032245214 0.0 0.26248384666847663 0.0 0.028797836947329278 0.0 0.05038159646994858 0.0
0 0.962891 0.714355 0.074219 0.075195 0.0 0.12438817344584678 0.0 0.2187061814810248 0.0 0.44943917439202696 0.0 0.32303098832551325 0.0 0.03484824618709889 0.0 0.046278625944531075 0.0
0 0.902344 0.330078 0.138021 0.097656 0.0 0.056441837968831565 0.06287907973794685 0.07435795124945242 0.16125604565152601 0.3261989792785996 0.32016568919885635 0.29352331517000435 0.3255933683533248 0.05723301488145864 0.09678795241964402 0.03911223968537204 0.1314894933275383
0 0.199870 0.016602 0.113281 0.031250 0.0 0.0 0.03659699676854283 0.2673716640928298 0.0 0.0 0.325937897535409 0.33692430620876035 0.0 0.0 0.023279395725377426 0.04919602741201585 0.0
0 0.597005 0.030273 0.113281 0.058594 0.0 0.08963083877252713 0.04391446195856267 0.1040469927957175 0.0 0.3477917645891535 0.37429007159742805 0.30950554346340664 0.0 0.0656741800582096 0.03814788274759672 0.046325678358813446 0.0
0 0.079427 0.956055 0.101562 0.052734 0.0 0.0 0.18661384615628274 0.0 0.07561019953446038 0.0 0.23834273643472517 0.0 0.1796866060407368 0.0 0.8834229143424207 0.0 0.8780282993898835
0 0.570964 0.940430 0.141927 0.087891 0.0 0.10543622632196216 0.09865119877989945 0.1795167245383292 0.01201097598916248 0.22321513934311288 0.42297449410608895 0.3761716747502741 0.32380673310114283 0.4127182544654059 0.12302144503047682 0.476838041787044 0.0741492963353737
0 0.192708 0.396973 0.091146 0.069336 0.0 0.1224857694596191 0.13013223555813216 0.07729321252607368 0.0 0.23991938964226997 0.2772569762729419 0.2834494297695176 0.0 0.038186121688988724 0.05541262780362912 0.027156372998218596 0.0
0 0.675130 0.141113 0.097656 0.045898 0.0 0.0 0.11344589914191353 0.0 0.28084328283754256 0.0 0.3873137043356769 0.0 0.25905916130915574 0.0 0.038868240032060915 0.0 0.02613974487737241
0 0.652344 0.729492 0.169271 0.109375 0.2771688295295248 0.0 0.0 0.0 0.0 0.0 0.0 0.0 0.0 0.0 0.0 0.0 0.0
0 0.102865 0.981445 0.091146 0.037109 0.0 0.0 0.2490961769550557 0.0 0.10546830750821579 0.0 0.3787330712501693 0.0 0.38358853014550665 0.0 0.8908274085851455 0.0 0.9167059910578688
0 0.734375 0.088867 0.106771 0.068359 0.0 0.0 0.12990680337703944 0.0 0.1422372481909249 0.0 0.29361754599633394 0.0 0.27254686973963804 0.0 0.045854119569654336 0.0 0.05897641054914402
0 0.977214 0.593750 0.045573 0.066406 0.0 0.1765358169938538 0.0 0.1498951129712844 0.0 0.18665815288144685 0.0 0.19655351068025137 0.0 0.04791246284906844 0.0 0.055785793923244065 0.0
0 0.035156 0.153320 0.067708 0.089844 0.0633266700697224 0.13532051960823943 0.0 0.06569178634507579 0.0 0.29032157505183687 0.0 0.27805810830856587 0.0 0.0493005817980265 0.0 0.0513948929788152 0.0
0 0.062500 0.079590 0.065104 0.063477 0.0 0.08771520345035844 0.10855542379115309 0.1604023398075567 0.0 0.2670002358443512 0.30827252397081645 0.24585675860896675 0.0 0.064207358988454 0.8000131944079082 0.06002627892395114 0.0
0 0.033854 0.041504 0.065104 0.065430 0.0 0.19055764669102804 0.0 0.06960090369528449 0.0 0.31151763425270934 0.0 0.3531036611400929 0.0 0.02688712947251359 0.0 0.02981726291687418 0.0
0 0.121094 0.347168 0.109375 0.077148 0.0 0.20373776451272485 0.0 0.1567330212133681 0.0 0.28765103389966773 0.0 0.26117001987378846 0.0 0.010594092662402075 0.0 0.05616190967353955 0.0
0 0.054688 0.303223 0.106771 0.077148 0.0 0.1441643752089118 0.0 0.2067740037931056 0.0 0.2601866072785119 0.0 0.2766719390132731 0.0 0.04205364041551765 0.0 0.050468112199435367 0.0
0 0.090495 0.447266 0.165365 0.099609 0.0 0.0 0.1020278220851713 0.045430442070792165 0.12943092096679493 0.0 0.21542439701471577 0.22553056771737 0.21140305723985983 0.0 0.045837110019330794 0.04665968796773382 0.06515530323630085
0 0.240234 0.195312 0.110677 0.070312 0.0 0.17287574002497105 0.0 0.1721286221063387 0.0 0.2664362917796256 0.0 0.2747917667337061 0.0 0.05904388775790592 0.0 0.05453526217720568 0.0
0 0.953776 0.260742 0.092448 0.083984 0.0 0.09242374227850021 0.009387247090317697 0.007871533440768125 0.10200562488611788 0.304058549360637 0.32322302766387956 0.30140373995973263 0.3683854590386879 0.10493031285790401 0.014464581255531862 0.13770951134008177 0.0911194325652057
0 0.965495 0.385742 0.069010 0.072266 0.0 0.2371479406605944 0.0 0.014012030561929435 0.07307690829221121 0.31808680340171136 0.0 0.31618510628158375 0.325687941584406 0.09092337830849115 0.0 0.06445193794215621 0.982499989076749
0 0.946615 0.548340 0.106771 0.077148 0.0 0.13946087023405213 0.0 0.05470710884383323 0.0 0.28493489391047855 0.0 0.2760641583465876 0.0 0.07460514568944135 0.0 0.059591727110756665 0.0
0 0.890625 0.520508 0.091146 0.066406 0.0 0.18292999388075665 0.0 0.11372936571396021 0.0 0.23671504052656572 0.0 0.25761487409426026 0.0 0.06278630018613751 0.0 0.05600481532262904 0.0
0 0.777344 0.189453 0.114583 0.056641 0.0 0.10708352125798351 0.08873695619445177 0.0 0.16599262675955473 0.3104525979881851 0.3228563260929409 0.0 0.2774171096044321 0.1039945010506215 0.06472247017693804 0.0 0.09370508739538685
0 0.763021 0.234375 0.083333 0.052734 0.0 0.045869038442254276 0.15777043742883262 0.0 0.10247230202862079 0.34095763774698057 0.30479272015997627 0.0 0.29928323275513724 0.4920791732483355 0.12196360815918467 0.0 0.4834518779961556
0 0.031901 0.622559 0.061198 0.110352 0.0 0.0 0.06637350831690672 0.0 0.16818979901764808 0.0 0.300236879846829 0.0 0.3071021090659487 0.0 0.8915174147696507 0.0 0.8704760833336097
0 0.451172 0.947266 0.092448 0.083984 0.0 0.10860925767414933 0.0 0.08834549270891591 0.0 0.203332544625286 0.0 0.195393337907941 0.0 0.05338940181702472 0.0 0.09411909227507888 0.0
0 0.663411 0.945801 0.105469 0.086914 0.0 0.0 0.0 0.06545888807649387 0.08867973467364361 0.0 0.0 0.35774998171670186 0.2875982769478208 0.0 0.0 0.4832581919338837 0.15334063452024319
0 0.743490 0.959961 0.091146 0.070312 0.24670341256070366 0.0 0.0 0.0 0.0 0.0 0.0 0.0 0.0 0.0 0.0 0.0 0.0
0 0.824219 0.955078 0.091146 0.070312 0.0 0.11864980173892156 0.0 0.13418995461226765 0.0 0.3942825797742451 0.0 0.4107438574147635 0.0 0.831267802895854 0.0 0.911635817682522 0.0
0 0.744792 0.770996 0.117188 0.096680 0.3022010930846547 0.0 0.0 0.0 0.0 0.0 0.0 0.0 0.0 0.0 0.0 0.0 0.0
0 0.936198 0.900879 0.127604 0.100586 0.0 0.08019718125557848 0.014965645498656935 0.10740733518597681 0.0 0.24250993769699009 0.22923474299041185 0.24420241184663938 0.0 0.06949441869748393 0.9911062728135125 0.3447821312394884 0.0
0 0.098958 0.101074 0.065104 0.063477 0.0 0.0924918724066999 0.0 0.15214485957508983 0.0 0.29874736425417875 0.0 0.25973547552852727 0.0 0.03107756436480255 0.0 0.04615067373407934 0.0
0 0.253255 0.890625 0.089844 0.064453 0.0 0.0 0.2623883440060393 0.0 0.3057935600988753 0.0 0.12871189361964394 0.0 0.228144351743217 0.0 0.84657677584587 0.0 0.9685330111339807
0 0.944010 0.038574 0.111979 0.075195 0.12809644972364195 0.15469195840524774 0.11883319521896951 0.0 0.0 0.3010975882625401 0.29062028871238466 0.0 0.0 0.10222214285199398 0.1389103243692009 0.0 0.0
