0 0.665039 0.329102 0.072266 0.085938 0.0 0.2072149167426846 0.0 0.21043587566246924 0.0 0.1768738734206316 0.0 0.1904940229918117 0.0 0.7875835491201156 0.0 0.8474493426302995 0.0
0 0.709473 0.649902 0.084961 0.088867 0.0 0.19318134916749138 0.0 0.10269047187398536 0.0 0.215821849677402 0.0 0.22907476611566588 0.0 0.23246295996696048 0.0 0.2285564914525875 0.0
0 0.411133 0.032715 0.123047 0.063477 0.22668648427476293 0.0 0.0 0.0 0.0 0.0 0.0 0.0 0.0 0.0 0.0 0.0 0.0
0 0.960938 0.591797 0.078125 0.080078 0.3650357289014869 0.0 0.0 0.0 0.0 0.0 0.0 0.0 0.0 0.0 0.0 0.0 0.0
0 0.784180 0.073730 0.121094 0.145508 0.24716848087136586 0.0 0.0 0.0 0.0 0.0 0.0 0.0 0.0 0.0 0.0 0.0 0.0
0 0.327637 0.830078 0.096680 0.123047 0.20906594134757497 0.0 0.0 0.0 0.0 0.0 0.0 0.0 0.0 0.0 0.0 0.0 0.0
0 0.882324 0.438965 0.141602 0.098633 0.27330813608460214 0.0 0.0 0.0 0.0 0.0 0.0 0.0 0.0 0.0 0.0 0.0 0.0
0 0.533691 0.568359 0.073242 0.087891 0.0 0.22185276362581322 0.0 0.09180623421546054 0.0 0.21952858764030048 0.0 0.22829878977302498 0.0 0.2563170920792669 0.0 0.23869279574484936 0.0
0 0.421387 0.516113 0.069336 0.088867 0.0 0.11694439509248912 0.0 0.051965313640230354 0.07757566190728543 0.2340404242071491 0.0 0.2876117495136946 0.2793413067685921 0.24437503755243503 0.0 0.24020879417662905 0.23302192494157498
0 0.479004 0.547363 0.071289 0.090820 0.19540573618873314 0.0 0.0 0.17521514378082398 0.0 0.0 0.0 0.24391057155707058 0.0 0.0 0.0 0.24290330380419947 0.0
0 0.377441 0.258789 0.129883 0.121094 0.10601249798433987 0.07789189787191225 0.0 0.10634718168332866 0.0 0.12703940388378684 0.0 0.12670897117449803 0.0 0.914711128065895 0.0 0.8220453647043263 0.0
0 0.098633 0.606934 0.195312 0.315430 0.0 0.0 0.18961100171074236 0.0 0.17691297180941756 0.0 0.11274258121669553 0.0 0.1149327870205218 0.0 0.2670187920812067 0.0 0.2622241710649923
0 0.025391 0.248535 0.048828 0.098633 0.0 0.027595197899130126 0.11627607045390972 0.12944062281489907 0.0 0.2089200036276542 0.38874834628511395 0.31192523233908864 0.0 0.8901523481042157 0.8756802118992943 0.9265971573319576 0.0
0 0.365723 0.911621 0.125977 0.174805 0.31370366388722004 0.0 0.0 0.0 0.0 0.0 0.0 0.0 0.0 0.0 0.0 0.0 0.0
0 0.948242 0.855469 0.101562 0.126953 0.0 0.13461480070555762 0.0 0.2075244318452861 0.0 0.1888745617800483 0.0 0.193479745422597 0.0 0.24986908993881182 0.0 0.2394748524048162 0.0
0 0.104004 0.209473 0.124023 0.124023 0.2622582776246526 0.0 0.0 0.0 0.0 0.0 0.0 0.0 0.0 0.0 0.0 0.0 0.0
0 0.533203 0.936035 0.197266 0.127930 0.43758351656553257 0.0 0.0 0.0 0.0 0.0 0.0 0.0 0.0 0.0 0.0 0.0 0.0
0 0.588867 0.591309 0.070312 0.077148 0.0 0.27286432431378727 0.0 0.10034214745522375 0.0 0.21970419322356835 0.0 0.2251249307204584 0.0 0.24224143823770466 0.0 0.22965288859635613 0.0
0 0.750488 0.452637 0.141602 0.098633 0.0 0.0 0.0 0.30194465056573316 0.0 0.0 0.0 0.07442840170412204 0.0 0.0 0.0 0.7920098355021676 0.0
0 0.246094 0.292969 0.126953 0.132812 0.0 0.10143211684714219 0.03971825430635902 0.07826753908936585 0.02637484465846152 0.20293433349836418 0.19070630278138623 0.19372684793701261 0.2125834054745786 0.9051849873394875 0.8716435700998167 0.849358001048364 0.9083543393047402
0 0.608398 0.348633 0.072266 0.085938 0.0 0.24197355927706043 0.0 0.13979309543926613 0.0 0.21942237340774381 0.0 0.22847668056018205 0.0 0.7543357060603092 0.0 0.8808522309842652 0.0
0 0.539062 0.353516 0.072266 0.085938 0.2305468206870022 0.0 0.0 0.0 0.0 0.0 0.0 0.0 0.0 0.0 0.0 0.0 0.0
0 0.476562 0.379883 0.072266 0.085938 0.28491549322306586 0.0 0.0 0.0 0.0 0.0 0.0 0.0 0.0 0.0 0.0 0.0 0.0
0 0.645508 0.620605 0.070312 0.077148 0.0 0.2842707023407082 0.0 0.14193413155259488 0.0 0.21449938266269525 0.0 0.22648300853152006 0.0 0.2428572177368767 0.0 0.22906200134215926 0.0
0 0.687988 0.929199 0.155273 0.141602 0.2947202275569807 0.0 0.0 0.0 0.0 0.0 0.0 0.0 0.0 0.0 0.0 0.0 0.0
0 0.774414 0.705078 0.058594 0.101562 0.0 0.03793761285320761 0.0 0.06095260224275144 0.0 0.18935200993771162 0.0 0.23195172803336866 0.0 0.23665859339211784 0.0 0.17089208814781942 0.0
0 0.810547 0.727539 0.058594 0.101562 0.0 0.1794649355146459 0.0 0.2325832019068074 0.0 0.09542949383856221 0.0 0.2295801872619445 0.0 0.15259050013985906 0.0 0.24273482580467234 0.0
0 0.854492 0.745117 0.058594 0.101562 0.09444638472933847 0.0 0.0 0.08302661326499158 0.0 0.0 0.0 0.23225385512272542 0.0 0.0 0.0 0.2560562749798837 0.0
0 0.894043 0.764648 0.067383 0.115234 0.0 0.16065606200256613 0.0 0.148688788119331 0.0 0.25672972785606774 0.0 0.23442998575988586 0.0 0.2257376521462029 0.0 0.2534713697143746 0.0
