0 0.737630 0.836914 0.222656 0.248047 0.21319117306422974 0.0 0.1339825808472935 0.05627952817715113 0.0 0.0 0.06786757317392408 0.06681491140063897 0.0 0.0 0.2632477520662822 0.2530656387062982 0.0
0 0.433594 0.737793 0.283854 0.333008 0.3052366018934601 0.009145269927570625 0.0 0.010185566201536912 0.0 0.08743743479851976 0.0 0.0889665237226368 0.0 0.25665838927120277 0.0 0.25441257248973004 0.0
0 0.168620 0.666016 0.207031 0.146484 0.29807639869615404 0.0 0.0 0.0 0.0 0.0 0.0 0.0 0.0 0.0 0.0 0.0 0.0
0 0.274089 0.305176 0.235677 0.112305 0.26350193742897354 0.0 0.002906229179417466 0.0 0.0 0.0 0.20476324861520737 0.0 0.0 0.0 0.2791080015287346 0.0 0.0
0 0.627604 0.087891 0.135417 0.173828 0.3239923701191577 0.0 0.0 0.0 0.0 0.0 0.0 0.0 0.0 0.0 0.0 0.0 0.0
0 0.834635 0.128418 0.330729 0.254883 0.4084252678972204 0.0 0.0008106078985557891 0.0 0.0 0.0 0.42855370515207347 0.0 0.0 0.0 0.24009807807587183 0.0 0.0
0 0.922526 0.498535 0.154948 0.118164 0.31971740187327896 0.0 0.0 0.0 0.0 0.0 0.0 0.0 0.0 0.0 0.0 0.0 0.0
0 0.158203 0.977051 0.274740 0.045898 0.0 0.1909357741663864 0.0 0.07411147391527238 0.0 0.1848199890743061 0.0 0.23725682206809098 0.0 0.3232994994302234 0.0 0.3070893368439894 0.0
0 0.492839 0.368652 0.235677 0.112305 0.20690142345300833 0.0 0.0 0.0 0.0 0.0 0.0 0.0 0.0 0.0 0.0 0.0 0.0
0 0.724609 0.439941 0.235677 0.112305 0.14022779188791862 0.0 0.0 0.0 0.0 0.0 0.0 0.0 0.0 0.0 0.0 0.0 0.0
0 0.525391 0.073242 0.136719 0.144531 0.2882603734505362 0.0 0.0 0.0 0.0 0.0 0.0 0.0 0.0 0.0 0.0 0.0 0.0
0 0.397135 0.057617 0.135417 0.113281 0.28193397431238354 0.0 0.0 0.0 0.0 0.0 0.0 0.0 0.0 0.0 0.0 0.0 0.0
0 0.291667 0.041992 0.091146 0.082031 0.2653349674146582 0.0 0.0 0.0 0.0 0.0 0.0 0.0 0.0 0.0 0.0 0.0 0.0
0 0.194010 0.029785 0.096354 0.057617 0.13689507937542106 0.0 0.0 0.0 0.0 0.0 0.0 0.0 0.0 0.0 0.0 0.0 0.0
0 0.080078 0.019531 0.110677 0.037109 0.2753244753754499 0.0 0.0 0.0 0.0 0.0 0.0 0.0 0.0 0.0 0.0 0.0 0.0
0 0.923828 0.951660 0.152344 0.096680 0.0 0.14866465985911745 0.0 0.09816558099211117 0.17534688970056966 0.09764570510478829 0.0 0.09479420004264852 0.07461943731448277 0.24838183289478594 0.0 0.26714138898637657 0.25682407172519867
