0 0.818848 0.335286 0.061523 0.115885 0.28583314395891185 0.0 0.0 0.0 0.0 0.0 0.0 0.0 0.0 0.0 0.0 0.0 0.0
0 0.813477 0.768229 0.091797 0.111979 0.0 0.195447550132079 0.0 0.23713893187973198 0.0 0.252253975443349 0.0 0.26323733296844093 0.0 0.2453335407659602 0.0 0.265644266863775 0.0
0 0.943848 0.536458 0.112305 0.132812 0.10832563427918358 0.0943014857528646 0.0 0.09951458613732554 0.0 0.17041342225749825 0.0 0.1565847868480607 0.0 0.5956723848066733 0.0 0.5956818914164412 0.0
0 0.205078 0.192057 0.074219 0.105469 0.0 0.24844326532797747 0.0 0.13206635247341492 0.0 0.215821849677402 0.0 0.22907476611566588 0.0 0.23246295996696048 0.0 0.2285564914525875 0.0
0 0.910645 0.835938 0.075195 0.104167 0.010706933012792257 0.08600985550468343 0.0 0.22824609757973 0.0 0.2676797508839562 0.0 0.2825796266096841 0.0 0.2472423509660064 0.0 0.2647338026474125 0.0
0 0.673340 0.621094 0.071289 0.119792 0.0 0.1961549729464297 0.0 0.18920799559903612 0.0 0.17859906360894867 0.0 0.18062401386663451 0.0 0.25123839108541784 0.0 0.2519126268834094 0.0
0 0.451172 0.472005 0.083984 0.131510 0.0 0.20953167229324643 0.0 0.32301753609811973 0.0 0.1888745617800483 0.0 0.193479745422597 0.0 0.24986908993881182 0.0 0.2394748524048162 0.0
0 0.755859 0.310547 0.070312 0.115885 0.29838063058567005 0.0 0.0 0.0 0.0 0.0 0.0 0.0 0.0 0.0 0.0 0.0 0.0
0 0.186523 0.597005 0.175781 0.196615 0.2699058046830605 0.0 0.0 0.0 0.0 0.0 0.0 0.0 0.0 0.0 0.0 0.0 0.0
0 0.610840 0.572917 0.073242 0.119792 0.0 0.23184460377812047 0.0 0.14327764993747574 0.0 0.17115325925328692 0.0 0.15932496915485336 0.0 0.24933944671417266 0.0 0.2618233831510793 0.0
0 0.972168 0.861328 0.055664 0.110677 0.09658500869187363 0.21115858115605626 0.0 0.29873380288300566 0.0 0.2973697277957456 0.0 0.2843052402959804 0.0 0.24159386549920103 0.0 0.248226146115381 0.0
0 0.756348 0.714844 0.086914 0.130208 0.0 0.18243444952456445 0.0 0.1967563366458421 0.0 0.2704474011963111 0.0 0.2693198689941019 0.0 0.25909189437507996 0.0 0.2586700365932662 0.0
0 0.272949 0.272786 0.057617 0.126302 0.0 0.0413647919280125 0.0 0.06645889183903006 0.0 0.18935200993771162 0.0 0.23195172803336866 0.0 0.23665859339211784 0.0 0.17089208814781942 0.0
0 0.060059 0.575521 0.118164 0.226562 0.28122418686959344 0.0 0.0 0.0 0.0 0.0 0.0 0.0 0.0 0.0 0.0 0.0 0.0
0 0.593750 0.128255 0.064453 0.115885 0.3725188326687781 0.0 0.0 0.0 0.0 0.0 0.0 0.0 0.0 0.0 0.0 0.0 0.0
0 0.307129 0.917318 0.102539 0.165365 0.02950752995765056 0.0 0.21715328688690821 0.0 0.18125240079183474 0.0 0.1707457881964168 0.0 0.16974993784326886 0.0 0.5426555701246659 0.0 0.5489795344470543
0 0.146484 0.162109 0.058594 0.102865 0.0 0.34112484280884997 0.0 0.17032095786311388 0.0 0.21449938266269525 0.0 0.22648300853152006 0.0 0.2428572177368767 0.0 0.22906200134215926 0.0
0 0.090820 0.124349 0.058594 0.102865 0.0 0.3274371891765448 0.0 0.12041057694626853 0.0 0.21970419322356835 0.0 0.2251249307204584 0.0 0.24224143823770466 0.0 0.22965288859635613 0.0
0 0.035156 0.086589 0.058594 0.102865 0.0 0.31592956845448084 0.0 0.13073672593973812 0.0 0.21952858764030048 0.0 0.22829878977302498 0.0 0.2563170920792669 0.0 0.23869279574484936 0.0
0 0.663086 0.119792 0.078125 0.114583 0.3423001296073955 0.0 0.0 0.0 0.0 0.0 0.0 0.0 0.0 0.0 0.0 0.0 0.0
0 0.312988 0.293620 0.057617 0.126302 0.0 0.1386453659945577 0.0 0.0927922894298002 0.0 0.10219741913648865 0.0 0.2360906416377871 0.0 0.2037475545493837 0.0 0.23519573888980289 0.0
0 0.355957 0.324870 0.057617 0.126302 0.10297841004911273 0.0 0.0 0.0905270079981736 0.0 0.0 0.0 0.23225385512272542 0.0 0.0 0.0 0.2560562749798837 0.0
0 0.394043 0.339844 0.073242 0.148438 0.0 0.13874127148482274 0.0 0.06715945386681832 0.0 0.2574055525247488 0.0 0.23939514420299018 0.0 0.20897409119326818 0.0 0.21569190604185925 0.0
0 0.519531 0.513021 0.087891 0.148438 0.0 0.18860093073152195 0.0 0.22565097666999925 0.0 0.19638837728806313 0.0 0.19611284213930336 0.0 0.24376492308556733 0.0 0.25650744692005834 0.0
0 0.884277 0.330078 0.061523 0.115885 0.433644085048079 0.0 0.0 0.0 0.0 0.0 0.0 0.0 0.0 0.0 0.0 0.0 0.0
0 0.489258 0.108073 0.150391 0.161458 0.22718437602846753 0.0 0.0 0.0 0.0 0.0 0.0 0.0 0.0 0.0 0.0 0.0 0.0
0 0.534180 0.966797 0.101562 0.066406 0.06296988183635217 0.0 0.2137489560160086 0.0 0.07241987165183919 0.0 0.16295430957973478 0.0 0.15326805656274622 0.0 0.524984438299392 0.0 0.6001075984981017
