0 0.844727 0.844727 0.173828 0.167969 0.0 0.06288609975376001 0.06435778421683314 0.06527838464382851 0.06590564321846418 0.1633971992134576 0.16273430348905954 0.1552179916488565 0.16277811402811304 0.10058369430659408 0.10035728365356818 0.10401755420224296 0.10041865922918715
0 0.123047 0.397949 0.146484 0.122070 0.0 0.0 0.0 0.2653936006955366 0.0 0.0 0.0 0.08704155015741671 0.0 0.0 0.0 0.40181653409046714 0.0
0 0.155762 0.034180 0.114258 0.066406 0.04397190727657792 0.0 0.10385092033568659 0.0 0.19262832214191336 0.0 0.17597903549923638 0.0 0.17345613380357486 0.0 0.588944345541834 0.0 0.5251206212023286
0 0.430664 0.354980 0.111328 0.147461 0.19868356774472004 0.0 0.20263327651291166 0.0 0.0 0.0 0.06931887770555492 0.0 0.0 0.0 0.5480265652694962 0.0 0.0
0 0.441895 0.511230 0.112305 0.165039 0.1705639634075159 0.0 0.19158387839113958 0.0 0.0 0.0 0.07231561561104397 0.0 0.0 0.0 0.5580546916975913 0.0 0.0
0 0.681641 0.024414 0.126953 0.046875 0.0 0.0 0.12364404622425357 0.0 0.15920302749146822 0.0 0.14735894758692178 0.0 0.14377378182727762 0.0 0.7197737067766571 0.0 0.7082984020790298
0 0.121582 0.269531 0.231445 0.144531 0.0 0.19062544921535077 0.0 0.17902787522111246 0.0 0.07041538958533478 0.0 0.06996084933385928 0.0 0.39631828746367703 0.0 0.40714628248180956 0.0
0 0.363281 0.158691 0.138672 0.270508 0.0 0.0 0.14746193814754371 0.0 0.14686046533562003 0.0 0.0694922035231972 0.0 0.06823248604642031 0.0 0.6375046189471628 0.0 0.6235330224035036
0 0.835449 0.292480 0.165039 0.084961 0.3569254704334668 0.0 0.0 0.0 0.0 0.0 0.0 0.0 0.0 0.0 0.0 0.0 0.0
0 0.958984 0.284180 0.082031 0.085938 0.31955814483892653 0.0 0.0 0.0 0.0 0.0 0.0 0.0 0.0 0.0 0.0 0.0 0.0
0 0.148438 0.693359 0.101562 0.113281 0.0 0.13499998549541686 0.0 0.13793107446312466 0.0 0.08126341399144654 0.0 0.07594010534037954 0.0 0.9149095071157886 0.0 0.931177026843424 0.0
0 0.275879 0.808105 0.161133 0.172852 0.32804822227937225 0.0 0.0 0.0 0.0 0.0 0.0 0.0 0.0 0.0 0.0 0.0 0.0
0 0.406250 0.908203 0.312500 0.181641 0.19556508894914912 0.0 0.0008210601621469916 0.0 0.08593825374078876 0.0 0.07669620194065416 0.0 0.12081910992047774 0.0 0.03344692916034483 0.0 0.9130676251779938
