0 0.224121 0.777832 0.124023 0.145508 0.277312648274467 0.0 0.0 0.0 0.0 0.0 0.0 0.0 0.0 0.0 0.0 0.0 0.0
0 0.616211 0.823730 0.183594 0.116211 0.0 0.143629222318518 0.033070658344124856 0.1331785653487327 0.01728019570860378 0.28810609063459036 0.2775811388445955 0.2930008266647467 0.29835536761600845 0.7479711840097097 0.7536026661255979 0.7462721567440945 0.7337056433176062
0 0.052734 0.056641 0.103516 0.111328 0.0 0.0 0.2418358274140212 0.0 0.18050792912895114 0.0 0.2759489107539063 0.0 0.32526162151051424 0.0 0.7923187206894211 0.0 0.7915163644525942
0 0.406738 0.684570 0.127930 0.173828 0.3401897084983667 0.0 0.0 0.0 0.0 0.0 0.0 0.0 0.0 0.0 0.0 0.0 0.0
0 0.206543 0.643555 0.135742 0.134766 0.38052567036624935 0.0 0.0 0.0 0.0 0.0 0.0 0.0 0.0 0.0 0.0 0.0 0.0
0 0.165039 0.509277 0.140625 0.161133 0.36043854538541936 0.0 0.0 0.0 0.0 0.0 0.0 0.0 0.0 0.0 0.0 0.0 0.0
0 0.534180 0.029785 0.099609 0.057617 0.0 0.0 0.21515262550649727 0.0 0.22298184848747238 0.0 0.2812821066091138 0.0 0.2794723054158107 0.0 0.7469256060022271 0.0 0.8029120038458252
0 0.098633 0.269043 0.171875 0.125977 0.3644290814504811 0.0 0.0 0.0 0.0 0.0 0.0 0.0 0.0 0.0 0.0 0.0 0.0
0 0.972168 0.482422 0.055664 0.130859 0.0 0.0 0.09301103715719053 0.0 0.2594709280607127 0.0 0.2890351416259906 0.0 0.27626484542816726 0.0 0.7510331299870913 0.0 0.7508870600657641
0 0.408691 0.873047 0.190430 0.136719 0.012942814670914224 0.10141880198821611 0.05487123607520249 0.08956649322370705 0.0 0.09730019400199794 0.13330243881821444 0.07833170472778168 0.0 0.7398955477900405 0.7134013869267553 0.5345474340387972 0.0
0 0.873047 0.717773 0.167969 0.111328 0.0 0.1527593380427275 0.0 0.13793051367656226 0.03223618918374315 0.28217201275893844 0.0 0.28815086538350104 0.2705327338575444 0.7573715733643984 0.0 0.7481639673622061 0.7501164629454052
0 0.971191 0.667969 0.057617 0.099609 0.0 0.20992959595351066 0.0 0.1999078144338997 0.0 0.2768132173904025 0.0 0.2886114264616562 0.0 0.7442039552274939 0.0 0.7146041364393113 0.0
0 0.337891 0.549805 0.142578 0.158203 0.33287846052203096 0.0 0.0 0.0 0.0 0.0 0.0 0.0 0.0 0.0 0.0 0.0 0.0
0 0.940430 0.377441 0.085938 0.131836 0.0 0.0 0.16628230031090635 0.0 0.1332023146703328 0.0 0.2854402928081041 0.0 0.29733708956106564 0.0 0.7466464409926507 0.0 0.7447450504001257
0 0.075195 0.160156 0.148438 0.138672 0.32939470937752746 0.0 0.0 0.0 0.0 0.0 0.0 0.0 0.0 0.0 0.0 0.0 0.0
0 0.851074 0.024902 0.192383 0.047852 0.0 0.05765279570031044 0.0 0.16872117434805967 0.038859622401752676 0.26732981876323575 0.0 0.25552883910786706 0.24845334634507737 0.747891119014439 0.0 0.7440859649727549 0.735413038828128
0 0.944824 0.959961 0.110352 0.080078 0.0 0.20346007731373278 0.0 0.10806665670892436 0.03436073763607057 0.28899508053700884 0.0 0.2845107707841676 0.2840807731876521 0.7488686708666495 0.0 0.7405791940708885 0.7390914751511338
0 0.390137 0.126465 0.098633 0.153320 0.0 0.0 0.18051842652358116 0.0 0.14055993249218515 0.0 0.27552343798581236 0.0 0.2959872880969299 0.0 0.7465875306110593 0.0 0.7459549045751074
0 0.347656 0.035645 0.085938 0.069336 0.0 0.0 0.17849900111610553 0.0 0.18997194399552447 0.0 0.2917131512637935 0.0 0.29291316265445744 0.0 0.7382393318980112 0.0 0.7554793756997176
0 0.280762 0.940918 0.137695 0.100586 0.3518295201606293 0.0 0.0 0.0 0.0 0.0 0.0 0.0 0.0 0.0 0.0 0.0 0.0
0 0.129395 0.384766 0.106445 0.123047 0.3881269716922928 0.0 0.0 0.0 0.0 0.0 0.0 0.0 0.0 0.0 0.0 0.0 0.0
0 0.282227 0.419922 0.142578 0.158203 0.3099115401728759 0.0 0.0 0.0 0.0 0.0 0.0 0.0 0.0 0.0 0.0 0.0 0.0
0 0.437988 0.255859 0.098633 0.152344 0.0 0.0 0.18974858530855582 0.0 0.19000747586280375 0.0 0.2782921383700388 0.0 0.2901770040560034 0.0 0.7468937317861004 0.0 0.7463760995739247
0 0.495605 0.391602 0.098633 0.152344 0.0 0.0 0.17778058198550808 0.0 0.18663562089902877 0.0 0.29119288855699804 0.0 0.28734314338432376 0.0 0.7474263727048752 0.0 0.7451480315611564
0 0.550293 0.524902 0.098633 0.153320 0.0 0.0 0.18923978715807857 0.0 0.18403969476835746 0.0 0.28162241160965007 0.0 0.2838071974127493 0.0 0.7462503659117806 0.0 0.7435450620539452
0 0.604004 0.650391 0.098633 0.152344 0.0 0.0 0.13249970691969873 0.04687108031697173 0.1250225639679739 0.0 0.28517731624327186 0.26485262794632525 0.2851767905892968 0.0 0.7469472539073466 0.7543657032375867 0.7400766919934126
0 0.573730 0.108887 0.098633 0.153320 0.0 0.0 0.14779286175464837 0.0 0.19030566577716093 0.0 0.2903684370269549 0.0 0.27974376401051004 0.0 0.7520760741257351 0.0 0.74941356058882
0 0.613770 0.208984 0.098633 0.152344 0.0 0.0 0.19809685661292695 0.0 0.1931070604022651 0.0 0.27941034047927354 0.0 0.27903121743878107 0.0 0.7433406673798597 0.0 0.7478946782993909
0 0.668457 0.334961 0.098633 0.152344 0.0 0.0 0.16178170604661216 0.0 0.15031895293629421 0.0 0.2908404912259807 0.0 0.2823286686639158 0.0 0.7458850836004188 0.0 0.7463976526153056
0 0.719238 0.464844 0.098633 0.152344 0.0 0.0 0.17641856184985483 0.0 0.18039728383800546 0.0 0.2837653929899212 0.0 0.2800875970391718 0.0 0.7504424893786145 0.0 0.7456838219560485
0 0.768555 0.592773 0.097656 0.117188 0.0 0.0 0.17476207668612262 0.05455747606857454 0.17142079939834065 0.0 0.2760875556328014 0.2765630509204053 0.2877620808770392 0.0 0.7450719306069811 0.7402120334575051 0.7481988493904288
0 0.896484 0.252441 0.085938 0.131836 0.0 0.03977229981141741 0.17053815662185998 0.0 0.16545944301692497 0.2762069012391837 0.2810060944252898 0.0 0.2824690681142507 0.7604102486351462 0.7444795255329686 0.0 0.7466772350253315
0 0.819336 0.147949 0.085938 0.131836 0.0 0.03162262154938581 0.12560193323675536 0.020732296186571637 0.1265582671405237 0.25314451347038913 0.2607709960085867 0.26503068821474374 0.26226483269618145 0.7493694755147929 0.7465295309213572 0.7318014144045423 0.7479069726398968
