0 0.229980 0.771484 0.112305 0.132812 0.3355234810292672 0.0 0.0 0.0 0.0 0.0 0.0 0.0 0.0 0.0 0.0 0.0 0.0
0 0.614258 0.827637 0.183594 0.116211 0.0 0.143629222318518 0.033070658344124856 0.1331785653487327 0.01728019570860378 0.28810609063459036 0.2775811388445955 0.2930008266647467 0.29835536761600845 0.7479711840097097 0.7536026661255979 0.7462721567440945 0.7337056433176062
0 0.052734 0.056641 0.103516 0.111328 0.0 0.0 0.2418358274140212 0.0 0.18050792912895114 0.0 0.2759489107539063 0.0 0.32526162151051424 0.0 0.7923187206894211 0.0 0.7915163644525942
0 0.382812 0.698242 0.164062 0.205078 0.29816096601232445 0.0 0.0 0.0 0.0 0.0 0.0 0.0 0.0 0.0 0.0 0.0 0.0
0 0.206543 0.644043 0.102539 0.133789 0.5074204663861936 0.0 0.0 0.0 0.0 0.0 0.0 0.0 0.0 0.0 0.0 0.0 0.0
0 0.169434 0.501953 0.122070 0.146484 0.4567477247124034 0.0 0.0 0.0 0.0 0.0 0.0 0.0 0.0 0.0 0.0 0.0 0.0
0 0.534180 0.029785 0.099609 0.057617 0.0 0.0 0.21515262550649727 0.0 0.22298184848747238 0.0 0.2812821066091138 0.0 0.2794723054158107 0.0 0.7469256060022271 0.0 0.8029120038458252
0 0.105957 0.269531 0.143555 0.136719 0.40204071259726537 0.0 0.0 0.0 0.0 0.0 0.0 0.0 0.0 0.0 0.0 0.0 0.0
0 0.718750 0.463867 0.101562 0.148438 0.0 0.0 0.17583823763324344 0.0 0.17980387172011728 0.0 0.2837653929899212 0.0 0.2800875970391718 0.0 0.7504424893786145 0.0 0.7456838219560485
0 0.972168 0.482422 0.055664 0.130859 0.0 0.0 0.09301103715719053 0.0 0.2594709280607127 0.0 0.2890351416259906 0.0 0.27626484542816726 0.0 0.7510331299870913 0.0 0.7508870600657641
0 0.359863 0.909668 0.250977 0.133789 0.10263275691427022 0.02869728179079321 0.0 0.027320998266287137 0.0 0.08769225720005885 0.0 0.10598462176841417 0.0 0.7441320105682364 0.0 0.7356969016692663 0.0
0 0.872559 0.716309 0.161133 0.096680 0.0 0.18336731560096728 0.0 0.165567279594125 0.03869526767767588 0.28217201275893844 0.0 0.28815086538350104 0.2705327338575444 0.7573715733643984 0.0 0.7481639673622061 0.7501164629454052
0 0.971191 0.667969 0.057617 0.099609 0.0 0.20992959595351066 0.0 0.1999078144338997 0.0 0.2768132173904025 0.0 0.2886114264616562 0.0 0.7442039552274939 0.0 0.7146041364393113 0.0
0 0.292480 0.427734 0.149414 0.144531 0.32370728440950636 0.0 0.0 0.0 0.0 0.0 0.0 0.0 0.0 0.0 0.0 0.0 0.0
0 0.556152 0.532715 0.098633 0.166992 0.0 0.0 0.1737464712503996 0.0 0.16897211741890128 0.0 0.28162241160965007 0.0 0.2838071974127493 0.0 0.7462503659117806 0.0 0.7435450620539452
0 0.943359 0.374023 0.082031 0.123047 0.0 0.0 0.1866433983081602 0.0 0.1495128021809858 0.0 0.2854402928081041 0.0 0.29733708956106564 0.0 0.7466464409926507 0.0 0.7447450504001257
0 0.073242 0.168457 0.119141 0.139648 0.4075235244299298 0.0 0.0 0.0 0.0 0.0 0.0 0.0 0.0 0.0 0.0 0.0 0.0
0 0.609863 0.199707 0.127930 0.161133 0.0 0.0 0.14964591118186074 0.0 0.1409076805352564 0.0 0.2785486425438835 0.0 0.2795273844959463 0.0 0.7451807772605042 0.0 0.7455839494121846
0 0.851074 0.024902 0.192383 0.047852 0.0 0.05765279570031044 0.0 0.16872117434805967 0.038859622401752676 0.26732981876323575 0.0 0.25552883910786706 0.24845334634507737 0.747891119014439 0.0 0.7440859649727549 0.735413038828128
0 0.944824 0.959961 0.110352 0.080078 0.0 0.20346007731373278 0.0 0.10806665670892436 0.03436073763607057 0.28899508053700884 0.0 0.2845107707841676 0.2840807731876521 0.7488686708666495 0.0 0.7405791940708885 0.7390914751511338
0 0.390137 0.144043 0.100586 0.170898 0.0 0.0 0.14985177875840677 0.0 0.18265720493661458 0.0 0.2760693058758258 0.0 0.2831041188186349 0.0 0.74697002120458 0.0 0.7474256719763834
0 0.605957 0.660645 0.110352 0.122070 0.0 0.0 0.14779931909570077 0.052283238334457104 0.139458797725975 0.0 0.28517731624327186 0.26485262794632525 0.2851767905892968 0.0 0.7469472539073466 0.7543657032375867 0.7400766919934126
0 0.667480 0.336426 0.104492 0.159180 0.0 0.0 0.14615174361965605 0.0 0.13579642351151033 0.0 0.2908404912259807 0.0 0.2823286686639158 0.0 0.7458850836004188 0.0 0.7463976526153056
0 0.347656 0.035645 0.085938 0.069336 0.0 0.0 0.17849900111610553 0.0 0.18997194399552447 0.0 0.2917131512637935 0.0 0.29291316265445744 0.0 0.7382393318980112 0.0 0.7554793756997176
0 0.129395 0.386230 0.124023 0.114258 0.35874122277555354 0.0 0.0 0.0 0.0 0.0 0.0 0.0 0.0 0.0 0.0 0.0 0.0
0 0.908203 0.251465 0.101562 0.127930 0.0 0.03468107176744266 0.14870767033673638 0.0 0.1442790797886868 0.2762069012391837 0.2810060944252898 0.0 0.2824690681142507 0.7604102486351462 0.7444795255329686 0.0 0.7466772350253315
0 0.824219 0.149902 0.078125 0.131836 0.0 0.034784883704324386 0.1381621265604309 0.022805525805228797 0.13921409385457606 0.25314451347038913 0.2607709960085867 0.26503068821474374 0.26226483269618145 0.7493694755147929 0.7465295309213572 0.7318014144045423 0.7479069726398968
0 0.768555 0.579102 0.101562 0.148438 0.0 0.0 0.13266351975161128 0.041415088108735724 0.13012712504934762 0.0 0.2760875556328014 0.2765630509204053 0.2877620808770392 0.0 0.7450719306069811 0.7402120334575051 0.7481988493904288
0 0.442871 0.262207 0.104492 0.163086 0.0 0.0 0.1673109133203652 0.0 0.16753919020058963 0.0 0.2782921383700388 0.0 0.2901770040560034 0.0 0.7468937317861004 0.0 0.7463760995739247
0 0.498535 0.395020 0.104492 0.163086 0.0 0.0 0.15675812019495583 0.0 0.16456605534081917 0.0 0.29119288855699804 0.0 0.28734314338432376 0.0 0.7474263727048752 0.0 0.7451480315611564
0 0.332031 0.547363 0.136719 0.161133 0.3408329587994406 0.0 0.0 0.0 0.0 0.0 0.0 0.0 0.0 0.0 0.0 0.0 0.0
