0 0.493164 0.558594 0.101562 0.208333 0.0 0.0 0.18789264847162312 0.0 0.2199305250120971 0.0 0.18175797138991656 0.0 0.17541338904706627 0.0 0.5437543198891487 0.0 0.5436688346943969
0 0.396973 0.279297 0.122070 0.209635 0.0 0.0 0.16117265001897846 0.0 0.18295455106284064 0.0 0.15732378544477302 0.0 0.15791851073991772 0.0 0.5482433953165226 0.0 0.5414385502574154
0 0.785156 0.475911 0.113281 0.214844 0.0 0.0 0.12248829341210941 0.0 0.18593142058533108 0.0 0.1482034455531589 0.0 0.14679490077957846 0.0 0.7150328155555081 0.0 0.717977962725962
0 0.125977 0.715495 0.111328 0.204427 0.0 0.0 0.17659099166510217 0.0 0.18932041318972048 0.0 0.1752120183311946 0.0 0.17616524653952784 0.0 0.5468259033907725 0.0 0.5424483557807065
0 0.452148 0.770833 0.111328 0.200521 0.0 0.0 0.20468040279240923 0.0 0.19595469880104482 0.0 0.18453274875934603 0.0 0.17983464018124065 0.0 0.5254110120721808 0.0 0.5429405847468922
0 0.044922 0.070312 0.087891 0.138021 0.0 0.0 0.24768953112519684 0.0 0.21556358185260022 0.0 0.15741032060624793 0.0 0.15637972584418514 0.0 0.5510760218041214 0.0 0.5428819969020114
0 0.627441 0.936849 0.159180 0.126302 0.3207081810345075 0.0 0.0 0.0 0.0 0.0 0.0 0.0 0.0 0.0 0.0 0.0 0.0
0 0.712402 0.131510 0.124023 0.148438 0.0 0.11133002548250352 0.0 0.19571222725372028 0.0 0.2806754867030893 0.0 0.24288627002534827 0.0 0.2525292209475595 0.0 0.2506287031014286 0.0
0 0.930176 0.926432 0.100586 0.147135 0.0 0.0 0.24345536355191585 0.0 0.15649543244237696 0.0 0.1330874072437134 0.0 0.14535491078824261 0.0 0.7481056160450854 0.0 0.7219243259092423
0 0.163574 0.499349 0.102539 0.201823 0.0 0.0 0.19342686825416455 0.0 0.22018698644858772 0.0 0.17482693017340709 0.0 0.17553106493197387 0.0 0.5472990600023383 0.0 0.5414339967979689
0 0.081543 0.911458 0.118164 0.169271 0.0 0.0 0.1962496507750916 0.0 0.20678773680289345 0.0 0.17896188226212584 0.0 0.1793407814288912 0.0 0.5470709127113121 0.0 0.5471408475224867
0 0.838867 0.615234 0.113281 0.214844 0.0 0.0 0.13529300737191746 0.0 0.14797326903306846 0.0 0.14693059850496476 0.0 0.14441344222514882 0.0 0.7158821116333038 0.0 0.720506226855566
0 0.879883 0.815755 0.113281 0.214844 0.0 0.0 0.11433474643944251 0.0 0.15043489354741962 0.0 0.14653378799432465 0.0 0.14307820267576915 0.0 0.7160397372211494 0.0 0.7141356335257042
0 0.865723 0.091146 0.098633 0.130208 0.0 0.183609254343572 0.0 0.12915893016611643 0.0 0.1222493551350739 0.0 0.13026260253807126 0.0 0.7135471064838362 0.0 0.7232292993232035 0.0
0 0.966797 0.056641 0.066406 0.110677 0.0 0.21012679919365254 0.0 0.07615090298339647 0.0 0.12405736921046952 0.0 0.13959664860410306 0.0 0.7088199325592706 0.0 0.7512776988228337 0.0
0 0.602539 0.036458 0.119141 0.070312 0.14608114044173198 0.0 0.0 0.21310708876887383 0.0 0.0 0.0 0.25658077809748275 0.0 0.0 0.0 0.24704763491959056 0.0
0 0.410156 0.938802 0.111328 0.122396 0.0 0.0 0.20637908386805068 0.0 0.14361457504475456 0.0 0.17378254515097963 0.0 0.17769931815684264 0.0 0.5409297046442637 0.0 0.5474735536260571
