0 0.369141 0.124023 0.083984 0.115234 0.0 0.0 0.18359883356636306 0.0 0.13562012148612268 0.0 0.21682235502222386 0.0 0.21440184886608807 0.0 0.33895954524222704 0.0 0.3469193428208262
0 0.331055 0.234375 0.080078 0.111328 0.0 0.0 0.17778261665980175 0.0 0.17264675462526066 0.0 0.21851484521004935 0.0 0.21991357779661383 0.0 0.3397590947755677 0.0 0.34108767413266206
0 0.280273 0.443848 0.085938 0.102539 0.0 0.0 0.16116307158460286 0.0 0.12802100092865637 0.0 0.21725383655588545 0.0 0.21421514030988553 0.0 0.341417540597038 0.0 0.3637903397605938
0 0.305176 0.346191 0.079102 0.112305 0.0 0.0 0.17662548848084136 0.0 0.210601565200019 0.0 0.22100563154894576 0.0 0.21327979049807727 0.0 0.3404491949120796 0.0 0.34982719979788535
0 0.876465 0.895020 0.143555 0.118164 0.0 0.0 0.0 0.27976218659927543 0.0 0.0 0.0 0.08704155015741671 0.0 0.0 0.0 0.40181653409046714 0.0
0 0.097168 0.770508 0.165039 0.140625 0.36071743831511166 0.0 0.0 0.0 0.0 0.0 0.0 0.0 0.0 0.0 0.0 0.0 0.0
0 0.581055 0.441406 0.115234 0.144531 0.0 0.0 0.1796731831813875 0.0 0.19755816232913737 0.0 0.17898964601471146 0.0 0.17967379898377212 0.0 0.5474895653619386 0.0 0.545617259991629
0 0.626465 0.284668 0.110352 0.153320 0.0 0.0 0.1781537438037314 0.0 0.19099581507635519 0.0 0.1752120183311946 0.0 0.17616524653952784 0.0 0.5468259033907725 0.0 0.5424483557807065
0 0.191406 0.126465 0.187500 0.108398 0.0 0.14728486774622143 0.0 0.14319684461475335 0.0 0.25932704424287195 0.0 0.2673490177684959 0.0 0.3443266382817828 0.0 0.32769293081779827 0.0
0 0.666016 0.125000 0.119141 0.160156 0.0 0.0 0.1573381787703183 0.0 0.17910551801533214 0.0 0.17482693017340709 0.0 0.17553106493197387 0.0 0.5472990600023383 0.0 0.5414339967979689
0 0.947754 0.323730 0.104492 0.145508 0.0 0.0 0.22538851856134584 0.0 0.21578000954344495 0.0 0.18453274875934603 0.0 0.17983464018124065 0.0 0.5254110120721808 0.0 0.5429405847468922
0 0.913574 0.488281 0.116211 0.152344 0.0 0.0 0.18008829991200692 0.0 0.19291459049466736 0.0 0.17550388361375263 0.0 0.17202352427339884 0.0 0.5442925719980541 0.0 0.5426100035910635
0 0.404297 0.769043 0.226562 0.202148 0.15503820298868182 0.0 0.0 0.08737420226545667 0.0 0.0 0.0 0.07002731252505838 0.0 0.0 0.0 0.9127709910060077 0.0
0 0.906250 0.022949 0.101562 0.043945 0.0802211981834744 0.0 0.12376684727218612 0.0 0.21544052481727402 0.0 0.15685120683635545 0.0 0.15939405418422267 0.0 0.5704745653887348 0.0 0.5357228961779672
0 0.961914 0.193359 0.076172 0.121094 0.0 0.0 0.042173896509994285 0.0 0.3406279225832282 0.0 0.1847683040747769 0.0 0.17708431978840666 0.0 0.5561507346199205 0.0 0.5415403959670395
0 0.871582 0.770508 0.229492 0.140625 0.0 0.1975880099491029 0.0 0.1855668366210325 0.0 0.07041538958533478 0.0 0.06996084933385928 0.0 0.39631828746367703 0.0 0.40714628248180956 0.0
0 0.742676 0.292480 0.069336 0.131836 0.41107268346202536 0.0 0.0 0.0 0.0 0.0 0.0 0.0 0.0 0.0 0.0 0.0 0.0
0 0.542480 0.567871 0.108398 0.081055 0.04599524916777114 0.0 0.23272774916986977 0.0 0.17841240400839445 0.0 0.18494889212475146 0.0 0.1831396364836483 0.0 0.543617550094206 0.0 0.539154990344908
0 0.238770 0.523438 0.081055 0.070312 0.0 0.0 0.09441373384488515 0.0 0.20930720940826852 0.0 0.21794971587046294 0.0 0.20780388321106152 0.0 0.3404741130912213 0.0 0.35949183256127304
0 0.046875 0.084473 0.091797 0.092773 0.0 0.14461973220099436 0.0 0.17674912272603172 0.0 0.26059705816198436 0.0 0.2689910983272364 0.0 0.23220280565057372 0.0 0.24365788792550422 0.0
0 0.058105 0.438477 0.114258 0.279297 0.31782508198037973 0.0 0.0 0.0 0.0 0.0 0.0 0.0 0.0 0.0 0.0 0.0 0.0
