0 0.898926 0.343099 0.141602 0.121094 0.0 0.24382144497423996 0.0 0.13544103868716303 0.0 0.27914224319573133 0.0 0.3007715539519486 0.0 0.29697037801918275 0.0 0.27300334034851925 0.0
0 0.342773 0.434245 0.128906 0.157552 0.0 0.06376270622299603 0.04183220285113791 0.1593435994236086 0.07224902831867086 0.3177179482304076 0.32234539721784394 0.32070381700311423 0.3253258696548693 0.16948762931958034 0.1552345903220176 0.1728037822055152 0.16866651654388093
0 0.900879 0.972005 0.125977 0.055990 0.0 0.08118214015057629 0.07455842037068873 0.0 0.19648132870363483 0.3348474595444551 0.3497711227584194 0.0 0.347532681273275 0.15309783141320946 0.14353709451296734 0.0 0.14158530389183183
0 0.071289 0.613281 0.091797 0.104167 0.02342475708306729 0.09107110838681191 0.0 0.02715235087840057 0.11818919373277742 0.3048090880702572 0.0 0.17353931308086157 0.28690987237275517 0.1877922235419031 0.0 0.47546282114315724 0.17773776667156557
0 0.133301 0.209635 0.102539 0.119792 0.0 0.1881743280181373 0.0 0.19282476429076942 0.0 0.2812906255758386 0.0 0.27438333224829736 0.0 0.8882228955546779 0.0 0.8846312987610424 0.0
0 0.783691 0.300781 0.094727 0.106771 0.18300246220658858 0.29182322665774885 0.0 0.0 0.0 0.29315584520436094 0.0 0.0 0.0 0.2891632441248859 0.0 0.0 0.0
0 0.649414 0.587891 0.091797 0.110677 0.0 0.09365433772329017 0.0 0.10393478419232331 0.0 0.2978479777822774 0.0 0.32291757371038166 0.0 0.17310793306063266 0.0 0.16754225981488213 0.0
0 0.448242 0.507161 0.087891 0.110677 0.0 0.2166405264093463 0.0 0.16672977870020259 0.0 0.3206377033416942 0.0 0.31181958784176916 0.0 0.17433428480517907 0.0 0.15938473721616334 0.0
0 0.701172 0.266927 0.076172 0.117188 0.0 0.25504470415771086 0.0 0.20462734126541055 0.0 0.28667308755422277 0.0 0.2963932576458672 0.0 0.28762015260939855 0.0 0.2829710907502633 0.0
0 0.715332 0.635417 0.073242 0.091146 0.0 0.1612702441740471 0.04205808105398113 0.21868690187312567 0.0 0.35788257078078234 0.3498498845210726 0.27537477225196255 0.0 0.1916282945590854 0.17831019470542817 0.1694000823672503 0.0
0 0.047852 0.294271 0.091797 0.145833 0.0 0.14375019988871038 0.009127027550090311 0.1577927456042759 0.0 0.2573177107095006 0.17550011972326054 0.2317914804579523 0.0 0.5332083337954313 0.9823379415755178 0.6487104850710912 0.0
0 0.630859 0.253906 0.078125 0.127604 0.0 0.2281144670002651 0.0 0.05557746745959022 0.0 0.34703497824485335 0.0 0.308507927043709 0.0 0.29267703749919144 0.0 0.2939881126690651 0.0
0 0.041016 0.725911 0.080078 0.126302 0.05634112772031249 0.024886766303084895 0.109460901547123 0.02353860409674494 0.21715777043497583 0.342987254024776 0.3203330662350165 0.37164926431517203 0.32105014715844643 0.17813882273029177 0.15139655524540546 0.1944821955032094 0.20256550430456205
0 0.941406 0.888021 0.117188 0.156250 0.0 0.03265277709543588 0.09832507493520828 0.027261188166688984 0.12706997311725107 0.3397116088131614 0.3591237635649881 0.32834522642340597 0.34984875238805296 0.14586867200405243 0.1465289450424052 0.12369214177943712 0.12925286834827576
0 0.875000 0.070312 0.125000 0.132812 0.0 0.14013698958058984 0.0 0.1618328447166382 0.0 0.2852481836517901 0.0 0.29049484422484617 0.0 0.2822598201487725 0.0 0.2947069494551518 0.0
0 0.975098 0.401693 0.049805 0.113281 0.0 0.2587347666570375 0.0 0.05038274303978228 0.0 0.3110721249860145 0.0 0.35627720915078354 0.0 0.29501107307371216 0.0 0.33094998224799055 0.0
0 0.367676 0.287760 0.106445 0.127604 0.0 0.014879493260751272 0.13796279200435618 0.0 0.2158652795621991 0.36689403868692294 0.31034623470493977 0.0 0.3100398964710502 0.2865357462421729 0.17183449138182896 0.0 0.17449691780138543
0 0.569824 0.541667 0.088867 0.085938 0.0 0.40929334765652775 0.0 0.30054071367297785 0.0 0.31264330842878885 0.0 0.30401165708652345 0.0 0.23341971768769776 0.0 0.11719131950940051 0.0
0 0.610840 0.977214 0.100586 0.045573 0.0 0.0 0.1923996540730131 0.0 0.22931473253282794 0.0 0.334225594271983 0.0 0.3452757090652201 0.0 0.18386108944389815 0.0 0.15434027065076983
0 0.560059 0.227214 0.059570 0.115885 0.0 0.27903636106105917 0.0 0.13543907660064544 0.0 0.33703442704787123 0.0 0.26381186041962446 0.0 0.27686781647918657 0.0 0.27533220718252127 0.0
0 0.265137 0.104818 0.147461 0.207031 0.2172510627399129 0.015086138024392601 0.0 0.021017308171003998 0.0 0.3145400061595154 0.0 0.2917488340490058 0.0 0.2448792614578357 0.0 0.20677608066328773 0.0
0 0.193359 0.037109 0.089844 0.071615 0.0 0.1148024959265085 0.0 0.37418210739072805 0.0 0.331619008896663 0.0 0.29751005895139954 0.0 0.1864502522583079 0.0 0.21153550825893414 0.0
0 0.360352 0.798828 0.292969 0.345052 0.3014987502113182 0.0 0.0 0.0 0.0 0.0 0.0 0.0 0.0 0.0 0.0 0.0 0.0
0 0.460938 0.185547 0.150391 0.128906 0.04037748305335923 0.10226055215311772 0.0 0.037513949808434525 0.059552631692627485 0.27467675117636037 0.0 0.3701234741089304 0.2325216236989295 0.27221102845065337 0.0 0.29106524437168246 0.2020582603885243
0 0.645996 0.906250 0.102539 0.111979 0.0 0.058601837793688424 0.09462937023021441 0.0 0.15642375256502322 0.3356455526544471 0.36245914770456844 0.0 0.36167884441512715 0.17112626750943968 0.12681390756712668 0.0 0.22174847004349657
0 0.741211 0.788411 0.123047 0.154948 0.0 0.0 0.1337076247036869 0.0 0.1915110924954909 0.0 0.20786894646134885 0.0 0.41439175169009423 0.0 0.1852876915089452 0.0 0.1696327606384655
0 0.792969 0.656901 0.123047 0.154948 0.02254137128764839 0.07389650452165536 0.10335457720589947 0.0 0.14400866608705 0.30616274477818256 0.21000422411227243 0.0 0.3813953401321534 0.1617386278412018 0.17259603204766402 0.0 0.1752714594877553
0 0.030762 0.897786 0.059570 0.175781 0.0 0.026214997575149 0.058023373846068343 0.031731553046296615 0.07091931637941357 0.28634658880927755 0.32298020238346564 0.28965016427579704 0.315989092275118 0.20033086625357094 0.2025874687953103 0.17558428952210486 0.1655071664378235
0 0.101074 0.951823 0.102539 0.096354 0.2184747871258584 0.08797874634379726 0.0 0.05547496098056936 0.0 0.2004344576068051 0.0 0.20130411011467178 0.0 0.19026673429353877 0.0 0.1646543040518193 0.0
