0 0.500651 0.895020 0.188802 0.118164 0.0 0.0 0.0 0.28362097537995506 0.0 0.0 0.0 0.08704155015741671 0.0 0.0 0.0 0.40181653409046714 0.0
0 0.654948 0.170898 0.161458 0.156250 0.0 0.0 0.15758738258910326 0.0 0.18445785968756528 0.0 0.18175797138991656 0.0 0.17541338904706627 0.0 0.5437543198891487 0.0 0.5436688346943969
0 0.601562 0.327148 0.148438 0.150391 0.0 0.0 0.20468040279240923 0.0 0.19595469880104482 0.0 0.18453274875934603 0.0 0.17983464018124065 0.0 0.5254110120721808 0.0 0.5429405847468922
0 0.550781 0.486328 0.156250 0.156250 0.0 0.0 0.1741228749774217 0.0 0.18652429468453152 0.0 0.17550388361375263 0.0 0.17202352427339884 0.0 0.5442925719980541 0.0 0.5426100035910635
0 0.108724 0.441406 0.149740 0.146484 0.0 0.0 0.1819021722365073 0.0 0.2000090288067278 0.0 0.17898964601471146 0.0 0.17967379898377212 0.0 0.5474895653619386 0.0 0.545617259991629
0 0.905599 0.852051 0.136719 0.143555 0.22158334532929128 0.0 0.22598828778058058 0.0 0.0 0.0 0.06931887770555492 0.0 0.0 0.0 0.5480265652694962 0.0 0.0
0 0.541016 0.022949 0.128906 0.043945 0.08427277384930643 0.0 0.13001769814451875 0.0 0.22632135940400502 0.0 0.15685120683635545 0.0 0.15939405418422267 0.0 0.5704745653887348 0.0 0.5357228961779672
0 0.168620 0.284668 0.149740 0.153320 0.0 0.0 0.175055417824536 0.0 0.18767414872720115 0.0 0.1752120183311946 0.0 0.17616524653952784 0.0 0.5468259033907725 0.0 0.5424483557807065
0 0.817057 0.663086 0.160156 0.263672 0.0 0.0 0.17465425700377854 0.0 0.17394187122888521 0.0 0.0694922035231972 0.0 0.06823248604642031 0.0 0.6375046189471628 0.0 0.6235330224035036
0 0.220052 0.125488 0.164062 0.161133 0.0 0.0 0.1514200231282601 0.0 0.1723686005026823 0.0 0.17482693017340709 0.0 0.17553106493197387 0.0 0.5472990600023383 0.0 0.5414339967979689
0 0.486979 0.775879 0.304688 0.139648 0.0 0.1998200423369088 0.0 0.1876630730756004 0.0 0.07041538958533478 0.0 0.06996084933385928 0.0 0.39631828746367703 0.0 0.40714628248180956 0.0
0 0.835286 0.447266 0.201823 0.089844 0.3555902559843337 0.0 0.0 0.0 0.0 0.0 0.0 0.0 0.0 0.0 0.0 0.0 0.0
0 0.065755 0.562012 0.128906 0.079102 0.03574736649531263 0.0 0.2086732795787956 0.0 0.11329634124439446 0.0 0.18311235133149534 0.0 0.18312091730011879 0.0 0.5419873926395486 0.0 0.5437245386816278
0 0.926432 0.961914 0.147135 0.076172 0.17867893700966997 0.0 0.18574646630499209 0.0 0.0 0.0 0.0701084307466139 0.0 0.0 0.0 0.5651900053392135 0.0 0.0
0 0.069661 0.783691 0.136719 0.196289 0.3286516991144856 0.0 0.0 0.0 0.0 0.0 0.0 0.0 0.0 0.0 0.0 0.0 0.0
