0 0.792318 0.299479 0.180990 0.182292 0.31241601038229755 0.0 0.0 0.0 0.0 0.0 0.0 0.0 0.0 0.0 0.0 0.0 0.0
0 0.934896 0.318359 0.130208 0.131510 0.0 0.1782893184184212 0.0 0.1638305027883364 0.06342559019894665 0.3150617002474 0.0 0.3157015433874184 0.3276501193385052 0.6159087174976055 0.0 0.6112544191601071 0.6170496550613459
0 0.701172 0.115885 0.170573 0.226562 0.0 0.011690187069648071 0.1330501678317813 0.03730281642926181 0.1299935120230883 0.28527480943720523 0.2740885508434551 0.19014757870718563 0.2825383596969535 0.7460895427843621 0.746180413391031 0.6023452721887237 0.7457566773071954
0 0.526693 0.444661 0.149740 0.217448 0.0 0.04615874063689362 0.13351774225017984 0.031089957454279324 0.12113393231187973 0.2749161807442322 0.29213747954609465 0.27562891212207774 0.29313065453313153 0.7416408129049604 0.7446015392733918 0.7487316319732246 0.7467705809439884
0 0.401693 0.636068 0.313802 0.342448 0.089853612088046 0.017432787853632642 0.054155331110599635 0.02986042342462771 0.057928630541610474 0.2709698132721109 0.3193936336553903 0.11896036242258534 0.3304163616384658 0.6467759027050893 0.7412421767059049 0.6953928360435667 0.8549855750085542
0 0.758464 0.719401 0.220052 0.217448 0.023433319034347214 0.019503669047721665 0.003391302992687022 0.013631432955796307 0.0 0.2612540036472234 0.23790895289529743 0.3334751770424477 0.0 0.758005970024232 0.7405759396130726 0.7497471293208245 0.0
0 0.114583 0.919271 0.216146 0.158854 0.20346488345997724 0.0 0.0 0.0 0.0 0.0 0.0 0.0 0.0 0.0 0.0 0.0 0.0
0 0.935547 0.757812 0.128906 0.244792 0.08453811681746123 0.0 0.0 0.0 0.008700690262500572 0.0 0.0 0.0 0.29681508890714264 0.0 0.0 0.0 0.5946102069081307
0 0.274740 0.157552 0.226562 0.145833 0.0 0.10002986862842667 0.03431980905141871 0.12182460343302551 0.016467426274627748 0.29621985333330136 0.2753749321471605 0.2922610699404299 0.3130103391608101 0.7484136284859451 0.7456792672334291 0.7433937632458689 0.7405977595360939
0 0.305990 0.391276 0.296875 0.214844 0.0 0.12104976692740134 0.030041609723574548 0.11999535705334448 0.0 0.3118122479567569 0.27024948306743224 0.3104283830353598 0.0 0.8008486871801698 0.73477621728859 0.7113478058070124 0.0
0 0.076172 0.719401 0.149740 0.272135 0.27026529208854205 0.0 0.0 0.0 0.0 0.0 0.0 0.0 0.0 0.0 0.0 0.0 0.0
0 0.352214 0.041016 0.134115 0.079427 0.0 0.0 0.11539490665545635 0.10713601304976988 0.15944635140847221 0.0 0.288486123137414 0.28940626147540993 0.2849301592398343 0.0 0.7461730519649257 0.7409322389599873 0.7422005772613236
0 0.083984 0.477214 0.147135 0.136719 0.0 0.17170061576791185 0.0 0.1383088217220939 0.06255227973501683 0.3227506025958825 0.0 0.32580054411427317 0.3310639672176861 0.7502699980113637 0.0 0.7439525486109668 0.7587668216382355
