0 0.534668 0.333333 0.084961 0.166667 0.0 0.0 0.19130475607618436 0.07006732026553189 0.1331714324916337 0.0 0.2756855316401617 0.2644144596111071 0.2816070764417024 0.0 0.7511666222398696 0.7351224800519743 0.7436025874249547
0 0.689453 0.198568 0.093750 0.149740 0.0 0.0 0.17653714932213482 0.0 0.18141107203383097 0.0 0.3237621703664072 0.0 0.3299416124112438 0.0 0.7455308244554675 0.0 0.7403401855133938
0 0.499023 0.199870 0.082031 0.121094 0.0 0.0 0.24186402066027995 0.0 0.21226155350485634 0.0 0.3226439873761391 0.0 0.346292843957611 0.0 0.7789823968800174 0.0 0.756263481416435
0 0.748535 0.338542 0.131836 0.158854 0.006348697487893989 0.08851323927239858 0.0492474828293171 0.1330667661154487 0.10855558881347412 0.32804035518689734 0.32038595199701025 0.3235587074573003 0.3064218366522151 0.7465526666166813 0.760704393260614 0.7506921239379911 0.7392150630484889
0 0.905273 0.748698 0.097656 0.161458 0.02636897289812725 0.011590454398756394 0.21194635153833236 0.0 0.14659479824980545 0.2768759060633378 0.3068526186445228 0.0 0.31595339367020625 0.7564979921695537 0.749213188137246 0.0 0.7335146964869586
0 0.490234 0.470052 0.123047 0.119792 0.0 0.14276063581491286 0.056453468884410093 0.17108731469537788 0.0 0.28042631940781987 0.269033013300276 0.27814349234005886 0.0 0.7463163050648065 0.7560449330725697 0.7464547504679059 0.0
0 0.845703 0.587240 0.171875 0.161458 0.010629180138062902 0.09007633191804036 0.08989123307937834 0.05260593288314308 0.04382144621287077 0.3177093752699636 0.35521049536884214 0.32720235677627413 0.3948390217310137 0.7453909662142514 0.7446468461948863 0.7359229782227001 0.7469767925277357
0 0.876465 0.288411 0.129883 0.144531 0.0 0.08918165990390059 0.09813468847639689 0.1438317154632908 0.052332656574486665 0.30389695776948666 0.25227406213988063 0.27164445191082154 0.27587676853634624 0.7425137097546977 0.7389023296300196 0.7310430357336979 0.7282468140167772
0 0.465820 0.088542 0.074219 0.106771 0.0 0.0 0.20309022668758447 0.0 0.23300934898483863 0.0 0.34123227168179926 0.0 0.31527183989626095 0.0 0.7465292273573941 0.0 0.7394760906923962
0 0.751953 0.747396 0.117188 0.143229 0.0 0.11634913322474545 0.03835880335487373 0.14523179010849271 0.0 0.2809124530416218 0.28662260452270877 0.2753923114770894 0.0 0.7443404831199034 0.7557517282296993 0.7483349497644288 0.0
0 0.851074 0.143229 0.096680 0.140625 0.0 0.0 0.17042393490767951 0.0 0.13335064913838554 0.0 0.3211504252118447 0.0 0.3417948309064195 0.0 0.7434831337422976 0.0 0.713209448119153
0 0.184082 0.150391 0.077148 0.113281 0.05042523638540954 0.15129367188694862 0.0 0.1895262310238255 0.0 0.32274591345283205 0.0 0.31443813200331255 0.0 0.7451324056086709 0.0 0.7391783975086907 0.0
0 0.941406 0.898438 0.093750 0.148438 0.03012398748442977 0.0 0.18282840741869077 0.0657735165491778 0.1462600232406759 0.0 0.3044900908035635 0.31690711648599623 0.32317009151925125 0.0 0.7452636881679292 0.7494431859027587 0.744575020986504
0 0.172363 0.850260 0.127930 0.226562 0.4440127481429733 0.0 0.0 0.0 0.0 0.0 0.0 0.0 0.0 0.0 0.0 0.0 0.0
0 0.630371 0.073568 0.104492 0.144531 0.0 0.010365872844732263 0.1893665460512402 0.0 0.2331065508909744 0.13426144071725307 0.25851185437390006 0.0 0.26649436099213425 0.16736245382180878 0.8496751773263601 0.0 0.746632914686717
0 0.117188 0.210286 0.099609 0.134115 0.1234267505879412 0.11022546529267821 0.0 0.12100489050104163 0.0 0.16962172268106246 0.0 0.16747103665847837 0.0 0.7326957694949393 0.0 0.7514769126736256 0.0
0 0.246582 0.115885 0.081055 0.153646 0.0 0.17925149737431595 0.0 0.1409947996393252 0.0 0.31421104285512746 0.0 0.3298212831169741 0.0 0.743616483067882 0.0 0.7275058573635891 0.0
0 0.318848 0.059896 0.086914 0.117188 0.0 0.14753684290167762 0.0 0.20938435218048698 0.0 0.21694375707657126 0.0 0.16831632310787495 0.0 0.7414551076505268 0.0 0.762946545782865 0.0
0 0.421387 0.033854 0.127930 0.065104 0.0 0.059130108983269765 0.040430847429153954 0.15535761074038407 0.0 0.33176209629174497 0.2807620819651229 0.33498449516926004 0.0 0.7474139164644276 0.7708762714548031 0.7546176973188149 0.0
0 0.375977 0.527344 0.123047 0.119792 0.0 0.15993759496635548 0.0 0.18823578923487858 0.04681326408753949 0.28862849360507686 0.0 0.27933684090817107 0.2625022454462411 0.7480129240546377 0.0 0.7434898412401941 0.7395961309655091
0 0.329102 0.696615 0.105469 0.208333 0.0 0.037374314952883764 0.16371110219976862 0.0 0.1671500505647765 0.2698895845958692 0.28023643046613267 0.0 0.28461461221039197 0.7518369951889462 0.7482182652049106 0.0 0.7460693481892002
0 0.390625 0.878906 0.105469 0.208333 0.0 0.0 0.17728338695575255 0.0 0.18415178456373382 0.0 0.2921254862096714 0.0 0.2880817915481808 0.0 0.748094403151198 0.0 0.7468331151203892
0 0.634277 0.792318 0.125977 0.149740 0.0 0.15661708484248982 0.0 0.12528496033547226 0.03911929746488059 0.28127012640440213 0.0 0.29016631473007387 0.2745712828321529 0.7475973449891378 0.0 0.7448385759282992 0.7464346874188051
0 0.599609 0.929688 0.097656 0.140625 0.0 0.06179344293559967 0.18898684505352628 0.0 0.1311719423702324 0.2705100075474841 0.2760358001703574 0.0 0.2806350255354881 0.7364536636852896 0.75291632697775 0.0 0.7432767115105545
0 0.816406 0.039062 0.087891 0.075521 0.0 0.0 0.22717883817690718 0.0 0.15330087508899737 0.0 0.3178525340385312 0.0 0.3268184801002487 0.0 0.7352673268626617 0.0 0.7365098154268506
0 0.191406 0.368490 0.130859 0.101562 0.0 0.2841791223108525 0.0 0.19473106564162287 0.0 0.2559895169820071 0.0 0.2614488331826469 0.0 0.7313306498121065 0.0 0.748808813110846 0.0
0 0.198730 0.464844 0.151367 0.132812 0.0 0.14568110065472273 0.0 0.22334161844923633 0.0 0.3003961934150135 0.0 0.20728125781241538 0.0 0.7359793449929277 0.0 0.7980654812203005 0.0
