0 0.522786 0.509766 0.154948 0.089844 0.0 0.198379445337935 0.0 0.20794400358903525 0.0 0.23162320800338998 0.0 0.2454188685456004 0.0 0.5865756353060871 0.0 0.590772503223017 0.0
0 0.384115 0.522461 0.135417 0.085938 0.0 0.23266524936910002 0.0 0.2395939176370133 0.0 0.22924691194331684 0.0 0.23752335397376936 0.0 0.5870810693046682 0.0 0.5929590744493105 0.0
0 0.737630 0.079102 0.149740 0.156250 0.36195906532243804 0.0 0.0 0.0 0.0 0.0 0.0 0.0 0.0 0.0 0.0 0.0 0.0
0 0.638672 0.238281 0.157552 0.169922 0.3035645748451059 0.0 0.0 0.0 0.0 0.0 0.0 0.0 0.0 0.0 0.0 0.0 0.0
0 0.046875 0.540039 0.091146 0.101562 0.0 0.0 0.24007369830398306 0.0 0.17352500172477445 0.0 0.2397826275410282 0.0 0.2420922626355725 0.0 0.946585885547517 0.0 0.9526745261370637
0 0.436849 0.814941 0.188802 0.083008 0.030376215284920884 0.07910052780730227 0.0 0.1920305098246099 0.0 0.09363691508472814 0.0 0.07292933097044915 0.0 0.5976670837249778 0.0 0.5869999620714471 0.0
0 0.310547 0.971680 0.170573 0.056641 0.0 0.25178349873564554 0.0 0.11282380065639903 0.0 0.21154243413193163 0.0 0.21431784299964676 0.0 0.3059811887445656 0.0 0.22598849210664423 0.0
0 0.799479 0.769531 0.192708 0.072266 0.03721974653173426 0.09209470082171861 0.0 0.2183291750814617 0.0 0.10045720425293497 0.0 0.07704304160290677 0.0 0.5786122505347973 0.0 0.5966106453615813 0.0
0 0.262370 0.102539 0.516927 0.203125 0.2352215176080282 0.0 0.011311548503349584 0.0 0.030422226227090444 0.0 0.12279986420312393 0.0 0.12755709365305468 0.0 0.2617655251253988 0.0 0.2634843721819375
0 0.242188 0.537109 0.135417 0.085938 0.0 0.20528870453759884 0.0 0.2105497788003925 0.0 0.23386362162674768 0.0 0.24531904721941425 0.0 0.5891494782583202 0.0 0.5876623386389567 0.0
0 0.240234 0.827637 0.188802 0.083008 0.28899332668069794 0.0 0.0 0.0 0.0 0.0 0.0 0.0 0.0 0.0 0.0 0.0 0.0
0 0.613932 0.803223 0.188802 0.083008 0.029812581447081744 0.08472956024991585 0.0 0.1931703489566694 0.0 0.09508570824657349 0.0 0.07276517907291774 0.0 0.585950071658966 0.0 0.5862723940165668 0.0
0 0.948568 0.565918 0.102865 0.077148 0.0 0.14835534150108612 0.0 0.1786376332144434 0.0 0.26252504482867484 0.0 0.26862878224378084 0.0 0.4331581462028909 0.0 0.44031922113371835 0.0
0 0.133464 0.940918 0.207031 0.106445 0.0 0.1742088595149634 0.0 0.16304173200632827 0.027154893540223164 0.21899600929001015 0.0 0.21874068638891858 0.0691671689345957 0.2482227866758663 0.0 0.25609482760319885 0.2858511614419004
