0 0.951172 0.284505 0.097656 0.243490 0.33037583014834004 0.0 0.0 0.0028060373509738033 0.0 0.0 0.0 0.2461159370821184 0.0 0.0 0.0 0.9662502000134207 0.0
0 0.717285 0.145182 0.133789 0.186198 0.3511795268117476 0.0 0.014283552645724137 0.0 0.01219532304944506 0.0 0.2559032828502399 0.0 0.27880028484813024 0.0 0.8802088929374804 0.0 0.8668085998906625
0 0.432617 0.404297 0.195312 0.248698 0.2528637508360257 0.0 0.0 0.0 0.0 0.0 0.0 0.0 0.0 0.0 0.0 0.0 0.0
0 0.833984 0.339844 0.179688 0.250000 0.03594965480598916 0.004604749610819231 0.122014563499906 0.010974858953136333 0.17127545670065714 0.0896356824972339 0.24634565270052822 0.35647422137406537 0.2499062438795099 0.42498132809761713 0.8435639318756798 0.879649244943949 0.8791203707471779
0 0.940430 0.522135 0.119141 0.164062 0.3337704170014856 0.0 0.0 0.0 0.005083960356651301 0.0 0.0 0.0 0.09141808620695113 0.0 0.0 0.0 0.3905693450668126
0 0.358398 0.271484 0.195312 0.248698 0.0 0.13741631992113618 0.05965997122096658 0.11438185539931452 0.0 0.28070794062377186 0.2868406074712246 0.2790447179451215 0.0 0.8889784662588628 0.8749941193971665 0.8720235284631068 0.0
0 0.296875 0.169922 0.195312 0.248698 0.01959747996270026 0.0 0.047133321478277035 0.059313740564467275 0.04976316392003065 0.0 0.31546360412319835 0.2979984658407694 0.3109004912650768 0.0 0.8790767222053141 0.8825867852641782 0.8831033964476838
0 0.227051 0.076823 0.237305 0.151042 0.2451879336769882 0.0 0.10290306254118385 0.05706988344990023 0.025245080665814247 0.0 0.13780335421185774 0.29575444916070165 0.3199564998982368 0.0 0.9267386748760589 0.8792708758039771 0.8897429704273845
0 0.503906 0.563151 0.195312 0.248698 0.01942562198233288 0.06604678904575689 0.07314054661675355 0.056618739852014474 0.05351484167191229 0.3287844213945247 0.3478580252474164 0.3350251060111646 0.34209356411107367 0.8764120783896643 0.8788723629526278 0.8772149950843334 0.885719436547509
0 0.636719 0.694661 0.195312 0.248698 0.12126457897211661 0.010426122675515313 0.05803335731286674 0.0 0.012267689274988619 0.07605512698608353 0.17719998676857182 0.0 0.2600652288330973 0.4612871986308199 0.848994748235135 0.0 0.9129037578327387
0 0.628418 0.044271 0.108398 0.085938 0.27886228410612224 0.0 0.0 0.0 0.0 0.0 0.0 0.0 0.0 0.0 0.0 0.0 0.0
0 0.772949 0.937500 0.135742 0.125000 0.26617313701891876 0.0 0.0 0.0 0.013051642628778528 0.0 0.0 0.0 0.23330811896158102 0.0 0.0 0.0 0.9318738349399919
0 0.724609 0.850911 0.091797 0.084635 0.05911086099489578 0.0 0.15191865229954907 0.0 0.21882715290308594 0.0 0.3220220234520567 0.0 0.31440553458234755 0.0 0.8916050635676467 0.0 0.8938291072338094
0 0.162109 0.860677 0.158203 0.213542 0.1604036369226515 0.006249341216979805 0.09472083879042427 0.0021801221870726495 0.0014937052676679934 0.14159545938733586 0.15860818564005508 0.49092696579012474 0.06969914162644862 0.9466065936700391 0.8329316515949908 0.1789104266694513 0.21501709094347696
0 0.086914 0.698568 0.171875 0.233073 0.002492560429133318 0.10846962695835144 0.05136707006638981 0.1164703963567456 0.0 0.29538643108434337 0.2775170382234355 0.3127276456732001 0.0 0.8329142680495726 0.8907745333251983 0.8647753098933576 0.0
0 0.051270 0.478516 0.100586 0.167969 0.0 0.07222686434406428 0.08970357238733805 0.11374142987975215 0.0 0.15989148927157854 0.15593000880462116 0.14498109304494827 0.0 0.8847256869176496 0.8983268045118379 0.8735595241709563 0.0
0 0.028320 0.280599 0.054688 0.186198 0.0 0.0 0.12412348398401471 0.08647371179074306 0.0 0.0 0.30869041116197327 0.30517448261885166 0.0 0.0 0.8760503322613181 0.8759695184741001 0.0
0 0.281738 0.921224 0.069336 0.097656 0.0 0.047538703332377 0.10164265567034834 0.0 0.13648178364825606 0.2568520183656676 0.2502536815614054 0.0 0.2077837647067588 0.8838233430373003 0.8819478591001658 0.0 0.8737600382865518
