0 0.450195 0.529297 0.076172 0.113281 0.0 0.2253782406954066 0.0 0.1198055505196496 0.0 0.215821849677402 0.0 0.22907476611566588 0.0 0.23246295996696048 0.0 0.2285564914525875 0.0
0 0.415039 0.103516 0.070312 0.105469 0.0 0.23137577809128296 0.0 0.2349722946354595 0.0 0.1768738734206316 0.0 0.1904940229918117 0.0 0.7875835491201156 0.0 0.8474493426302995 0.0
0 0.633301 0.254557 0.139648 0.128906 0.28272922603369344 0.0 0.0 0.0 0.0 0.0 0.0 0.0 0.0 0.0 0.0 0.0 0.0
0 0.172852 0.358073 0.074219 0.111979 0.0 0.1156024688942124 0.0 0.05136901643658633 0.07668548830828811 0.2340404242071491 0.0 0.2876117495136946 0.2793413067685921 0.24437503755243503 0.0 0.24020879417662905 0.23302192494157498
0 0.526367 0.600911 0.058594 0.121094 0.0 0.04242485738423217 0.0 0.06816204981985108 0.0 0.18935200993771162 0.0 0.23195172803336866 0.0 0.23665859339211784 0.0 0.17089208814781942 0.0
0 0.282715 0.422526 0.067383 0.113281 0.0 0.24945962926440762 0.0 0.10323039829324647 0.0 0.21952858764030048 0.0 0.22829878977302498 0.0 0.2563170920792669 0.0 0.23869279574484936 0.0
0 0.230957 0.394531 0.069336 0.111979 0.2172632726802013 0.0 0.0 0.1948142173481844 0.0 0.0 0.0 0.24391057155707058 0.0 0.0 0.0 0.24290330380419947 0.0
0 0.742676 0.453125 0.141602 0.111979 0.34789998754126833 0.0 0.0 0.0 0.0 0.0 0.0 0.0 0.0 0.0 0.0 0.0 0.0
0 0.847656 0.462891 0.062500 0.115885 0.38416004618967736 0.0 0.0 0.0 0.0 0.0 0.0 0.0 0.0 0.0 0.0 0.0 0.0
0 0.701172 0.808594 0.080078 0.143229 0.0 0.201772960702787 0.0 0.3110565763357282 0.0 0.1888745617800483 0.0 0.193479745422597 0.0 0.24986908993881182 0.0 0.2394748524048162 0.0
0 0.926758 0.947266 0.070312 0.102865 0.0 0.2316063288164947 0.0 0.22340381477551452 0.0 0.17859906360894867 0.0 0.18062401386663451 0.0 0.25123839108541784 0.0 0.2519126268834094 0.0
0 0.860352 0.906901 0.068359 0.121094 0.0 0.2457339118385609 0.0 0.151861103620366 0.0 0.17115325925328692 0.0 0.15932496915485336 0.0 0.24933944671417266 0.0 0.2618233831510793 0.0
0 0.329102 0.457031 0.056641 0.104167 0.0 0.3344940251501772 0.0 0.12300563248390359 0.0 0.21970419322356835 0.0 0.2251249307204584 0.0 0.24224143823770466 0.0 0.22965288859635613 0.0
0 0.986328 0.647786 0.027344 0.121094 0.2635149847671738 0.0 0.0 0.0 0.0 0.0 0.0 0.0 0.0 0.0 0.0 0.0 0.0
0 0.392578 0.490885 0.060547 0.111979 0.0 0.3032505166755342 0.0 0.15141060395183037 0.0 0.21449938266269525 0.0 0.22648300853152006 0.0 0.2428572177368767 0.0 0.22906200134215926 0.0
0 0.358398 0.134766 0.070312 0.105469 0.0 0.27018721159331577 0.0 0.1560927019033781 0.0 0.21942237340774381 0.0 0.22847668056018205 0.0 0.7543357060603092 0.0 0.8808522309842652 0.0
0 0.287109 0.141276 0.070312 0.105469 0.25742813722801067 0.0 0.0 0.0 0.0 0.0 0.0 0.0 0.0 0.0 0.0 0.0 0.0
0 0.228516 0.171875 0.070312 0.106771 0.3142563841240862 0.0 0.0 0.0 0.0 0.0 0.0 0.0 0.0 0.0 0.0 0.0 0.0
0 0.120117 0.879557 0.140625 0.240885 0.27191183569143385 0.0 0.0 0.0 0.0 0.0 0.0 0.0 0.0 0.0 0.0 0.0 0.0
0 0.264648 0.891276 0.197266 0.217448 0.23014277989650161 0.0 0.0 0.0 0.0 0.0 0.0 0.0 0.0 0.0 0.0 0.0 0.0
0 0.432129 0.912760 0.153320 0.174479 0.32297627371072296 0.0 0.0 0.0 0.0 0.0 0.0 0.0 0.0 0.0 0.0 0.0 0.0
0 0.916016 0.447266 0.074219 0.113281 0.3644574882692172 0.0 0.0 0.0 0.0 0.0 0.0 0.0 0.0 0.0 0.0 0.0 0.0
0 0.495605 0.272786 0.139648 0.128906 0.0 0.0 0.0 0.3123528577760233 0.0 0.0 0.0 0.07442840170412204 0.0 0.0 0.0 0.7920098355021676 0.0
0 0.159668 0.024089 0.088867 0.045573 0.0 0.0 0.0 0.32199287428429807 0.0 0.0 0.0 0.12366031250037586 0.0 0.0 0.0 0.8983746638994836 0.0
0 0.089355 0.044271 0.084961 0.085938 0.34101241210520195 0.0 0.0 0.0 0.0 0.0 0.0 0.0 0.0 0.0 0.0 0.0 0.0
0 0.032227 0.055339 0.062500 0.108073 0.0 0.07370320321504925 0.11616154317386364 0.10031498887008194 0.0 0.18170784524645975 0.19104046833275865 0.19107140804543382 0.0 0.857075411555641 0.880353806784371 0.8768985759832036 0.0
0 0.565430 0.625651 0.058594 0.121094 0.0 0.14219846408366554 0.0 0.09517029971447069 0.0 0.10219741913648865 0.0 0.2360906416377871 0.0 0.2037475545493837 0.0 0.23519573888980289 0.0
0 0.602539 0.651693 0.058594 0.121094 0.13988263134872106 0.0 0.0 0.026657420253980598 0.0 0.0 0.0 0.2434473922877412 0.0 0.0 0.0 0.10702814980640293 0.0
0 0.648438 0.675781 0.072266 0.135417 0.0 0.15413693752536828 0.0 0.07461191925172773 0.0 0.2574055525247488 0.0 0.23939514420299018 0.0 0.20897409119326818 0.0 0.21569190604185925 0.0
0 0.770508 0.847656 0.080078 0.143229 0.0 0.21452833140858263 0.0 0.25667173177762664 0.0 0.19638837728806313 0.0 0.19611284213930336 0.0 0.24376492308556733 0.0 0.25650744692005834 0.0
