0 0.816406 0.245443 0.260417 0.308594 0.1898478990850661 0.0016241717119178732 0.01229732582465726 0.004483451588269131 0.005573808278378535 0.416671995268783 0.11457270156903765 0.13761952363070792 0.23916032868377418 0.8786881032553215 0.7167329580939681 0.9435419080253749 0.7769215797388371
0 0.657552 0.058594 0.208333 0.114583 0.0 0.0 0.11055890891460614 0.0 0.17436069657116993 0.0 0.23446017183894283 0.0 0.35683376624376634 0.0 0.8828239727774849 0.0 0.9335266220358682
0 0.300130 0.364583 0.277344 0.216146 0.22759365191898387 0.0 0.14002117503428899 0.0 0.0 0.0 0.07519842677069899 0.0 0.0 0.0 0.8837042409941515 0.0 0.0
0 0.222005 0.242839 0.264323 0.201823 0.20462402533104113 0.0 0.0 0.0 0.0 0.0 0.0 0.0 0.0 0.0 0.0 0.0 0.0
0 0.943359 0.470052 0.113281 0.208333 0.4389096551371021 0.0 0.07922082092697674 0.0 0.0 0.0 0.3362238257632494 0.0 0.0 0.0 0.8791589731572662 0.0 0.0
0 0.570964 0.720703 0.264323 0.212240 0.2808294469933697 0.0 0.0 0.0 0.0 0.0 0.0 0.0 0.0 0.0 0.0 0.0 0.0
0 0.150391 0.111979 0.266927 0.221354 0.25707588015119615 0.0 0.0 0.0 0.0 0.0 0.0 0.0 0.0 0.0 0.0 0.0 0.0
0 0.667318 0.891276 0.266927 0.188802 0.02496412984777514 0.08487762292844117 0.09399390683801466 0.07276150924632308 0.06877264766583852 0.3287844213945247 0.3478580252474164 0.33502510601116453 0.3420935641110736 0.8764120783896643 0.8788723629526278 0.8772149950843333 0.8857194365475087
0 0.382812 0.494792 0.265625 0.192708 0.024795433710093732 0.0 0.05963476684122228 0.07504586942112645 0.06296213771016067 0.0 0.3154636041231983 0.2979984658407694 0.3109004912650768 0.0 0.879076722205314 0.8825867852641782 0.8831033964476838
0 0.077474 0.796875 0.152344 0.192708 0.0 0.0554214799341408 0.0688317952362301 0.08727664465305306 0.0 0.15989148927157854 0.15593000880462116 0.14498109304494827 0.0 0.8847256869176496 0.8983268045118379 0.8735595241709563 0.0
0 0.037760 0.616536 0.072917 0.165365 0.0 0.0 0.1397610882654654 0.09736803768563983 0.0 0.0 0.30869041116197327 0.30517448261885166 0.0 0.0 0.8760503322613181 0.8759695184741001 0.0
0 0.472656 0.591797 0.268229 0.209635 0.0 0.15827363628376656 0.0687152777133487 0.13174295592636479 0.0 0.28070794062377186 0.2868406074712246 0.2790447179451215 0.0 0.8889784662588628 0.8749941193971665 0.8720235284631068 0.0
0 0.803385 0.942057 0.213542 0.115885 0.010335599633962439 0.0 0.04385980212843832 0.007032660167905708 0.030884271940458213 0.0 0.23216806074806426 0.4504113630798172 0.32200572175094994 0.0 0.8102023762636448 0.8232480092351838 0.8533927974279409
