0 0.610677 0.521484 0.117188 0.121094 0.0 0.18272601449928666 0.0 0.09713267214173742 0.0 0.215821849677402 0.0 0.22907476611566588 0.0 0.23246295996696048 0.0 0.2285564914525875 0.0
0 0.949870 0.456380 0.100260 0.108073 0.3746885278663361 0.0 0.0 0.0 0.0 0.0 0.0 0.0 0.0 0.0 0.0 0.0 0.0
0 0.552083 0.101562 0.093750 0.106771 0.0 0.22855412226090144 0.0 0.23210677884722217 0.0 0.1768738734206316 0.0 0.1904940229918117 0.0 0.7875835491201156 0.0 0.8474493426302995 0.0
0 0.229818 0.360026 0.113281 0.126302 0.0 0.08953403681627826 0.0 0.03978526975109945 0.05939286071607668 0.2340404242071491 0.0 0.2876117495136946 0.2793413067685921 0.24437503755243503 0.0 0.24020879417662905 0.23302192494157498
0 0.699870 0.606771 0.079427 0.117188 0.0 0.04312034684954745 0.0 0.06927946047263552 0.0 0.18935200993771162 0.0 0.23195172803336866 0.0 0.23665859339211784 0.0 0.17089208814781942 0.0
0 0.845052 0.257812 0.179688 0.122396 0.30855671083556874 0.0 0.0 0.0 0.0 0.0 0.0 0.0 0.0 0.0 0.0 0.0 0.0
0 0.103516 0.772135 0.128906 0.182292 0.1881593472128175 0.0 0.0 0.0 0.0 0.0 0.0 0.0 0.0 0.0 0.0 0.0 0.0
0 0.524089 0.499349 0.108073 0.139323 0.0 0.1820664063634668 0.0 0.09090432837193556 0.0 0.21449938266269525 0.0 0.22648300853152006 0.0 0.2428572177368767 0.0 0.22906200134215926 0.0
0 0.156901 0.881510 0.178385 0.234375 0.2937441728637388 0.0 0.0 0.0 0.0 0.0 0.0 0.0 0.0 0.0 0.0 0.0 0.0
0 0.379557 0.432292 0.115885 0.135417 0.0 0.16178761392331883 0.0 0.06695031125263166 0.0 0.21952858764030048 0.0 0.22829878977302498 0.0 0.2563170920792669 0.0 0.23869279574484936 0.0
0 0.932292 0.813151 0.101562 0.157552 0.0 0.19283662910988966 0.0 0.2972801778499966 0.0 0.1888745617800483 0.0 0.193479745422597 0.0 0.24986908993881182 0.0 0.2394748524048162 0.0
0 0.306641 0.397786 0.108073 0.136719 0.15222140481759144 0.0 0.0 0.13649289858038027 0.0 0.0 0.0 0.24391057155707058 0.0 0.0 0.0 0.24290330380419947 0.0
0 0.494792 0.490885 0.171875 0.156250 0.0 0.1887945212061345 0.0 0.20111361560004573 0.0 0.2172245826893235 0.0 0.21535354011811772 0.0 0.23943878394827606 0.0 0.2371566103095227 0.0
0 0.585938 0.918620 0.213542 0.160156 0.3368419019594581 0.0 0.0 0.0 0.0 0.0 0.0 0.0 0.0 0.0 0.0 0.0 0.0
0 0.361328 0.895833 0.259115 0.208333 0.24383280581119926 0.0 0.0 0.0 0.0 0.0 0.0 0.0 0.0 0.0 0.0 0.0 0.0
0 0.044922 0.061849 0.087240 0.121094 0.0 0.0628328383049818 0.099029067138431 0.08551969521391033 0.0 0.18170784524645975 0.19104046833275865 0.19107140804543382 0.0 0.857075411555641 0.880353806784371 0.8768985759832036 0.0
0 0.751953 0.635417 0.079427 0.117188 0.0 0.20398200320790355 0.0 0.26435686336948605 0.0 0.09542949383856221 0.0 0.2295801872619445 0.0 0.15259050013985906 0.0 0.24273482580467234 0.0
0 0.802734 0.653646 0.079427 0.117188 0.1421757892396837 0.0 0.0 0.027094427143390117 0.0 0.0 0.0 0.2434473922877412 0.0 0.0 0.0 0.10702814980640293 0.0
0 0.869141 0.670573 0.079427 0.117188 0.0 0.21607247198455995 0.0 0.10459259208766787 0.0 0.2574055525247488 0.0 0.23939514420299018 0.0 0.20897409119326818 0.0 0.21569190604185925 0.0
0 0.123698 0.041016 0.104167 0.079427 0.40124862096476827 0.0 0.0 0.0 0.0 0.0 0.0 0.0 0.0 0.0 0.0 0.0 0.0
0 0.217448 0.023438 0.127604 0.044271 0.0 0.0 0.0 0.30778730630116724 0.0 0.0 0.0 0.12366031250037586 0.0 0.0 0.0 0.8983746638994836 0.0
0 0.470052 0.132812 0.093750 0.106771 0.0 0.2668922455982753 0.0 0.15418913236797105 0.0 0.21942237340774381 0.0 0.22847668056018205 0.0 0.7543357060603092 0.0 0.8808522309842652 0.0
0 0.381510 0.140625 0.093750 0.106771 0.2542887697008398 0.0 0.0 0.0 0.0 0.0 0.0 0.0 0.0 0.0 0.0 0.0 0.0
0 0.303385 0.173177 0.093750 0.106771 0.3142563841240862 0.0 0.0 0.0 0.0 0.0 0.0 0.0 0.0 0.0 0.0 0.0 0.0
0 0.665365 0.268229 0.179688 0.122396 0.0 0.0 0.0 0.34088647915010495 0.0 0.0 0.0 0.07442840170412204 0.0 0.0 0.0 0.7920098355021676 0.0
