0 0.104492 0.625488 0.083984 0.116211 0.0 0.0 0.20197339818345722 0.0 0.22525664129461226 0.0 0.2149387833407504 0.0 0.19803550981128698 0.0 0.3401536520366221 0.0 0.23959044197538554
0 0.061523 0.843262 0.080078 0.108398 0.0 0.0 0.233573002278242 0.0 0.240601928145101 0.0 0.22055998264061952 0.0 0.20049950845124395 0.0 0.346687088459946 0.0 0.2338122537195362
0 0.085938 0.734375 0.082031 0.109375 0.0 0.0 0.2234073432843279 0.0 0.21806033960525106 0.0 0.22123885033093052 0.0 0.2167947728688665 0.0 0.34770291783063006 0.0 0.3405656587757012
0 0.567383 0.075684 0.089844 0.081055 0.017328684342096536 0.14870443971766845 0.0 0.17051451453268493 0.0 0.2501060177096496 0.0 0.2687305302279419 0.0 0.25955668511688734 0.0 0.2631414358989084 0.0
0 0.648926 0.461914 0.116211 0.156250 0.04341779243025835 0.0 0.18508121490996274 0.0 0.18571112610411183 0.0 0.16110963270964737 0.0 0.16108492772034746 0.0 0.548524742192084 0.0 0.5447434511238123
0 0.741699 0.670410 0.122070 0.155273 0.03760059106992705 0.0 0.15489030747647245 0.0 0.1730363509651968 0.0 0.1814819760188496 0.0 0.1770617934893048 0.0 0.5452383207819416 0.0 0.5449633832150867
0 0.881348 0.241211 0.081055 0.091797 0.04388783325464542 0.1682954916507757 0.0 0.18286225616325538 0.0 0.27009848139717185 0.0 0.2545342097236908 0.0 0.2588386652575793 0.0 0.2587991271685793 0.0
0 0.068848 0.205566 0.116211 0.155273 0.023061900913163593 0.0 0.1648296593518796 0.0 0.18381710109450813 0.0 0.16900265405060538 0.0 0.16731994063765432 0.0 0.5463060927926261 0.0 0.544977954285316
0 0.332031 0.933105 0.113281 0.129883 0.02301813915393887 0.0 0.1911613116215417 0.0 0.19852258043713014 0.0 0.1793293100048241 0.0 0.18179407544137705 0.0 0.5480257968732146 0.0 0.5466848944498929
0 0.376953 0.784668 0.109375 0.151367 0.036492208438718136 0.0 0.19424717785857923 0.0 0.2015046847670133 0.0 0.17902998488327163 0.0 0.17616260757414479 0.0 0.548115571172118 0.0 0.5443054083250423
0 0.035156 0.946777 0.068359 0.106445 0.0 0.0 0.2520689788875627 0.0 0.16133192761711185 0.0 0.21629931813678502 0.0 0.21473077208022906 0.0 0.34233427530651345 0.0 0.21604419961266502
0 0.702148 0.828125 0.111328 0.150391 0.0417590393599835 0.0 0.19299077449489946 0.0 0.20115481478656108 0.0 0.17974163902493992 0.0 0.1789465625345923 0.0 0.5463721653864723 0.0 0.5442065982550494
0 0.663086 0.125977 0.070312 0.076172 0.06673139946327057 0.1502235634363964 0.0 0.2675197093992558 0.0 0.27331773104464563 0.0 0.2831310293905031 0.0 0.25261110732660874 0.0 0.25393937168312436 0.0
0 0.738281 0.153320 0.082031 0.091797 0.02610593849736987 0.13217238436492867 0.0 0.18435659805717944 0.0 0.26360017977674977 0.0 0.280673352623808 0.0 0.23347866501170153 0.0 0.2528816789446523 0.0
0 0.278809 0.277832 0.112305 0.153320 0.014448493510870955 0.0 0.17802769252693063 0.0 0.1826114235943843 0.0 0.15741993274787464 0.0 0.15806418603796177 0.0 0.5515395355166715 0.0 0.5458323350594939
0 0.416016 0.625000 0.121094 0.160156 0.03739818733598355 0.0 0.15012129386682024 0.0 0.17182038452089884 0.0 0.17670445958252978 0.0 0.17797071822531924 0.0 0.547221200588987 0.0 0.5422089955957928
0 0.499512 0.055664 0.081055 0.085938 0.0 0.20213601237240608 0.0 0.1967687886836028 0.0 0.271759302444955 0.0 0.27000884060058233 0.0 0.24941708319773853 0.0 0.25911468190823383 0.0
0 0.951660 0.359863 0.096680 0.118164 0.0 0.12332109758218317 0.0 0.2553130587614972 0.0 0.289084886328286 0.0 0.24244001540427007 0.0 0.2501032136453617 0.0 0.25020690097468457 0.0
0 0.867676 0.953613 0.208008 0.092773 0.23551034083631328 0.0 0.0 0.0 0.0 0.0 0.0 0.0 0.0 0.0 0.0 0.0 0.0
0 0.664062 0.955566 0.103516 0.088867 0.03630180368937659 0.0 0.2454776862409188 0.0 0.20209144672281668 0.0 0.17482455138229733 0.0 0.17265454163224103 0.0 0.5400016337180406 0.0 0.5469136298960977
0 0.820801 0.205078 0.059570 0.089844 0.0965130820991236 0.21426947164852034 0.0 0.21962119328788463 0.0 0.26703349484593836 0.0 0.2647000090379988 0.0 0.23368374792855118 0.0 0.24357326947078692 0.0
0 0.986816 0.589844 0.026367 0.121094 0.0 0.0 0.0 0.0 0.25914716818987626 0.0 0.0 0.0 0.14619794269502542 0.0 0.0 0.0 0.7074019776959611
