0 0.582031 0.052734 0.151042 0.102865 0.0 0.0 0.08132807689336972 0.09682668095398073 0.12087634488952158 0.0 0.2781257359163841 0.262094579934181 0.2775203965882776 0.0 0.7381685825218584 0.7453613130727774 0.7572351896623556
0 0.147135 0.692708 0.200521 0.156250 0.447727157210591 0.0 0.0 0.0 0.0 0.0 0.0 0.0 0.0 0.0 0.0 0.0 0.0
0 0.061198 0.382812 0.119792 0.182292 0.0 0.0 0.3133370811272364 0.0 0.11260051134208393 0.0 0.27446315788479486 0.0 0.32504621271576917 0.0 0.7924615095885698 0.0 0.7844501543012623
0 0.688802 0.283854 0.164062 0.242188 0.0 0.027231036240084043 0.1480001348528533 0.0 0.1346642475278795 0.27345278835465753 0.2787758444600836 0.0 0.28461434889908166 0.7462256912218177 0.6984129352208638 0.0 0.7852026893658162
0 0.093750 0.560547 0.166667 0.167969 0.3794382008255731 0.0 0.045466047714586906 0.0 0.028767336961647953 0.0 0.08748613466832472 0.0 0.08107152389136255 0.0 0.7358370966412013 0.0 0.693516168355354
0 0.337240 0.192057 0.148438 0.235677 0.017635104735488717 0.0 0.15835286689727324 0.026254059442111198 0.14528695765743538 0.0 0.2946628623125314 0.2941262488140807 0.2902782758746422 0.0 0.7483269331469415 0.7499631909715693 0.746393099155859
0 0.737630 0.970052 0.154948 0.059896 0.0 0.0 0.15747011425055604 0.0 0.13174063009744877 0.0 0.27860908550090935 0.0 0.28896808181351424 0.0 0.734882161111716 0.0 0.7519665335185894
0 0.877604 0.132812 0.174479 0.135417 0.0 0.1104383981632177 0.0 0.10449713244942596 0.021012296342378674 0.2608262519691037 0.0 0.2652988331897346 0.2514481330713659 0.7463896916528887 0.0 0.7446843654350384 0.7609488394050822
0 0.815755 0.619141 0.152344 0.196615 0.0 0.0 0.1766691613060099 0.0 0.17221910022630266 0.0 0.27941034047927354 0.0 0.27903121743878107 0.0 0.7433406673798597 0.0 0.7478946782993909
0 0.173828 0.848307 0.167969 0.160156 0.33595108270132673 0.0 0.0 0.0 0.0 0.0 0.0 0.0 0.0 0.0 0.0 0.0 0.0
0 0.757812 0.468099 0.135417 0.131510 0.0 0.0 0.1525502151586463 0.0 0.18761066335370355 0.0 0.2895753781911592 0.0 0.2780976642547086 0.0 0.7542148929766178 0.0 0.7530593637857913
0 0.664062 0.856771 0.138021 0.184896 0.0 0.0 0.18609559193221267 0.0 0.19536479158152387 0.0 0.29119288855699804 0.0 0.28734314338432376 0.0 0.7474263727048752 0.0 0.7451480315611564
0 0.457682 0.341146 0.131510 0.192708 0.0 0.04448891181620322 0.14509170267653637 0.0 0.12867418501370456 0.2757087614680729 0.2843068217621951 0.0 0.2831012165471992 0.7614307547881368 0.7334564160407189 0.0 0.7477885826942832
0 0.197266 0.951172 0.154948 0.097656 0.3526183474830686 0.0 0.0 0.0 0.0 0.0 0.0 0.0 0.0 0.0 0.0 0.0 0.0
0 0.515625 0.490234 0.122396 0.191406 0.0 0.0 0.12038309430976121 0.0 0.11536613782691878 0.0 0.2917508067770272 0.0 0.29632613909689487 0.0 0.7472405725867033 0.0 0.7466276023173628
0 0.604167 0.673828 0.145833 0.214844 0.0 0.0 0.19273671283192337 0.0 0.15911944910450612 0.0 0.27491717801945337 0.0 0.29036366342905107 0.0 0.7467924362861597 0.0 0.7464366605845656
0 0.287109 0.049479 0.121094 0.096354 0.0 0.0 0.22772163939490778 0.0 0.22582591648892092 0.0 0.29295246921864326 0.0 0.28957213644071883 0.0 0.7534260108718145 0.0 0.7477140577413394
0 0.887370 0.767578 0.152344 0.196615 0.0 0.0 0.14428213960889913 0.0 0.13405928694539263 0.0 0.2908404912259807 0.0 0.2823286686639158 0.0 0.7458850836004188 0.0 0.7463976526153056
0 0.938802 0.925130 0.106771 0.149740 0.0 0.0 0.22922444236875922 0.0 0.22800650325237778 0.0 0.28666088170813203 0.0 0.2809470135388496 0.0 0.7475615535321984 0.0 0.7441444490991093
