0 0.279297 0.389648 0.100260 0.080078 0.0 0.24222628149493652 0.0 0.1287615561967599 0.0 0.215821849677402 0.0 0.22907476611566588 0.0 0.23246295996696048 0.0 0.2285564914525875 0.0
0 0.141927 0.102539 0.096354 0.083984 0.0 0.24760085135327115 0.0 0.14304409765878395 0.0 0.21942237340774381 0.0 0.22847668056018205 0.0 0.7543357060603092 0.0 0.8808522309842652 0.0
0 0.513021 0.197266 0.182292 0.107422 0.25990893850383107 0.0 0.0 0.0 0.0 0.0 0.0 0.0 0.0 0.0 0.0 0.0 0.0
0 0.414062 0.938477 0.143229 0.123047 0.028389820489557734 0.0 0.2089277835957374 0.0 0.17438677954971976 0.0 0.1707457881964168 0.0 0.16974993784326886 0.0 0.5426555701246659 0.0 0.5489795344470543
0 0.608724 0.610840 0.105469 0.133789 0.0 0.16400757912400998 0.0 0.25283683144527963 0.0 0.1888745617800483 0.0 0.193479745422597 0.0 0.24986908993881182 0.0 0.2394748524048162 0.0
0 0.654948 0.339355 0.184896 0.083008 0.35942939889309167 0.0 0.0 0.0 0.0 0.0 0.0 0.0 0.0 0.0 0.0 0.0 0.0
0 0.696615 0.635254 0.101562 0.118164 0.0 0.2050270766375731 0.0 0.24530398608118162 0.0 0.19638837728806313 0.0 0.19611284213930336 0.0 0.24376492308556735 0.0 0.25650744692005834 0.0
0 0.787760 0.345703 0.083333 0.085938 0.3885255012600146 0.0 0.0 0.0 0.0 0.0 0.0 0.0 0.0 0.0 0.0 0.0 0.0
0 0.239583 0.693848 0.200521 0.159180 0.2922492140580665 0.0 0.0 0.0 0.0 0.0 0.0 0.0 0.0 0.0 0.0 0.0 0.0
0 0.825521 0.688477 0.096354 0.105469 0.0 0.20016613689552443 0.0 0.12370067374481765 0.0 0.17115325925328692 0.0 0.15932496915485336 0.0 0.24933944671417266 0.0 0.2618233831510793 0.0
0 0.978516 0.482910 0.042969 0.104492 0.19433390550374413 0.0 0.0 0.0 0.0 0.0 0.0 0.0 0.0 0.0 0.0 0.0 0.0
0 0.904297 0.710449 0.087240 0.090820 0.0 0.21142301369093594 0.0 0.20393530708443694 0.0 0.17859906360894867 0.0 0.18062401386663451 0.0 0.25123839108541784 0.0 0.2519126268834094 0.0
0 0.077474 0.690430 0.152344 0.183594 0.26918048874124473 0.0 0.0 0.0 0.0 0.0 0.0 0.0 0.0 0.0 0.0 0.0 0.0
0 0.711589 0.975098 0.139323 0.049805 0.06120437113066005 0.0 0.2077559946323822 0.0 0.07038940796066612 0.0 0.16295430957973478 0.0 0.15326805656274622 0.0 0.524984438299392 0.0 0.6001075984981017
0 0.052734 0.323730 0.087240 0.086914 0.0 0.2511330126570919 0.0 0.10392287119811482 0.0 0.21952858764030048 0.0 0.22829878977302498 0.0 0.2563170920792669 0.0 0.23869279574484936 0.0
0 0.124349 0.342285 0.087240 0.086914 0.0 0.26028044217622376 0.0 0.09571459579495435 0.0 0.21970419322356835 0.0 0.2251249307204584 0.0 0.24224143823770466 0.0 0.22965288859635613 0.0
0 0.195964 0.368652 0.087240 0.086914 0.0 0.27116078398691074 0.0 0.1353884521668891 0.0 0.21449938266269525 0.0 0.22648300853152006 0.0 0.2428572177368767 0.0 0.22906200134215926 0.0
0 0.337240 0.205078 0.182292 0.107422 0.0 0.0 0.0 0.28714151996981574 0.0 0.0 0.0 0.07442840170412204 0.0 0.0 0.0 0.7920098355021676 0.0
0 0.217448 0.078125 0.096354 0.083984 0.0 0.21203386829484006 0.0 0.21532973323601504 0.0 0.1768738734206316 0.0 0.1904940229918117 0.0 0.7875835491201156 0.0 0.8474493426302995 0.0
0 0.048828 0.106445 0.095052 0.083984 0.23913999622710386 0.0 0.0 0.0 0.0 0.0 0.0 0.0 0.0 0.0 0.0 0.0 0.0
0 0.882812 0.333008 0.104167 0.089844 0.32741751527663915 0.0 0.0 0.0 0.0 0.0 0.0 0.0 0.0 0.0 0.0 0.0 0.0
0 0.367188 0.453125 0.088542 0.095703 0.0 0.035523815156664994 0.0 0.057074465485409516 0.0 0.18935200993771162 0.0 0.23195172803336866 0.0 0.23665859339211784 0.0 0.17089208814781942 0.0
0 0.417969 0.475586 0.088542 0.095703 0.0 0.16804639820098896 0.0 0.21778499098116422 0.0 0.09542949383856221 0.0 0.2295801872619445 0.0 0.15259050013985906 0.0 0.24273482580467234 0.0
0 0.467448 0.492188 0.088542 0.095703 0.1171286138844333 0.0 0.0 0.022321189228273072 0.0 0.0 0.0 0.2434473922877412 0.0 0.0 0.0 0.10702814980640293 0.0
0 0.520833 0.509766 0.106771 0.115234 0.0 0.13518619851435443 0.0 0.12511617536870537 0.0 0.25672972785606774 0.0 0.23442998575988586 0.0 0.2257376521462029 0.0 0.2534713697143746 0.0
