0 0.358887 0.875488 0.086914 0.110352 0.0 0.0 0.1655425126181214 0.0 0.1866686948242932 0.0 0.21607376119136804 0.0 0.21542812125292124 0.0 0.33847327371881747 0.0 0.3442198410899838
0 0.811523 0.328125 0.074219 0.097656 0.0 0.207894473061543 0.0 0.25224093754154653 0.0 0.252253975443349 0.0 0.26323733296844093 0.0 0.2453335407659602 0.0 0.265644266863775 0.0
0 0.895508 0.715332 0.105469 0.161133 0.0 0.0 0.18202017854275768 0.0 0.2066195477070521 0.0 0.15732378544477302 0.0 0.15791851073991772 0.0 0.5482433953165226 0.0 0.5414385502574154
0 0.910645 0.371094 0.059570 0.087891 0.012013607897777834 0.09650650453713114 0.0 0.25610126795831273 0.0 0.2676797508839562 0.0 0.2825796266096841 0.0 0.2472423509660064 0.0 0.2647338026474125 0.0
0 0.680664 0.213379 0.072266 0.096680 0.0 0.1798221127911851 0.0 0.17345357609106288 0.0 0.17859906360894867 0.0 0.18062401386663451 0.0 0.25123839108541784 0.0 0.2519126268834094 0.0
0 0.310547 0.454590 0.109375 0.159180 0.0 0.0 0.15431985153598324 0.0 0.19226577404425768 0.0 0.16943917702993266 0.0 0.1667347423169466 0.0 0.548681855515742 0.0 0.5473258697580032
0 0.333984 0.965332 0.083984 0.069336 0.0 0.0 0.14561287903325715 0.0 0.13707714155165537 0.0 0.2210849304355754 0.0 0.21875266413697694 0.0 0.3403740584465892 0.0 0.35568409931748113
0 0.456055 0.109863 0.082031 0.120117 0.0 0.17615099743894105 0.0 0.2715573285470643 0.0 0.1888745617800483 0.0 0.193479745422597 0.0 0.24986908993881182 0.0 0.2394748524048162 0.0
0 0.970703 0.391113 0.058594 0.073242 0.1039898593582506 0.22734740571135392 0.0 0.3216367277707028 0.0 0.2973697277957456 0.0 0.2843052402959804 0.0 0.24159386549920103 0.0 0.248226146115381 0.0
0 0.191406 0.194824 0.160156 0.149414 0.29236568513014444 0.0 0.0 0.0 0.0 0.0 0.0 0.0 0.0 0.0 0.0 0.0 0.0
0 0.609863 0.187988 0.075195 0.096680 0.0 0.17655401732174558 0.0 0.11740241079344475 0.0 0.17030177345626502 0.0 0.1585369178159488 0.0 0.24370355406603214 0.0 0.2682316184123667 0.0
0 0.944336 0.151855 0.111328 0.100586 0.10821492847000712 0.09420511223651012 0.0 0.09941288497622457 0.0 0.17041342225749825 0.0 0.1565847868480607 0.0 0.5956723848066733 0.0 0.5956818914164412 0.0
0 0.531738 0.530273 0.102539 0.148438 0.0 0.0 0.19150832010625704 0.0 0.21103071124855521 0.0 0.15740752987679293 0.0 0.15824690520876444 0.0 0.5507696356447902 0.0 0.5448707962063376
0 0.750977 0.288086 0.083984 0.099609 0.0 0.18509651171552938 0.0 0.19962738214181427 0.0 0.2704474011963111 0.0 0.2693198689941019 0.0 0.25909189437507996 0.0 0.2586700365932662 0.0
0 0.261230 0.656250 0.127930 0.111328 0.2648764405150719 0.0 0.0 0.0 0.0 0.0 0.0 0.0 0.0 0.0 0.0 0.0 0.0
0 0.849609 0.023926 0.132812 0.045898 0.4499570605727485 0.0 0.0 0.0 0.0 0.0 0.0 0.0 0.0 0.0 0.0 0.0 0.0
0 0.185547 0.873047 0.162109 0.107422 0.0 0.17190225089854716 0.0 0.1671309502973507 0.0 0.25932704424287195 0.0 0.2673490177684959 0.0 0.3443266382817828 0.0 0.32769293081779827 0.0
0 0.052734 0.202148 0.103516 0.162109 0.3753749817447087 0.0 0.0 0.0 0.0 0.0 0.0 0.0 0.0 0.0 0.0 0.0 0.0
0 0.539062 0.129883 0.082031 0.121094 0.0 0.15269800015473278 0.0 0.11611171510050322 0.0 0.19724129063199716 0.0 0.19381712253922426 0.0 0.24335893307690953 0.0 0.25425985933717954 0.0
0 0.622070 0.979492 0.119141 0.041016 0.0 0.0 0.17359112608883773 0.0 0.15212552340479932 0.0 0.17480118158037192 0.0 0.17417655051504152 0.0 0.5362231825555633 0.0 0.5794034146312657
0 0.663086 0.876465 0.103516 0.155273 0.0 0.0 0.18678190820200122 0.0 0.21262271297322685 0.0 0.17482693017340709 0.0 0.17553106493197387 0.0 0.5472990600023383 0.0 0.5414339967979689
0 0.119141 0.614258 0.130859 0.111328 0.2565619676680345 0.0 0.0 0.0 0.0 0.0 0.0 0.0 0.0 0.0 0.0 0.0 0.0
0 0.053223 0.836426 0.104492 0.100586 0.0 0.1171812184515815 0.0 0.14321474148838248 0.0 0.26059705816198436 0.0 0.2689910983272364 0.0 0.23220280565057372 0.0 0.24365788792550422 0.0
