0 0.165365 0.215820 0.127604 0.111328 0.0 0.01422688390720955 0.13191179235504236 0.0 0.20639750414280444 0.36689403868692294 0.3103462347049397 0.0 0.3100398964710502 0.2865357462421729 0.17183449138182894 0.0 0.17449691780138543
0 0.526042 0.439941 0.111979 0.069336 0.0 0.12255128699788542 0.0 0.13600375461786166 0.0 0.2978479777822774 0.0 0.32291757371038166 0.0 0.17310793306063266 0.0 0.16754225981488213 0.0
0 0.770833 0.856445 0.145833 0.111328 0.0 0.04113107685788919 0.16250445470965513 0.02095316843214637 0.19174570318949202 0.31519158506833644 0.343258727506245 0.4024981481993332 0.32434663606704606 0.16719420349525413 0.13071512189356124 0.13297429515621761 0.161578986131229
0 0.364583 0.913574 0.132812 0.094727 0.0 0.0 0.12823863475203964 0.0 0.1842457362273891 0.0 0.32776280139784 0.0 0.3149418367459835 0.0 0.1742255897997792 0.0 0.17194652516530262
0 0.831380 0.052246 0.162760 0.102539 0.0 0.13940026940679473 0.0 0.16098206633298498 0.0 0.2852481836517901 0.0 0.29049484422484617 0.0 0.2822598201487725 0.0 0.2947069494551518 0.0
0 0.125000 0.328613 0.166667 0.129883 0.0 0.05982248260066332 0.03924717715803422 0.14949694372614403 0.06778439146533193 0.3177179482304076 0.32234539721784394 0.32070381700311423 0.3253258696548693 0.16948762931958034 0.1552345903220176 0.1728037822055152 0.16866651654388093
0 0.710938 0.227051 0.119792 0.100586 0.15360928497163417 0.24495166154872666 0.0 0.0 0.0 0.29315584520436094 0.0 0.0 0.0 0.2891632441248859 0.0 0.0 0.0
0 0.717448 0.960938 0.169271 0.078125 0.0 0.028870570046899 0.10508912493527106 0.01458453949164663 0.15899663932579927 0.28244758803750253 0.2928448772186143 0.3200440743409284 0.28986505273892377 0.15061058008145395 0.13000986691626193 0.18599029719912324 0.14961863676853082
0 0.605469 0.204590 0.098958 0.098633 0.0 0.23324828337508208 0.0 0.1871396476919205 0.0 0.28667308755422277 0.0 0.2963932576458672 0.0 0.28762015260939855 0.0 0.2829710907502633 0.0
0 0.425130 0.833496 0.115885 0.079102 0.0 0.0 0.21485704611828266 0.0 0.29312219988589516 0.0 0.36128414197687175 0.0 0.33197399445130504 0.0 0.12313717879141312 0.0 0.2043612369283491
0 0.477214 0.758789 0.126302 0.074219 0.0 0.0 0.20751244930850588 0.0 0.2231731756590222 0.0 0.3400979406731711 0.0 0.3561294506179856 0.0 0.1694557271929006 0.0 0.20454125035847426
0 0.520833 0.679199 0.111979 0.077148 0.0 0.0778885185865479 0.1257732135971204 0.0 0.20790498758642328 0.3356455526544471 0.36245914770456844 0.0 0.36167884441512715 0.17112626750943968 0.12681390756712668 0.0 0.22174847004349657
0 0.859375 0.758301 0.153646 0.106445 0.0 0.04417664939827092 0.15906320300657906 0.026387439571621756 0.1846659498884211 0.33900308674669205 0.36325959740133634 0.33649310109893715 0.3508592885995514 0.1504196383486567 0.14503522061641863 0.15236633838902158 0.1432665447405731
0 0.503906 0.188477 0.122396 0.087891 0.0 0.21139685830757426 0.0 0.05150441428879282 0.0 0.34703497824485335 0.0 0.308507927043709 0.0 0.2926770374991914 0.0 0.2939881126690651 0.0
0 0.256510 0.380859 0.111979 0.076172 0.0 0.24706321213946028 0.0 0.1901435311652579 0.0 0.3206377033416942 0.0 0.31181958784176916 0.0 0.17433428480517904 0.0 0.15938473721616334 0.0
0 0.626302 0.475098 0.091146 0.083008 0.0 0.14229727427121802 0.03711007151821864 0.19295903106452267 0.0 0.35788257078078234 0.3498498845210726 0.2753747722519625 0.0 0.1916282945590854 0.17831019470542817 0.16940008236725024 0.0
0 0.410156 0.162598 0.078125 0.096680 0.0 0.25503171787887036 0.0 0.12378766782237441 0.0 0.33703442704787123 0.0 0.26381186041962446 0.0 0.27686781647918657 0.0 0.27533220718252127 0.0
0 0.580078 0.025879 0.212240 0.049805 0.0 0.0 0.0 0.14560257468221588 0.0 0.0 0.0 0.2863481597640184 0.0 0.0 0.0 0.28098229144593745 0.0
0 0.861328 0.261719 0.186198 0.095703 0.0 0.23461768128140614 0.0 0.13032841492053615 0.0 0.27914224319573133 0.0 0.3007715539519486 0.0 0.29697037801918275 0.0 0.27300334034851925 0.0
0 0.930990 0.667969 0.132812 0.113281 0.0 0.03973968814860351 0.11966540560065916 0.0331779166328872 0.15464905450375382 0.3397116088131614 0.3591237635649881 0.32834522642340597 0.349848752388053 0.14586867200405243 0.1465289450424052 0.12369214177943712 0.12925286834827576
0 0.270833 0.135254 0.210938 0.098633 0.037623463307145506 0.09528568500956072 0.0 0.03495524256077452 0.05549073602162319 0.27467675117636037 0.0 0.3701234741089304 0.2325216236989295 0.27221102845065337 0.0 0.29106524437168246 0.2020582603885243
0 0.156901 0.609863 0.311198 0.284180 0.34463688394944275 0.0 0.0 0.0 0.0 0.0 0.0 0.0 0.0 0.0 0.0 0.0 0.0
0 0.386068 0.416016 0.149740 0.093750 0.0 0.17821254052017937 0.0 0.11157174340861747 0.0 0.3071797125083499 0.0 0.2995544836128176 0.0 0.17499877036575676 0.0 0.18968673876286235 0.0
0 0.732422 0.489746 0.128906 0.114258 0.029179428566606224 0.09565779062399209 0.13379077360142072 0.0 0.18641681251050918 0.30616274477818256 0.21000422411227246 0.0 0.38139534013215337 0.1617386278412018 0.17259603204766402 0.0 0.17527145948775524
0 0.648438 0.593262 0.130208 0.114258 0.0 0.0 0.17135146365872492 0.0 0.2454288308442214 0.0 0.20786894646134882 0.0 0.41439175169009423 0.0 0.18528769150894514 0.0 0.1696327606384655
0 0.247396 0.911621 0.132812 0.081055 0.35154530928335803 0.0 0.0 0.0 0.0 0.0 0.0 0.0 0.0 0.0 0.0 0.0 0.0
0 0.128906 0.870605 0.132812 0.081055 0.2846495409472245 0.0 0.0 0.0 0.0 0.0 0.0 0.0 0.0 0.0 0.0 0.0 0.0
0 0.043620 0.832031 0.084635 0.082031 0.3587555207155203 0.0 0.0 0.0 0.0 0.0 0.0 0.0 0.0 0.0 0.0 0.0 0.0
0 0.284505 0.974121 0.118490 0.051758 0.0 0.0 0.021409429449613156 0.0 0.20270455852671504 0.0 0.29275829019010996 0.0 0.3456869915308484 0.0 0.17489240599024924 0.0 0.1784785367010309
