0 0.844727 0.844727 0.173828 0.167969 0.0 0.06288609975376001 0.06435778421683314 0.06527838464382851 0.06590564321846418 0.1633971992134576 0.16273430348905954 0.1552179916488565 0.16277811402811304 0.10058369430659408 0.10035728365356818 0.10401755420224296 0.10041865922918715
0 0.123047 0.397949 0.146484 0.122070 0.0 0.0 0.0 0.2653936006955366 0.0 0.0 0.0 0.08704155015741671 0.0 0.0 0.0 0.40181653409046714 0.0
0 0.155762 0.034180 0.114258 0.066406 0.04397190727657792 0.0 0.10385092033568659 0.0 0.19262832214191336 0.0 0.17597903549923638 0.0 0.17345613380357486 0.0 0.588944345541834 0.0 0.5251206212023286
0 0.419434 0.353027 0.133789 0.143555 0.1603815726079876 0.0 0.16164012919078205 0.0 0.0 0.0 0.06916156964928663 0.0 0.0 0.0 0.5464899956360287 0.0 0.0
0 0.442871 0.532715 0.129883 0.204102 0.12353871366412476 0.0 0.14120517511189745 0.0 0.0 0.0 0.07257159603382221 0.0 0.0 0.0 0.5581137586043511 0.0 0.0
0 0.695312 0.023438 0.099609 0.044922 0.0 0.0 0.16443709472279244 0.0 0.21172781149760478 0.0 0.14735894758692178 0.0 0.14377378182727762 0.0 0.7197737067766571 0.0 0.7082984020790298
0 0.121582 0.269531 0.231445 0.144531 0.0 0.19062544921535077 0.0 0.17902787522111246 0.0 0.07041538958533478 0.0 0.06996084933385928 0.0 0.39631828746367703 0.0 0.40714628248180956 0.0
0 0.365723 0.161621 0.139648 0.245117 0.0 0.0 0.16159885980819336 0.0 0.16093972483524024 0.0 0.0694922035231972 0.0 0.06823248604642031 0.0 0.6375046189471628 0.0 0.6235330224035036
0 0.835938 0.288574 0.156250 0.086914 0.36853056122073463 0.0 0.0 0.0 0.0 0.0 0.0 0.0 0.0 0.0 0.0 0.0 0.0
0 0.157227 0.694824 0.111328 0.110352 0.0 0.12642755977462425 0.0 0.12917252618561842 0.0 0.08126341399144654 0.0 0.07594010534037954 0.0 0.9149095071157886 0.0 0.931177026843424 0.0
0 0.271484 0.811035 0.169922 0.163086 0.3297077683140294 0.0 0.0 0.0 0.0 0.0 0.0 0.0 0.0 0.0 0.0 0.0 0.0
0 0.404785 0.898438 0.290039 0.203125 0.18842324032396648 0.0 0.0007910758361012195 0.0 0.08279987151404666 0.0 0.07669620194065416 0.0 0.12081910992047774 0.0 0.03344692916034483 0.0 0.9130676251779938
0 0.963867 0.280762 0.072266 0.102539 0.3040120729278436 0.0 0.0 0.0 0.0 0.0 0.0 0.0 0.0 0.0 0.0 0.0 0.0
