0 0.352051 0.119629 0.108398 0.125977 0.0 0.0 0.11626936583563423 0.0 0.13110741419428146 0.0 0.21607376119136804 0.0 0.21542812125292127 0.0 0.33847327371881747 0.0 0.3442198410899839
0 0.324707 0.235352 0.104492 0.109375 0.0 0.0 0.13867756179371052 0.0 0.1346713836980087 0.0 0.21851484521004935 0.0 0.2199135777966139 0.0 0.3397590947755677 0.0 0.3410876741326621
0 0.265625 0.476074 0.117188 0.159180 0.0 0.0 0.12337101576273876 0.0 0.12507635401038822 0.0 0.2188724625218036 0.0 0.21194382395623415 0.0 0.340811517821876 0.0 0.35958095669830614
0 0.298828 0.344238 0.103516 0.116211 0.0 0.0 0.13043177621682556 0.0 0.15552192641812093 0.0 0.2210056315489458 0.0 0.21327979049807727 0.0 0.34044919491207964 0.0 0.3498271997978853
0 0.876465 0.895020 0.143555 0.118164 0.0 0.0 0.0 0.27976218659927543 0.0 0.0 0.0 0.08704155015741671 0.0 0.0 0.0 0.40181653409046714 0.0
0 0.097168 0.770508 0.165039 0.140625 0.36071743831511166 0.0 0.0 0.0 0.0 0.0 0.0 0.0 0.0 0.0 0.0 0.0 0.0
0 0.581055 0.441406 0.115234 0.144531 0.0 0.0 0.1796731831813875 0.0 0.19755816232913737 0.0 0.17898964601471146 0.0 0.17967379898377212 0.0 0.5474895653619386 0.0 0.545617259991629
0 0.626465 0.284668 0.110352 0.153320 0.0 0.0 0.1781537438037314 0.0 0.19099581507635519 0.0 0.1752120183311946 0.0 0.17616524653952784 0.0 0.5468259033907725 0.0 0.5424483557807065
0 0.183105 0.128906 0.166992 0.128906 0.0 0.13047147698085176 0.0 0.13618998187954118 0.0 0.2588520068953524 0.0 0.2637187724891361 0.0 0.34666387387923403 0.0 0.32819521719236533 0.0
0 0.666016 0.125000 0.119141 0.160156 0.0 0.0 0.1573381787703183 0.0 0.17910551801533214 0.0 0.17482693017340709 0.0 0.17553106493197387 0.0 0.5472990600023383 0.0 0.5414339967979689
0 0.947754 0.323730 0.104492 0.145508 0.0 0.0 0.22538851856134584 0.0 0.21578000954344495 0.0 0.18453274875934603 0.0 0.17983464018124065 0.0 0.5254110120721808 0.0 0.5429405847468922
0 0.913574 0.488281 0.116211 0.152344 0.0 0.0 0.18008829991200692 0.0 0.19291459049466736 0.0 0.17550388361375263 0.0 0.17202352427339884 0.0 0.5442925719980541 0.0 0.5426100035910635
0 0.404297 0.769043 0.226562 0.202148 0.15503820298868182 0.0 0.0 0.08737420226545667 0.0 0.0 0.0 0.07002731252505838 0.0 0.0 0.0 0.9127709910060077 0.0
0 0.906250 0.022949 0.101562 0.043945 0.0802211981834744 0.0 0.12376684727218612 0.0 0.21544052481727402 0.0 0.15685120683635545 0.0 0.15939405418422267 0.0 0.5704745653887348 0.0 0.5357228961779672
0 0.961914 0.193359 0.076172 0.121094 0.0 0.0 0.042173896509994285 0.0 0.3406279225832282 0.0 0.1847683040747769 0.0 0.17708431978840666 0.0 0.5561507346199205 0.0 0.5415403959670395
0 0.871582 0.770508 0.229492 0.140625 0.0 0.1975880099491029 0.0 0.1855668366210325 0.0 0.07041538958533478 0.0 0.06996084933385928 0.0 0.39631828746367703 0.0 0.40714628248180956 0.0
0 0.542480 0.567871 0.108398 0.081055 0.04599524916777114 0.0 0.23272774916986977 0.0 0.17841240400839445 0.0 0.18494889212475146 0.0 0.1831396364836483 0.0 0.543617550094206 0.0 0.539154990344908
0 0.238770 0.523438 0.081055 0.070312 0.0 0.0 0.09441373384488515 0.0 0.20930720940826852 0.0 0.21794971587046294 0.0 0.20780388321106152 0.0 0.3404741130912213 0.0 0.35949183256127304
0 0.050293 0.080078 0.098633 0.087891 0.0 0.14207417035807257 0.0 0.17363802705648662 0.0 0.26059705816198436 0.0 0.2689910983272364 0.0 0.23220280565057372 0.0 0.24365788792550422 0.0
0 0.058594 0.414062 0.115234 0.285156 0.22281867528330826 0.0 0.0 0.0 0.0 0.0 0.0 0.0 0.0 0.0 0.0 0.0 0.0
