0 0.603027 0.869141 0.106445 0.123047 0.0 0.0 0.1212218617591704 0.0 0.13669193707935898 0.0 0.21607376119136804 0.0 0.21542812125292124 0.0 0.33847327371881747 0.0 0.3442198410899838
0 0.561035 0.458984 0.143555 0.156250 0.0 0.0 0.11978159904935841 0.0 0.14923486271054287 0.0 0.16943917702993266 0.0 0.1667347423169466 0.0 0.548681855515742 0.0 0.5473258697580032
0 0.054688 0.328125 0.107422 0.177734 0.3326696704262168 0.0 0.0 0.0 0.0 0.0 0.0 0.0 0.0 0.0 0.0 0.0 0.0
0 0.428223 0.197754 0.176758 0.149414 0.2649059246483077 0.0 0.0 0.0 0.0 0.0 0.0 0.0 0.0 0.0 0.0 0.0 0.0
0 0.573730 0.965332 0.104492 0.069336 0.0 0.0 0.15407236190877546 0.0 0.13168973974697817 0.0 0.22067349644563933 0.0 0.21899445119629204 0.0 0.3433734032113667 0.0 0.35433146647107094
0 0.929688 0.216797 0.091797 0.111328 0.0 0.12293549816239473 0.0 0.11858164412496516 0.0 0.17859906360894867 0.0 0.18062401386663451 0.0 0.25123839108541784 0.0 0.2519126268834094 0.0
0 0.859863 0.188965 0.086914 0.112305 0.0 0.1314969491005048 0.0 0.08744099437991493 0.0 0.17030177345626502 0.0 0.1585369178159488 0.0 0.24370355406603214 0.0 0.2682316184123667 0.0
0 0.793945 0.529297 0.144531 0.150391 0.0 0.0 0.12978868549611614 0.0 0.14922678880853524 0.0 0.15697204731802467 0.0 0.15834080787397156 0.0 0.5511826581325383 0.0 0.5451865027279739
0 0.518066 0.646484 0.143555 0.130859 0.20081555298264206 0.0 0.0 0.0 0.0 0.0 0.0 0.0 0.0 0.0 0.0 0.0 0.0
0 0.281250 0.180176 0.195312 0.190430 0.29690602603479804 0.0 0.0 0.0 0.0 0.0 0.0 0.0 0.0 0.0 0.0 0.0 0.0
0 0.432129 0.885742 0.188477 0.136719 0.0 0.10899341889014752 0.0 0.1137705503695412 0.0 0.2588520068953524 0.0 0.2637187724891361 0.0 0.34666387387923403 0.0 0.32819521719236533 0.0
0 0.707520 0.107910 0.083008 0.127930 0.0 0.16344787656391008 0.0 0.25197398460244885 0.0 0.1888745617800483 0.0 0.193479745422597 0.0 0.24986908993881182 0.0 0.2394748524048162 0.0
0 0.135742 0.151855 0.123047 0.184570 0.2957705781108384 0.0 0.0 0.0 0.0 0.0 0.0 0.0 0.0 0.0 0.0 0.0 0.0
0 0.769531 0.139160 0.078125 0.120117 0.0 0.1966509704578674 0.0 0.23528242079615774 0.0 0.19638837728806316 0.0 0.19611284213930336 0.0 0.24376492308556735 0.0 0.25650744692005834 0.0
0 0.257812 0.823242 0.175781 0.099609 0.0 0.15534564016237667 0.0 0.15853382887628953 0.0 0.26012875740558256 0.0 0.2670240345182371 0.0 0.34392445168947916 0.0 0.32991968571688773 0.0
0 0.907227 0.873047 0.123047 0.158203 0.0 0.0 0.1542240976306353 0.0 0.17556061162310233 0.0 0.17482693017340709 0.0 0.17553106493197387 0.0 0.5472990600023383 0.0 0.5414339967979689
0 0.871582 0.979492 0.118164 0.041016 0.0 0.0 0.1750257634945306 0.0 0.15338275913541752 0.0 0.17480118158037192 0.0 0.1741765505150415 0.0 0.5362231825555633 0.0 0.5794034146312655
0 0.974121 0.293457 0.049805 0.151367 0.0 0.12387342333417992 0.0 0.17621868756554454 0.0 0.2722761155091635 0.0 0.2651140008753428 0.0 0.2467605190655574 0.0 0.25414238008345524 0.0
0 0.362793 0.621094 0.143555 0.130859 0.15431611034425247 0.04649135785034715 0.0 0.0 0.0 0.06841208962566911 0.0 0.0 0.0 0.15958893963642645 0.0 0.0 0.0
