0 0.450195 0.272461 0.099609 0.107422 0.009445320359680109 0.02234343322618029 0.05898319542045156 0.052557309566436144 0.043794631034458825 0.18341854759065604 0.26671990740469886 0.2729199074224327 0.18501723397267936 0.359849175409311 0.35268503057140227 0.4082269125154003 0.3407224727220779
0 0.263672 0.312500 0.199219 0.207031 0.0 0.0 0.12984631363340304 0.07380159266360037 0.1217144678090337 0.0 0.28775765018916144 0.29073380831229595 0.2851220300186024 0.0 0.3103609740049529 0.3094540108921264 0.3096241660850653
0 0.196289 0.694336 0.082031 0.093750 0.0 0.10237969556399941 0.05356571945853659 0.09107449425239805 0.0 0.2502582458869437 0.2442029423334436 0.2404387393461627 0.0 0.29970609645474533 0.3205199127852148 0.3078062657003563 0.0
0 0.548828 0.289551 0.083984 0.104492 0.0 0.1084343573460116 0.18326076936074778 0.0 0.11144616099595019 0.29068493731908923 0.24396771249532836 0.0 0.25757689768631997 0.3981405819342364 0.5584565676960688 0.0 0.5062563976246612
0 0.728027 0.491699 0.151367 0.092773 0.0 0.0 0.10484794044961543 0.0913485237379924 0.1353221771459099 0.0 0.2471612375573268 0.21637004809569135 0.24662236894197095 0.0 0.5557152353903625 0.5546936668175306 0.5593198337225272
0 0.559082 0.381836 0.092773 0.082031 0.0 0.0 0.19043268965552682 0.0 0.1881262888513409 0.0 0.31336308491021053 0.0 0.15530379114106896 0.0 0.5268903290678867 0.0 0.5726710321661235
0 0.740234 0.873047 0.089844 0.099609 0.0 0.0 0.15769884073357293 0.0 0.19992641635216546 0.0 0.31821349813694666 0.0 0.3181088991208997 0.0 0.5629109182519749 0.0 0.5505374247057432
0 0.592285 0.820312 0.114258 0.068359 0.0 0.03322700510672034 0.1490287014429795 0.033729856136888926 0.0629672425461182 0.24972428764890311 0.3142751478767047 0.24286656519110367 0.24390118410764455 0.5473064108710471 0.5832636861831889 0.5551764172035802 0.5670671396943215
0 0.389160 0.729980 0.096680 0.094727 0.0 0.09275827915162888 0.0 0.15630964638058745 0.0 0.35995503668869616 0.0 0.13982951215155828 0.0 0.3699841178907702 0.0 0.36930847640876374 0.0
0 0.567383 0.520508 0.095703 0.074219 0.07213877214652316 0.0 0.15273515674072521 0.0 0.04175972489096877 0.0 0.12758507487593862 0.0 0.25962105656115614 0.0 0.5780538796847103 0.0 0.5518068957385202
0 0.890137 0.365234 0.149414 0.126953 0.0 0.03623277099501378 0.05221999563166701 0.0671419278465628 0.05205076674732812 0.33989134651160513 0.33058180212722477 0.32240881222761386 0.302530131698007 0.14286000769432716 0.24318147642204696 0.13660186444829533 0.4976141789737081
0 0.298340 0.754395 0.110352 0.178711 0.0 0.024997057207301297 0.13588717773324555 0.0 0.12020493986379777 0.2482252375539155 0.21589075712863426 0.0 0.24964206337799486 0.3692110121406843 0.34818000654415504 0.0 0.3080746238353615
0 0.741211 0.962891 0.085938 0.074219 0.0 0.0 0.11626853277755533 0.0 0.20438141620516187 0.0 0.37210030140615913 0.0 0.2962560468847918 0.0 0.5701309377032319 0.0 0.5595525155002523
0 0.567871 0.453125 0.084961 0.066406 0.0 0.029438676242042605 0.08383960132798565 0.025902357866015753 0.15129517803072093 0.40499584298735397 0.35040655882515936 0.45162496434363764 0.22814381081808252 0.5520516093453591 0.5388344186511169 0.525921602546534 0.5374826564721256
0 0.712402 0.400879 0.141602 0.088867 0.0 0.0 0.12393411164980701 0.0 0.11979739680044683 0.0 0.14583493788885488 0.0 0.1640588250323841 0.0 0.5606235021284984 0.0 0.5589443251001581
0 0.475098 0.748535 0.094727 0.100586 0.0 0.12712955398828985 0.039210971507560165 0.058218213875694855 0.04122372780816058 0.3062845754389528 0.09278332846101178 0.08148190879378008 0.09036039965505388 0.3518040055831662 0.4356149798863416 0.4172290836255734 0.4323596298305631
0 0.160156 0.547852 0.125000 0.128906 0.0 0.1505412523018297 0.0 0.14846344626983057 0.0 0.2817181279815673 0.0 0.28282658032837615 0.0 0.2884699799241296 0.0 0.2861532758845726 0.0
0 0.608887 0.877441 0.090820 0.049805 0.0 0.04444717995917769 0.13768334784129296 0.012047783765032485 0.14883689089798624 0.17037253092071647 0.3590699465793963 0.2720343931971693 0.25250764745251825 0.2140589393573704 0.6153137149548891 0.5540650175666175 0.5580550343717559
0 0.882812 0.955078 0.119141 0.087891 0.0 0.0 0.19338685256185237 0.005169898828778827 0.16646525948136148 0.0 0.3533472616746384 0.3756897787050368 0.18666357700128666 0.0 0.09743710198521949 0.12667647910078775 0.11394486703235451
0 0.122070 0.670410 0.080078 0.090820 0.03986381048549295 0.20514380405713523 0.0 0.10634053416384441 0.006707152805815377 0.3844293948219416 0.0 0.3422232323464992 0.4500635803825398 0.29094045934692314 0.0 0.29766854826073685 0.9497449821110542
0 0.929199 0.897949 0.096680 0.077148 0.0 0.0 0.1570111625093839 0.0 0.17458116426018683 0.0 0.2899143198784551 0.0 0.2788936741578111 0.0 0.09370540036638822 0.0 0.11248046973946657
0 0.958984 0.809082 0.082031 0.139648 0.0 0.013455873267801004 0.09533002136273852 0.012378304268495139 0.10312512513589106 0.1640242741050349 0.3402980580493711 0.29103139726527916 0.13557387794838335 0.134682860495483 0.11977221020581573 0.08701569553826592 0.11322617297293083
0 0.578613 0.750488 0.131836 0.077148 0.18046695306142518 0.13390700224624355 0.07260811718255016 0.0 0.0 0.5331726182273866 0.4068606311732003 0.0 0.0 0.37124587727641273 0.6575135063387336 0.0 0.0
0 0.877930 0.717285 0.193359 0.120117 0.0 0.11122429680178561 0.0441360767109681 0.11087768075088597 0.01625724469424382 0.2924097765639959 0.2543042924902529 0.2785944361697706 0.31504973898208183 0.24233781979599264 0.3769553185603315 0.30683248349780656 0.518529641087074
0 0.698730 0.314941 0.127930 0.088867 0.0 0.04295036378625356 0.18496109926778398 0.032658219203419984 0.11271360699678953 0.28272185273190764 0.2286791591262374 0.29253052226513965 0.3354004423308459 0.5548490271564239 0.5584185225937545 0.5781875002223147 0.5528329644514351
0 0.070801 0.848633 0.133789 0.111328 0.0069693125975583215 0.15427524669536424 0.0 0.1810130100359951 0.0 0.2422275805727922 0.0 0.29556141223929006 0.0 0.3563461465631256 0.0 0.5044531694591773 0.0
0 0.286621 0.109375 0.213867 0.203125 0.031231619740003644 0.08131931991259801 0.10107876368626445 0.06904027555030587 0.08082052642309513 0.2150744879451994 0.18346836871903494 0.254071401307107 0.2051522872058743 0.3814161807325432 0.37193217930978506 0.3663715317655435 0.3738659985319548
0 0.733887 0.699219 0.135742 0.126953 0.03311440061395416 0.08250910147545816 0.0032477725932627565 0.03889787049346132 0.2444191355770214 0.24687740260371172 0.38804094999368954 0.1183149231925083 0.2294130555907422 0.4134015313483873 0.21454876890255908 0.6670612386836038 0.5795296065999532
0 0.362793 0.611328 0.125977 0.080078 0.0 0.013249302684864489 0.08534942656418851 0.14175595887428555 0.08193025877839102 0.34760123716829744 0.26102604803555596 0.33490187303385266 0.30758925940033344 0.358739573233147 0.3280592017026841 0.37013910330282823 0.33995339342153463
0 0.944824 0.602051 0.110352 0.159180 0.0 0.09933280718360277 0.03547385633483063 0.1148075070131804 0.09842998149833315 0.20337672140691046 0.201811205929875 0.19031846626134727 0.20061440051317875 0.2576892968094156 0.2635154252389891 0.23779704923498104 0.2652950768349663
0 0.402344 0.440430 0.099609 0.064453 0.09943619334762133 0.0 0.05837994923001831 0.0 0.0587709356212226 0.0 0.10842382945144667 0.0 0.20154313367782134 0.0 0.25607279012516526 0.0 0.34264939078346157
0 0.381348 0.491699 0.081055 0.057617 0.0 0.0 0.07131531915646827 0.0 0.10533951419946912 0.0 0.28685469670288344 0.0 0.34101830586495435 0.0 0.24957992837273932 0.0 0.3087538914789742
0 0.697266 0.214355 0.132812 0.110352 0.01620691370448183 0.0 0.09552249599505885 0.0 0.14096140526877246 0.0 0.33189090191729403 0.0 0.3130907346372567 0.0 0.2019291717876926 0.0 0.2405567351978288
0 0.256836 0.906250 0.138672 0.154297 0.0 0.0 0.11985250496298203 0.03587882405249528 0.1038709523838273 0.0 0.1550344509848573 0.15176824082417537 0.162927330009019 0.0 0.3240234962654679 0.2370814023376618 0.31097016869750227
0 0.065918 0.509766 0.129883 0.121094 0.0 0.05653163956009458 0.0 0.13332377288041894 0.0 0.2825440653557238 0.0 0.23651532845025228 0.0 0.29989812341202404 0.0 0.28336263518068194 0.0
0 0.358398 0.970703 0.109375 0.058594 0.0 0.21024323090245134 0.0 0.07356243345560945 0.0 0.14883225698692865 0.0 0.16938477995734078 0.0 0.2397751328194038 0.0 0.253936108370521 0.0
0 0.162109 0.818848 0.091797 0.081055 0.0 0.0 0.13427504817313246 0.0 0.14069992474558113 0.0 0.34886436136226967 0.0 0.39178860419608263 0.0 0.22709694579998668 0.0 0.2027497676301708
0 0.761230 0.086914 0.114258 0.064453 0.07227036864107732 0.0 0.054066112983329195 0.0 0.1436603278984343 0.0 0.2675864368071287 0.0 0.20618341376526142 0.0 0.18204940368767406 0.0 0.18929019685174353
0 0.726562 0.136719 0.107422 0.072266 0.0 0.0 0.12833978539675808 0.0 0.14708518661163142 0.0 0.22978506653015252 0.0 0.2584465845526491 0.0 0.2595017917342318 0.0 0.19384579200989957
0 0.376465 0.548828 0.110352 0.066406 0.0 0.011718316075111245 0.1439558126902393 0.04813405955608535 0.14728473676900147 0.44691205746424284 0.21598415913538066 0.40205209955305454 0.33839552177032767 0.39246970353934724 0.42238320540310814 0.359458660606688 0.3088356772767737
0 0.020508 0.823242 0.039062 0.095703 0.0 0.14453135425463973 0.0 0.08852725865471787 0.0 0.14602815011553688 0.0 0.2389948886036883 0.0 0.2407328771230212 0.0 0.20679513112422815 0.0
0 0.060059 0.649414 0.081055 0.087891 0.026220267482895045 0.17782779645604965 0.0 0.22837257556262477 0.0 0.3880255722821921 0.0 0.37011193521758756 0.0 0.3136452224038981 0.0 0.27701023287961185 0.0
0 0.897949 0.039062 0.098633 0.066406 0.0 0.09870057962607677 0.03537150550821768 0.1260496427159863 0.027177723294556002 0.2014325690307517 0.18741395154266954 0.18597435620057184 0.18704808449527396 0.2940599585228496 0.29949698894761684 0.29552217047808826 0.2462477514684063
0 0.567871 0.590820 0.108398 0.072266 0.0 0.0 0.1421631962448805 0.0 0.15183072609424633 0.0 0.09343997387640615 0.0 0.089302755396957 0.0 0.5682349605894483 0.0 0.5750585627359969
0 0.614746 0.925781 0.096680 0.050781 0.0 0.0 0.12690844917624072 0.0 0.1136844032258778 0.0 0.38601947916391943 0.0 0.2946433681670555 0.0 0.6152516380079454 0.0 0.47126016478129673
0 0.545410 0.125000 0.198242 0.179688 0.0 0.07493295713465889 0.0621351255542137 0.08619273202665874 0.06922947647770872 0.14612924841613883 0.2062806878375172 0.13762235413376395 0.2008352499020406 0.1836799275309508 0.20678284381625456 0.26418905711560875 0.20994696563158566
0 0.625000 0.976562 0.091797 0.046875 0.0 0.0 0.19715012055129869 0.0 0.19725934475599924 0.0 0.4309419163875993 0.0 0.229314213852862 0.0 0.5708632410980038 0.0 0.5655664211734578
0 0.569336 0.661621 0.136719 0.065430 0.1383013560594592 0.0 0.06669096545611458 0.08492232650800366 0.012285003546412373 0.0 0.6012872163482578 0.6149953696005103 0.5746891066912208 0.0 0.5560040934108372 0.3627685698022822 0.9964203699511798
0 0.427246 0.378418 0.108398 0.079102 0.006382702207537427 0.006073012081333549 0.12027943080839612 0.0 0.1050224075351166 0.06684605452344068 0.22114801690073232 0.0 0.29341246998027326 0.5792840289121446 0.36282400601634723 0.0 0.3190868086443195
0 0.975586 0.443359 0.048828 0.130859 0.10665249605530587 0.07193931422943847 0.0 0.0 0.24592380119442864 0.2774258183543983 0.0 0.0 0.25416967306500726 0.1461445570338285 0.0 0.0 0.23634072010151802
0 0.792480 0.041992 0.114258 0.074219 0.0 0.0 0.08408528015500118 0.0 0.12571258350058825 0.0 0.23721074200620557 0.0 0.2361055091281113 0.0 0.21703340199513263 0.0 0.20571255191014062
0 0.262695 0.524902 0.070312 0.190430 0.0 0.011189771455562133 0.1775739813542014 0.04016328483276217 0.09571828742094762 0.3451016585594047 0.44147530484023756 0.3381640770510642 0.45037814205953136 0.2947561065812555 0.3072701805962885 0.29921214223169207 0.317982496245382
0 0.733398 0.793945 0.093750 0.052734 0.0 0.0 0.1593842845221079 0.0 0.22590623108797558 0.0 0.32197347567435575 0.0 0.35921253813962184 0.0 0.5602367853554288 0.0 0.5795985135863134
0 0.768555 0.580078 0.212891 0.087891 0.019695596116848173 0.07325351967754518 0.0 0.04264458087919255 0.04198909770585239 0.19143222243593833 0.0 0.2642049679385034 0.08221941112054454 0.3606890904180025 0.0 0.39167663606737185 0.4781006477922309
