0 0.274740 0.391602 0.088542 0.072266 0.0 0.30393814414925063 0.0 0.16156607031525083 0.0 0.215821849677402 0.0 0.22907476611566588 0.0 0.23246295996696048 0.0 0.2285564914525875 0.0
0 0.222005 0.077637 0.102865 0.081055 0.0 0.2057928226061251 0.0 0.20899167642427938 0.0 0.1768738734206316 0.0 0.1904940229918117 0.0 0.7875835491201156 0.0 0.8474493426302995 0.0
0 0.510417 0.191406 0.187500 0.095703 0.2836307860656887 0.0 0.0 0.0 0.0 0.0 0.0 0.0 0.0 0.0 0.0 0.0 0.0
0 0.413411 0.943359 0.139323 0.113281 0.03170181372746295 0.0 0.2333015695002353 0.0 0.19473096717363164 0.0 0.1707457881964168 0.0 0.16974993784326886 0.0 0.5426555701246659 0.0 0.5489795344470543
0 0.615885 0.608887 0.104167 0.100586 0.0 0.22087282834212843 0.0 0.3405012522510033 0.0 0.1888745617800483 0.0 0.193479745422597 0.0 0.24986908993881182 0.0 0.2394748524048162 0.0
0 0.654948 0.339355 0.184896 0.083008 0.35942939889309167 0.0 0.0 0.0 0.0 0.0 0.0 0.0 0.0 0.0 0.0 0.0 0.0
0 0.369792 0.456543 0.080729 0.092773 0.0 0.0401919701534831 0.0 0.06457457351354312 0.0 0.18935200993771162 0.0 0.23195172803336866 0.0 0.23665859339211784 0.0 0.17089208814781942 0.0
0 0.791016 0.347168 0.084635 0.086914 0.3782498916329131 0.0 0.0 0.0 0.0 0.0 0.0 0.0 0.0 0.0 0.0 0.0 0.0
0 0.233073 0.698242 0.182292 0.148438 0.34473871105665344 0.0 0.0 0.0 0.0 0.0 0.0 0.0 0.0 0.0 0.0 0.0 0.0
0 0.821615 0.686035 0.078125 0.088867 0.0 0.2929904333459764 0.0 0.1810651620088979 0.0 0.17115325925328692 0.0 0.15932496915485336 0.0 0.24933944671417266 0.0 0.2618233831510793 0.0
0 0.085286 0.685547 0.167969 0.173828 0.25785619851722064 0.0 0.0 0.0 0.0 0.0 0.0 0.0 0.0 0.0 0.0 0.0 0.0
0 0.903646 0.711914 0.083333 0.078125 0.0 0.2573001559195746 0.0 0.24818767547717316 0.0 0.17859906360894867 0.0 0.18062401386663451 0.0 0.25123839108541784 0.0 0.2519126268834094 0.0
0 0.973307 0.792969 0.053385 0.115234 0.0 0.20240169728331794 0.0 0.2879306997117878 0.0 0.2722761155091635 0.0 0.2651140008753428 0.0 0.2467605190655574 0.0 0.25414238008345524 0.0
0 0.719401 0.973145 0.154948 0.053711 0.05103013800764123 0.0 0.17321993318699916 0.0 0.058688311572399544 0.0 0.16295430957973478 0.0 0.15326805656274622 0.0 0.524984438299392 0.0 0.6001075984981017
0 0.049479 0.317871 0.080729 0.084961 0.0 0.27762442611684074 0.0 0.11488544326183882 0.0 0.21952858764030048 0.0 0.22829878977302498 0.0 0.2563170920792669 0.0 0.23869279574484936 0.0
0 0.325521 0.207031 0.187500 0.095703 0.0 0.0 0.0 0.3133488809194418 0.0 0.0 0.0 0.07442840170412204 0.0 0.0 0.0 0.7920098355021676 0.0
0 0.152995 0.104980 0.102865 0.081055 0.0 0.240312920239777 0.0 0.13883371015716045 0.0 0.21942237340774381 0.0 0.22847668056018205 0.0 0.7543357060603092 0.0 0.8808522309842652 0.0
0 0.052083 0.105957 0.101562 0.081055 0.2319000457698113 0.0 0.0 0.0 0.0 0.0 0.0 0.0 0.0 0.0 0.0 0.0 0.0
0 0.122396 0.343262 0.080729 0.084961 0.0 0.2877367958281094 0.0 0.10581129676034717 0.0 0.21970419322356835 0.0 0.2251249307204584 0.0 0.24224143823770466 0.0 0.22965288859635613 0.0
0 0.194010 0.372559 0.080729 0.084961 0.0 0.2997648785528269 0.0 0.14967025218226912 0.0 0.21449938266269525 0.0 0.22648300853152006 0.0 0.2428572177368767 0.0 0.22906200134215926 0.0
0 0.881510 0.336914 0.096354 0.085938 0.3700541941701573 0.0 0.0 0.0 0.0 0.0 0.0 0.0 0.0 0.0 0.0 0.0 0.0
0 0.420573 0.472168 0.080729 0.092773 0.0 0.13471433439505154 0.0 0.0901613365716038 0.0 0.10219741913648865 0.0 0.2360906416377871 0.0 0.2037475545493837 0.0 0.23519573888980289 0.0
0 0.471354 0.490723 0.080729 0.092773 0.1325203875935252 0.0 0.0 0.025254398135350038 0.0 0.0 0.0 0.2434473922877412 0.0 0.0 0.0 0.10702814980640293 0.0
0 0.520833 0.517090 0.098958 0.124023 0.0 0.13552234322678133 0.0 0.12542728065350117 0.0 0.25672972785606774 0.0 0.23442998575988586 0.0 0.2257376521462029 0.0 0.2534713697143746 0.0
0 0.699870 0.636230 0.100260 0.104492 0.0 0.2348641278438421 0.0 0.2810024299835165 0.0 0.19638837728806313 0.0 0.19611284213930336 0.0 0.24376492308556735 0.0 0.25650744692005834 0.0
0 0.981120 0.481445 0.037760 0.087891 0.26290920319299627 0.0 0.0 0.0 0.0 0.0 0.0 0.0 0.0 0.0 0.0 0.0 0.0
