0 0.062500 0.303711 0.082031 0.078125 0.0 0.2450957257160069 0.0 0.2367445482112035 0.0 0.25615679112559625 0.0 0.2591192667975584 0.0 0.07421396557747657 0.0 0.05073646274282611 0.0
0 0.871582 0.859375 0.098633 0.111328 0.0 0.15346246423164026 0.0 0.10789934485761038 0.047896843602016924 0.3465432275530358 0.0 0.28616019912762325 0.341893112951533 0.9862057537480495 0.0 0.9822558376414564 0.9744620706794964
0 0.868652 0.440918 0.104492 0.092773 0.0 0.06357288024501673 0.0 0.09559495374741452 0.0 0.29861460622085245 0.0 0.24039879497901684 0.0 0.9704050976861052 0.0 0.9479568817633264 0.0
0 0.655273 0.651855 0.105469 0.112305 0.0 0.1354571701570585 0.031471067810256326 0.07501766562280557 0.10567150695514389 0.3257658294282631 0.3083760260738301 0.3468591174130232 0.32368275181233 0.9850983524106182 0.9817550228753527 0.9155958756790848 0.9857223205451795
0 0.425781 0.427246 0.076172 0.075195 0.0 0.34684060904201097 0.0 0.2969246185253924 0.0 0.31477227831890614 0.0 0.30163958959727727 0.0 0.05610853807110219 0.0 0.04699594758936377 0.0
0 0.363770 0.381836 0.088867 0.076172 0.0 0.24915851548102402 0.0 0.2220619022323201 0.0 0.32141857299272625 0.0 0.30266345572247805 0.0 0.048645873383946284 0.0 0.04947120814457643 0.0
0 0.492676 0.141113 0.090820 0.090820 0.0 0.1929081390074305 0.0 0.11253669104103808 0.0 0.315341618422037 0.0 0.32710571193524296 0.0 0.05797731577351305 0.0 0.058746149691509056 0.0
0 0.599609 0.098633 0.082031 0.083984 0.0 0.14492611239591494 0.07883705398158797 0.15270946135380506 0.0 0.32428117792599603 0.2779432675706368 0.31090062577308925 0.0 0.10117996982113624 0.2050799258741885 0.1321491302277653 0.0
0 0.473145 0.469727 0.065430 0.076172 0.0 0.10446607218787246 0.0 0.18367803875243358 0.0 0.44943917439202696 0.0 0.32303098832551325 0.0 0.03484824618709889 0.0 0.046278625944531075 0.0
0 0.838867 0.275879 0.103516 0.079102 0.0 0.1806233783569674 0.0 0.1019897616318522 0.0 0.22557916340555428 0.0 0.21196720518953013 0.0 0.7555639037708016 0.0 0.991653836429935 0.0
0 0.659180 0.141113 0.080078 0.081055 0.0 0.10126434692218868 0.041013568607277284 0.11569425620500852 0.0 0.32612389520130913 0.32502144206826455 0.3031121558537884 0.0 0.09839477045958654 0.10061444027581956 0.10881629333111265 0.0
0 0.616211 0.796387 0.095703 0.086914 0.0 0.0 0.16911106071225224 0.07542831895436285 0.07114812868456823 0.0 0.2930162892315316 0.3150381121002254 0.27051625843053806 0.0 0.9739810533440256 0.07619455910319647 0.9952083908284562
0 0.504883 0.333984 0.074219 0.068359 0.0 0.19703696818616148 0.0 0.11357165500133101 0.0 0.19495881532988624 0.0 0.22667173380527478 0.0 0.08146887867737797 0.0 0.11448125222872092 0.0
0 0.542969 0.369141 0.074219 0.074219 0.13237242817079967 0.18249036838597374 0.0 0.0 0.0 0.19915196941751592 0.0 0.0 0.0 0.1552372487879832 0.0 0.0 0.0
0 0.428711 0.073730 0.111328 0.108398 0.0 0.04728018669745651 0.05267253399891234 0.062288152619266304 0.13508092965909405 0.3261989792785996 0.32016568919885635 0.29352331517000435 0.3255933683533248 0.05723301488145864 0.09678795241964402 0.03911223968537204 0.1314894933275383
0 0.764160 0.531250 0.084961 0.085938 0.0 0.19048859447298536 0.1514480510459641 0.0 0.0 0.29311596616344987 0.2569664285793631 0.0 0.0 0.9967852614264548 0.06439440245318653 0.0 0.0
0 0.961914 0.340820 0.076172 0.105469 0.0 0.24504388985943712 0.0823000525709713 0.0 0.0 0.26639744784636066 0.27111420087771265 0.0 0.0 0.9390190124120626 0.007591551621224981 0.0 0.0
0 0.925293 0.395020 0.086914 0.083008 0.0 0.0 0.0 0.07211240953867815 0.0682280139888436 0.0 0.0 0.2314655564816359 0.27115608303811983 0.0 0.0 0.9564114263505038 0.012981005986389012
0 0.926270 0.609863 0.102539 0.092773 0.0 0.0 0.0 0.17531176338190096 0.3008255422648143 0.0 0.0 0.26063319693716663 0.2488587816247732 0.0 0.0 0.9649004028514443 0.018096514110765346
0 0.695801 0.308594 0.084961 0.085938 0.0 0.14929542725640316 0.0 0.20377224303315167 0.0 0.29435610246849153 0.0 0.2522450284822167 0.0 0.06198234739952554 0.0 0.05892403817389259 0.0
0 0.542969 0.181152 0.070312 0.083008 0.0 0.04703298756136488 0.0 0.05879407452027395 0.0 0.3009699470515497 0.0 0.3304610411325978 0.0 0.06714377114912864 0.0 0.07128637700765271 0.0
0 0.651855 0.269531 0.083008 0.078125 0.0 0.037791062035954844 0.020794594332909692 0.07229185070223676 0.0 0.2661582908427277 0.27817129067160784 0.2803830151423171 0.0 0.0372024606120207 0.9617851055075463 0.08109283376628801 0.0
0 0.583496 0.209961 0.077148 0.080078 0.0 0.19267609453959791 0.0 0.07452438879893411 0.0 0.2662523896106792 0.0 0.16818253611739595 0.0 0.03686865408908402 0.0 0.08221392076976536 0.0
0 0.810547 0.489746 0.070312 0.069336 0.0 0.2673912806556783 0.0 0.09050961733127981 0.0 0.31436526808371423 0.0 0.27939221286006216 0.0 0.9786186278360178 0.0 0.9731806032367558 0.0
0 0.047852 0.837891 0.093750 0.099609 0.0 0.09833216877283375 0.0399539564965097 0.0 0.13118933609905717 0.3445996535077898 0.30889280500532146 0.0 0.33945126529582426 0.48989377636762127 0.7730838181157763 0.0 0.8615508474721818
0 0.924316 0.924316 0.065430 0.071289 0.0 0.0 0.14943882570858175 0.0 0.19997434688344035 0.0 0.2948822137063004 0.0 0.30169181119247923 0.0 0.9839372303696763 0.0 0.9903741347159029
0 0.770020 0.760742 0.100586 0.085938 0.0 0.021187926857789426 0.01714626158536876 0.08116891785629261 0.08016104944674822 0.25066050909960774 0.11365525951045115 0.26665679492926975 0.29215169962385573 0.9809524275844205 0.9718605452252045 0.825375342280871 0.9808866983947919
0 0.346191 0.211914 0.137695 0.107422 0.0 0.10470721012715178 0.011809891886184264 0.006510970536818856 0.08424295332466655 0.10930582392137368 0.11585391007853096 0.11535552393251133 0.11412527352509949 0.05736365318277927 0.05215474140601878 0.06001626131316837 0.05149353817837243
0 0.146973 0.965332 0.096680 0.067383 0.0 0.0 0.18907900975210512 0.0 0.2177914243967644 0.0 0.3299700294973843 0.0 0.3127120160401262 0.0 0.8439740184261505 0.0 0.8474695776973018
0 0.079102 0.104980 0.117188 0.120117 0.0 0.0 0.081783405424751 0.055490226203149286 0.12798136036050636 0.0 0.2573144303052287 0.3148613449068695 0.29402763964341017 0.0 0.24081963602621637 0.031352993006255915 0.05514711915988749
0 0.753418 0.945312 0.086914 0.070312 0.0 0.0 0.25012568320839973 0.19723488890722518 0.0 0.0 0.26337819668846235 0.26518969269622084 0.0 0.0 0.9193330513042122 0.029366773995616314 0.0
0 0.968262 0.578613 0.063477 0.077148 0.0 0.0 0.0 0.12076251909472381 0.2354219117449032 0.0 0.0 0.22256891406930104 0.20120781001986773 0.0 0.0 0.9904313843504844 0.06999259498848542
0 0.411133 0.965332 0.089844 0.069336 0.0 0.0 0.21674206773209187 0.0 0.16274025791764035 0.0 0.31436406722084453 0.0 0.3419999033172927 0.0 0.957665856364607 0.0 0.9548633740930803
0 0.611816 0.243164 0.061523 0.074219 0.0 0.1704828639519999 0.0 0.1546479657383008 0.0 0.23070497728440548 0.0 0.2585998350258277 0.0 0.03420461469431133 0.0 0.0714181237676431 0.0
0 0.539551 0.058105 0.079102 0.071289 0.0 0.20304710454038477 0.0 0.17350910260584862 0.0 0.3183319159625323 0.0 0.3145755944089668 0.0 0.10032346409921662 0.0 0.09736971576870312 0.0
0 0.463379 0.828613 0.067383 0.065430 0.0 0.0 0.17010241669109896 0.0 0.19270412234577877 0.0 0.33689228756664935 0.0 0.295227075991918 0.0 0.9966903319149518 0.0 0.9894088013132079
0 0.532227 0.531738 0.103516 0.096680 0.0 0.1011297260469183 0.0 0.17564263843281563 0.023073421190528947 0.3418313981361059 0.0 0.34699027764583124 0.35716767101229585 0.046877916862783864 0.0 0.23909158324461818 0.007655886945483795
0 0.601074 0.412598 0.088867 0.077148 0.0 0.16471757035832305 0.01674194976189867 0.22675944568420628 0.015479715891885643 0.2111631212611447 0.43498044971243943 0.23461399623718482 0.4421375494730907 0.043882588107150663 0.02947084837150808 0.06749759518405558 0.06426449478654964
0 0.284668 0.036133 0.075195 0.070312 0.0 0.0 0.17780585718019193 0.0 0.3167113782446328 0.0 0.2477690222470679 0.0 0.2373326639364081 0.0 0.12430142248093716 0.0 0.10980880330012073
0 0.151855 0.192871 0.118164 0.083008 0.0 0.09417748853656034 0.057191246366560235 0.1619909881424488 0.0 0.33232942514780855 0.3195433040942104 0.3273251323483037 0.0 0.07848160260304829 0.09487176900365424 0.06510217195114162 0.0
0 0.715332 0.909180 0.086914 0.074219 0.0 0.0 0.19721705651804375 0.19500669802392523 0.0 0.0 0.25532247730107926 0.209476618556189 0.0 0.0 0.8934218938868702 0.0358219098892047 0.0
0 0.279297 0.306641 0.136719 0.111328 0.01716967969953681 0.04974031837748302 0.02461124969673535 0.13402757293687198 0.08101494117573069 0.3111815541395711 0.11267610006625686 0.2669984975168276 0.3009735303528878 0.05007782254343943 0.22861465948435125 0.44728352834423857 0.07880232476194951
0 0.212402 0.108887 0.114258 0.102539 0.0 0.0 0.13481769209835187 0.0 0.17576146513257973 0.0 0.3617660731246985 0.0 0.3430108755749006 0.0 0.10269635782583021 0.0 0.08832443872031445
0 0.408203 0.598145 0.050781 0.065430 0.0 0.25407740716190286 0.0 0.15563754080268175 0.0 0.3493316102269495 0.0 0.1594260640358455 0.0 0.06365749081477258 0.0 0.04117465325075279 0.0
0 0.586426 0.958984 0.084961 0.072266 0.0 0.03211886873530103 0.18498636874700947 0.03304965538091092 0.1438733192808757 0.21766978440472087 0.3049596445986086 0.31049268247123324 0.31371819367008535 0.9640073353815451 0.8744269440141872 0.8462296985175075 0.9411796213278952
0 0.744629 0.365234 0.081055 0.080078 0.010434638777411341 0.11152636169341912 0.0 0.19121087104932266 0.0 0.1658171764464333 0.0 0.3908668039381213 0.0 0.6048778814374327 0.0 0.49513340840815473 0.0
0 0.315918 0.872070 0.106445 0.074219 0.0 0.0 0.18687802391344324 0.0 0.13878798262272646 0.0 0.32868405389368077 0.0 0.23786229317658425 0.0 0.9383636279336647 0.0 0.9727069619133877
0 0.652344 0.461426 0.076172 0.075195 0.0 0.14063659876545598 0.0 0.14403227187957096 0.0 0.2480603685469782 0.0 0.3069437341722526 0.0 0.018520375412220288 0.0 0.6728403634221907 0.0
0 0.448730 0.633789 0.084961 0.078125 0.0 0.17159381401436075 0.0 0.18955840672717952 0.0 0.23911973319954968 0.0 0.21948161639201896 0.0 0.06507744919772283 0.0 0.38222923958476673 0.0
0 0.460938 0.298340 0.070312 0.069336 0.0 0.17672682264792441 0.0 0.06932563597229101 0.0 0.28493489391047855 0.0 0.2760641583465876 0.0 0.07460514568944135 0.0 0.059591727110756665 0.0
0 0.590820 0.500488 0.085938 0.079102 0.0 0.0 0.0 0.1352991235497374 0.17195230750236923 0.0 0.0 0.16691753588253286 0.12982956792408337 0.0 0.0 0.9620275114500512 0.00111636027015057
0 0.369141 0.557617 0.080078 0.068359 0.0 0.26625004308853845 0.0 0.19168039722097355 0.0 0.24969368971354436 0.0 0.09836712499919575 0.0 0.06487220201316402 0.0 0.0057473727177861315 0.0
0 0.714844 0.183105 0.076172 0.084961 0.0 0.10492844475861232 0.03966974376245955 0.11626783129254094 0.0 0.3296451301276505 0.328625016503206 0.3106868022084191 0.0 0.10393466100439315 0.09878015502871701 0.11646549807360063 0.0
0 0.020020 0.263184 0.038086 0.083008 0.0 0.28054001462760203 0.0 0.16826395255775595 0.0 0.26315723934668805 0.0 0.248808883537837 0.0 0.0492970560303162 0.0 0.04723120966077532 0.0
0 0.155273 0.396484 0.080078 0.087891 0.0 0.15608346945602714 0.0 0.21138933245005329 0.05200958710163176 0.35335935861859347 0.0 0.2645342777163537 0.3563539940271856 0.04874198932376651 0.0 0.33101580422112836 0.057597571818532936
0 0.112793 0.351562 0.053711 0.060547 0.0 0.28236049464742985 0.0 0.1800359176052006 0.0 0.4079934998447233 0.0 0.10410083076930676 0.0 0.032419127354279216 0.0 0.2376634103459379 0.0
0 0.180176 0.687012 0.122070 0.096680 0.0 0.08358217213886455 0.07820349576006574 0.1423078034522028 0.00952142823868153 0.22321513934311288 0.42297449410608895 0.3761716747502741 0.32380673310114283 0.4127182544654059 0.12302144503047682 0.476838041787044 0.0741492963353737
0 0.840820 0.703125 0.095703 0.091797 0.0 0.14977121418203282 0.21737956350383447 0.0 0.0 0.3414255508818434 0.3447437501299525 0.0 0.0 0.9805318397135292 0.028538375767819466 0.0 0.0
0 0.844238 0.028809 0.055664 0.055664 0.0 0.18940559841575547 0.0 0.16833265843029263 0.0 0.34346360914174556 0.0 0.33355072755084547 0.0 0.10466499795414445 0.0 0.11408297630911825 0.0
0 0.146973 0.814941 0.108398 0.049805 0.0 0.12618262918012085 0.0 0.14088717424083316 0.02479106312975457 0.3349867269767275 0.0 0.2968616809423191 0.29774581458199734 0.48047775346883237 0.0 0.4793414578998352 0.4599249072829006
0 0.967773 0.964844 0.064453 0.070312 0.0 0.10480868181340977 0.13526468162727 0.08058618629962541 0.15762712107956556 0.27278410157553307 0.2962989157201965 0.33230694690895174 0.34386743469660686 0.7451209437216446 0.942859637900321 0.983668814053255 0.9618527825617453
0 0.796387 0.977051 0.083008 0.045898 0.0 0.0 0.15661398931054046 0.0 0.13975266145816753 0.0 0.32537932336702546 0.0 0.226947642523557 0.0 0.9724331427506239 0.0 0.9759008120826643
0 0.703125 0.592285 0.082031 0.088867 0.0 0.22605307980420053 0.0 0.1263132187040245 0.0 0.3154972640975422 0.0 0.3746012716242679 0.0 0.9624576622118219 0.0 0.9002305983252284 0.0
0 0.549805 0.924316 0.066406 0.061523 0.0 0.04049270032690058 0.11113018736969119 0.0 0.12272068693363489 0.233498311406908 0.2540319998010255 0.0 0.33805252146131276 0.949385569970345 0.379793921912972 0.0 0.9599189283347423
0 0.088379 0.701660 0.061523 0.057617 0.0 0.17841488494978636 0.0 0.1451271397580416 0.0 0.203332544625286 0.0 0.195393337907941 0.0 0.05338940181702472 0.0 0.09411909227507888 0.0
0 0.983398 0.532227 0.033203 0.076172 0.0 0.0 0.0 0.0 0.3780335867426895 0.0 0.0 0.0 0.20298554321281476 0.0 0.0 0.0 0.05767837104287865
0 0.746582 0.083008 0.057617 0.062500 0.0 0.07810412224733207 0.0 0.3161445058264786 0.0 0.06930141659640186 0.0 0.34736982755962564 0.0 0.2004358993848076 0.0 0.07065046983308128 0.0
0 0.941895 0.792480 0.084961 0.073242 0.022868918950315512 0.023263456851674014 0.0 0.15225922671451098 0.23088300708519985 0.2950445484049942 0.0 0.30037633232666394 0.31766937923855987 0.030350756346122408 0.0 0.9945856449479885 0.13010815375295606
0 0.519043 0.886230 0.071289 0.065430 0.0 0.0 0.2289362076179382 0.13947503749269932 0.0 0.0 0.3240378442187973 0.21712545423584134 0.0 0.0 0.9014463416332597 0.1966567759529599 0.0
0 0.490723 0.862793 0.075195 0.065430 0.06113510553086049 0.0 0.11633471297620697 0.02803625666509888 0.043099615116834473 0.0 0.25624563251689014 0.3158439413637737 0.2901928649617556 0.0 0.937337657629338 0.030480853740236093 0.946371931134939
0 0.471191 0.026367 0.104492 0.050781 0.0 0.1597374258080579 0.03225193794444065 0.0658173175172051 0.13477886968176417 0.2967182537100305 0.33205488110315423 0.2637557804018592 0.35865089198969374 0.1116539131313692 0.0956535979906486 0.11464775706248752 0.11435194157205014
0 0.823242 0.737793 0.050781 0.059570 0.0 0.0 0.11955209028822053 0.08273113496475619 0.0 0.0 0.31310179405653654 0.44611583495171264 0.0 0.0 0.023230256308848615 0.022598815438041382 0.0
0 0.975586 0.025391 0.048828 0.048828 0.0 0.0 0.0 0.3546429138528402 0.0 0.0 0.0 0.26166364758595123 0.0 0.0 0.0 0.11282121269644499 0.0
0 0.754395 0.023438 0.061523 0.044922 0.0 0.0 0.0 0.3591781871534156 0.0 0.0 0.0 0.23415336746035312 0.0 0.0 0.0 0.0536543195562555 0.0
0 0.970703 0.739746 0.058594 0.114258 0.0 0.08826567662166192 0.01921149870704797 0.0 0.0 0.3030825897048064 0.3356228514269074 0.0 0.0 0.931301657559856 0.03074012519226888 0.0 0.0
0 0.728516 0.718750 0.074219 0.068359 0.0 0.0 0.0 0.3032026327302516 0.0 0.0 0.0 0.23278377208947323 0.0 0.0 0.0 0.04204314974921538 0.0
0 0.103516 0.893555 0.103516 0.048828 0.0 0.0 0.2178440346484671 0.0 0.14787310494086578 0.0 0.29566229474329525 0.0 0.36863751940792217 0.0 0.8386466371381675 0.0 0.8296506766266096
0 0.253906 0.837402 0.121094 0.063477 0.0352362580561605 0.0944077786797235 0.025397151868548042 0.042296049201101485 0.0096413251238696 0.38561508525130717 0.2331514298517713 0.19077177199837986 0.2360735743332422 0.5306471245834083 0.2933500273948299 0.6371948945592483 0.8435765216523761
0 0.155762 0.034668 0.102539 0.067383 0.0 0.0 0.04229407548789817 0.0 0.08270205785363796 0.0 0.25239030568130716 0.0 0.23951487037005603 0.0 0.014174146433824338 0.0 0.08079795425544553
0 0.240723 0.476562 0.104492 0.103516 0.3558083369731865 0.0 0.0 0.0 0.0 0.0 0.0 0.0 0.0 0.0 0.0 0.0 0.0
0 0.309570 0.519043 0.093750 0.088867 0.30822020826285185 0.0 0.0 0.0 0.0 0.0 0.0 0.0 0.0 0.0 0.0 0.0 0.0
0 0.374512 0.697266 0.073242 0.080078 0.0 0.09723495947384792 0.0 0.10997030426761448 0.0 0.3942825797742451 0.0 0.4107438574147635 0.0 0.831267802895854 0.0 0.911635817682522 0.0
0 0.304199 0.707031 0.081055 0.068359 0.2140077795707309 0.0 0.0 0.0 0.0 0.0 0.0 0.0 0.0 0.0 0.0 0.0 0.0
0 0.031250 0.729004 0.060547 0.057617 0.12338904820231407 0.0 0.0 0.1814603852332421 0.0 0.0 0.0 0.25223224658776705 0.0 0.0 0.0 0.3029089441744664 0.0
0 0.252441 0.708008 0.071289 0.062500 0.0 0.0 0.0 0.11716874232933631 0.16822750189030594 0.0 0.0 0.374055824759539 0.369434936375511 0.0 0.0 0.47158592987926734 0.14777478925659074
0 0.124512 0.929199 0.086914 0.040039 0.0 0.0 0.2140739615008788 0.0 0.16516213940791322 0.0 0.28184171669941865 0.0 0.309055818775898 0.0 0.8405383573826433 0.0 0.8314920956268449
0 0.416992 0.268066 0.070312 0.069336 0.0 0.17033387536627573 0.0 0.10589823568044808 0.0 0.23671504052656572 0.0 0.25761487409426026 0.0 0.06278630018613751 0.0 0.05600481532262904 0.0
0 0.873047 0.056152 0.044922 0.051758 0.0 0.042328375125761104 0.0 0.11699499978290202 0.0 0.2439163572753866 0.0 0.21136883396936632 0.0 0.09773937586322848 0.0 0.08609969127957634 0.0
0 0.913086 0.087891 0.066406 0.074219 0.0 0.18879651438220676 0.0 0.1806520255920181 0.0 0.31164483934773646 0.0 0.322221352753643 0.0 0.11211476117286814 0.0 0.12050836293432181 0.0
0 0.962402 0.120605 0.053711 0.051758 0.0 0.17445386253432127 0.0 0.15785217095787232 0.0 0.39811147241776834 0.0 0.16851049984623928 0.0 0.09290743442589368 0.0 0.11169772246896849 0.0
0 0.786621 0.114258 0.057617 0.062500 0.0 0.16133510433685788 0.0 0.1344627850269543 0.0 0.3364837705950909 0.0 0.33013758622042116 0.0 0.1349036114476249 0.0 0.0788448161251703 0.0
0 0.782715 0.322266 0.081055 0.080078 0.054089007039624715 0.02341308646217255 0.0 0.1878413797022258 0.07745984677566083 0.18437443342160834 0.0 0.1622781015688371 0.2128836422090518 0.9753103877660269 0.0 0.3714880143600648 0.014621920988989245
0 0.953125 0.198730 0.093750 0.104492 0.0 0.0 0.0 0.19003538598192116 0.0 0.0 0.0 0.23482384121955377 0.0 0.0 0.0 0.991653039574532 0.0
0 0.880371 0.662598 0.075195 0.073242 0.18049401011088154 0.0 0.0 0.15156909749820713 0.0 0.0 0.0 0.285112391143489 0.0 0.0 0.0 0.9733736699172949 0.0
0 0.669922 0.862305 0.082031 0.072266 0.4065759578542357 0.0 0.0 0.0 0.0 0.0 0.0 0.0 0.0 0.0 0.0 0.0 0.0
0 0.550293 0.744629 0.116211 0.090820 0.33898840934538327 0.0 0.0 0.0 0.0 0.0 0.0 0.0 0.0 0.0 0.0 0.0 0.0
0 0.442871 0.790039 0.098633 0.074219 0.35664156390949225 0.0 0.0 0.0 0.0 0.0 0.0 0.0 0.0 0.0 0.0 0.0 0.0
