0 0.642090 0.509277 0.116211 0.088867 0.0 0.20055943924274747 0.0 0.2102291025295741 0.0 0.23162320800338998 0.0 0.2454188685456004 0.0 0.5865756353060871 0.0 0.590772503223017 0.0
0 0.281738 0.551270 0.108398 0.102539 0.0 0.0 0.14995594368537082 0.0 0.10838798906532458 0.0 0.2397826275410282 0.0 0.2420922626355725 0.0 0.946585885547517 0.0 0.9526745261370637
0 0.080078 0.889648 0.152344 0.144531 0.0 0.09481716741912244 0.08244858694791365 0.02546871090806196 0.06591133785192396 0.22452754261626012 0.2298040457325266 0.29473015483811144 0.21314881826074578 0.9123868905823306 0.4715842879423122 0.9128131794940133 0.933810757905341
0 0.531250 0.529297 0.107422 0.083984 0.0 0.22509010171522237 0.0 0.23179318543487798 0.0 0.22924691194331684 0.0 0.23752335397376936 0.0 0.5870810693046682 0.0 0.5929590744493105 0.0
0 0.222168 0.474609 0.112305 0.105469 0.0 0.0 0.1890501949524965 0.0 0.10223278304978474 0.0 0.24652461821139823 0.0 0.24869587732721668 0.0 0.9364990242357467 0.0 0.956046851280689
0 0.072754 0.541992 0.143555 0.199219 0.0 0.031594822788716774 0.08249054251548295 0.07246728550632331 0.07295040531195039 0.23398300512508652 0.2737910168025035 0.2229173669088736 0.22701221299280613 0.6076153912640567 0.8167222963393492 0.6518671783894499 0.6219180621197495
0 0.789551 0.083496 0.129883 0.165039 0.27232384183530717 0.0 0.0 0.0 0.009149335819394505 0.0 0.0 0.0 0.09214571595951516 0.0 0.0 0.0 0.2600291000477316
0 0.139648 0.743652 0.156250 0.149414 0.0 0.09324434605278104 0.0615811197121396 0.022798268862285698 0.04639000530063232 0.2249295015283202 0.23831911489171204 0.289478225733084 0.22262274664919468 0.8249225400338958 0.5096478177993057 0.9117324442573963 0.9027033443494348
0 0.846191 0.769043 0.149414 0.084961 0.030623594321655293 0.07577350788065976 0.0 0.1796364755083892 0.0 0.10045720425293497 0.0 0.07704304160290677 0.0 0.5786122505347975 0.0 0.5966106453615813 0.0
0 0.729492 0.238770 0.119141 0.178711 0.2862693074795691 0.0 0.0 0.0 0.0 0.0 0.0 0.0 0.0 0.0 0.0 0.0 0.0
0 0.960938 0.556641 0.078125 0.083984 0.0 0.1345764078936451 0.0 0.16204614373420653 0.0 0.2625250448286749 0.0 0.26862878224378084 0.0 0.43315814620289095 0.0 0.44031922113371835 0.0
0 0.389160 0.087891 0.499023 0.173828 0.2329001279308143 0.0 0.009671213623845858 0.0 0.017847448919489216 0.0 0.1271584123409341 0.0 0.13616204633713236 0.0 0.26333561486085527 0.0 0.26785468472360674
0 0.577148 0.812988 0.144531 0.081055 0.030477601220013837 0.07936453966338333 0.0 0.19267144526117858 0.0 0.09363691508472813 0.0 0.07292933097044915 0.0 0.5976670837249777 0.0 0.5869999620714471 0.0
0 0.483398 0.971680 0.128906 0.056641 0.0 0.2498760479876482 0.0 0.11196907489385055 0.0 0.21154243413193163 0.0 0.21431784299964676 0.0 0.3059811887445656 0.0 0.22598849210664423 0.0
0 0.427734 0.539062 0.107422 0.083984 0.0 0.19860488625032818 0.0 0.20369466972317044 0.0 0.23386362162674768 0.0 0.24531904721941425 0.0 0.5891494782583202 0.0 0.5876623386389567 0.0
0 0.154785 0.402344 0.112305 0.105469 0.0 0.0 0.18400409812121205 0.0 0.12425443611364075 0.0 0.2443892286256379 0.0 0.24331984306077992 0.0 0.9196320618078773 0.0 0.9610588110162266
0 0.087402 0.322266 0.112305 0.105469 0.0 0.0 0.1816466770500866 0.0 0.11504505153510727 0.0 0.24415448096796338 0.0 0.2472278449028721 0.0 0.9505440940080253 0.0 0.9530023752172241
0 0.032715 0.223145 0.063477 0.166992 0.0 0.0 0.1537659047479547 0.0 0.09155110732707551 0.0 0.24502724810839613 0.0 0.24950997317689538 0.0 0.9503911867142858 0.0 0.9482525414622603
0 0.345703 0.940918 0.160156 0.118164 0.0 0.1521474372230312 0.0 0.1423944898912354 0.023716058251643204 0.21899600929001015 0.0 0.21874068638891858 0.0691671689345957 0.2482227866758663 0.0 0.25609482760319885 0.2858511614419004
0 0.711914 0.802246 0.144531 0.081055 0.029912086155591225 0.08501235998699228 0.0 0.19381508880584103 0.0 0.09508570824657349 0.0 0.07276517907291774 0.0 0.585950071658966 0.0 0.5862723940165668 0.0
0 0.433594 0.829590 0.144531 0.081055 0.28995789248938486 0.0 0.0 0.0 0.0 0.0 0.0 0.0 0.0 0.0 0.0 0.0 0.0
0 0.605469 0.983887 0.115234 0.032227 0.0 0.3514744601274027 0.0 0.0 0.0 0.22038211389120066 0.0 0.0 0.0 0.34277171578584986 0.0 0.0 0.0
