0 0.480469 0.478516 0.203125 0.132812 0.0 0.12984586254921254 0.020432186353949715 0.15493288590775353 0.020584825556692464 0.3148017861376047 0.3085672985533152 0.31329868441066827 0.3045116901606141 0.7229576653427003 0.6957871448854432 0.7259138672309822 0.7320407467619203
0 0.166667 0.564941 0.140625 0.100586 0.0 0.16670743157767684 0.0 0.11726943497642715 0.0 0.1222493551350739 0.0 0.13026260253807126 0.0 0.7135471064838362 0.0 0.7232292993232035 0.0
0 0.321615 0.540039 0.145833 0.103516 0.0 0.13055130024999204 0.0 0.11524924760744223 0.0 0.12566571631582912 0.0 0.1346504234760701 0.0 0.7182212326058484 0.0 0.7316450789635395 0.0
0 0.358073 0.317871 0.156250 0.125977 0.2985117563719831 0.0 0.0 0.0 0.0 0.0 0.0 0.0 0.0 0.0 0.0 0.0 0.0
0 0.281250 0.460449 0.106771 0.069336 0.18747644801067 0.0 0.0 0.0 0.0 0.0 0.0 0.0 0.0 0.0 0.0 0.0 0.0
0 0.550781 0.743652 0.135417 0.186523 0.30863741230295483 0.0 0.0034121368964592754 0.0 0.0 0.0 0.2833670386557351 0.0 0.0 0.0 0.5022412806265163 0.0 0.0
0 0.055990 0.855469 0.109375 0.158203 0.0 0.0 0.17228291710080645 0.0 0.2615172979132302 0.0 0.1482034455531589 0.0 0.14679490077957846 0.0 0.7150328155555081 0.0 0.717977962725962
0 0.617839 0.902832 0.126302 0.133789 0.3629456322800089 0.0 0.0 0.0 0.0 0.0 0.0 0.0 0.0 0.0 0.0 0.0 0.0
0 0.460286 0.270508 0.115885 0.076172 0.23901476949405578 0.0 0.0 0.0 0.0 0.0 0.0 0.0 0.0 0.0 0.0 0.0 0.0
0 0.078125 0.280273 0.096354 0.091797 0.0 0.23266426649025448 0.0 0.08743148443440854 0.022829792852841285 0.18281329307184946 0.0 0.19963064437264033 0.27301409800005805 0.8975741834383331 0.0 0.8840621922211989 0.9778241933529399
0 0.518880 0.223633 0.115885 0.076172 0.0 0.0 0.30685031122956896 0.0 0.0 0.0 0.09309946711677256 0.0 0.0 0.0 0.07644566411574753 0.0 0.0
0 0.154948 0.248047 0.096354 0.091797 0.0 0.19218971543042107 0.0 0.19186012239461206 0.0 0.1858759065341789 0.0 0.18530238916296543 0.0 0.8985027856014918 0.0 0.824235351025205 0.0
0 0.123047 0.938965 0.121094 0.122070 0.0 0.0 0.2511852008184036 0.0 0.13033256525883485 0.0 0.13389297527139754 0.0 0.1462301113930347 0.0 0.7651644308976415 0.0 0.7239246606441665
0 0.625651 0.987305 0.118490 0.025391 0.4634672018851883 0.0 0.0 0.0 0.0 0.0 0.0 0.0 0.0 0.0 0.0 0.0 0.0
0 0.020182 0.613770 0.037760 0.100586 0.0 0.10640713643162307 0.0 0.08051680656214519 0.0 0.2756138983869698 0.0 0.25146657344539247 0.0 0.29565791922466944 0.0 0.17737044668458565 0.0
0 0.253906 0.019531 0.125000 0.037109 0.32495672824899735 0.0 0.0 0.0 0.0 0.0 0.0 0.0 0.0 0.0 0.0 0.0 0.0
0 0.023438 0.280273 0.044271 0.105469 0.10461631199300692 0.0 0.0 0.11585789887254133 0.0 0.0 0.0 0.07997420315214461 0.0 0.0 0.0 0.6349305110080485 0.0
