0 0.562500 0.423828 0.117188 0.070312 0.0 0.321469860788012 0.0 0.27520513254066464 0.0 0.31477227831890614 0.0 0.30163958959727727 0.0 0.05610853807110219 0.0 0.04699594758936377 0.0
0 0.477214 0.383789 0.121094 0.078125 0.0 0.23770526114036403 0.0 0.21185421801680213 0.0 0.32141857299272625 0.0 0.30266345572247805 0.0 0.048645873383946284 0.0 0.04947120814457643 0.0
0 0.658203 0.142090 0.121094 0.090820 0.0 0.1929081390074305 0.0 0.11253669104103808 0.0 0.315341618422037 0.0 0.32710571193524296 0.0 0.05797731577351305 0.0 0.058746149691509056 0.0
0 0.629557 0.468750 0.100260 0.076172 0.0 0.09089904982581111 0.0 0.15982374800536428 0.0 0.44943917439202696 0.0 0.32303098832551325 0.0 0.03484824618709889 0.0 0.046278625944531075 0.0
0 0.570312 0.074219 0.145833 0.105469 0.0 0.049461266738559405 0.05510236815660025 0.06516156442164316 0.14131234159277245 0.3261989792785996 0.32016568919885635 0.29352331517000435 0.3255933683533248 0.05723301488145864 0.09678795241964402 0.03911223968537204 0.1314894933275383
0 0.799479 0.098633 0.109375 0.083984 0.0 0.14492611239591494 0.07883705398158797 0.15270946135380506 0.0 0.32428117792599603 0.2779432675706368 0.31090062577308925 0.0 0.10117996982113624 0.2050799258741885 0.1321491302277653 0.0
0 0.547526 0.965332 0.118490 0.069336 0.0 0.0 0.21912384869618082 0.0 0.1645286124002518 0.0 0.31436406722084453 0.0 0.3419999033172927 0.0 0.957665856364607 0.0 0.9548633740930803
0 0.665365 0.334961 0.114583 0.078125 0.0 0.1488972543679516 0.0 0.08582403474532402 0.0 0.19495881532988624 0.0 0.22667173380527478 0.0 0.08146887867737797 0.0 0.11448125222872092 0.0
0 0.723958 0.373047 0.109375 0.080078 0.11100219876808058 0.1530290894014786 0.0 0.0 0.0 0.1991519694175159 0.0 0.0 0.0 0.1552372487879832 0.0 0.0 0.0
0 0.460938 0.211914 0.184896 0.107422 0.0 0.10396983540794646 0.011726723633464655 0.00646511863162999 0.0836496930899858 0.10930582392137368 0.11585391007853096 0.11535552393251133 0.11412527352509949 0.05736365318277927 0.05215474140601878 0.06001626131316837 0.05149353817837243
0 0.865885 0.650391 0.104167 0.107422 0.0 0.19117932424439396 0.044417120704929966 0.10587720534491424 0.14914092231623718 0.3257658294282631 0.3083760260738301 0.3468591174130232 0.32368275181233 0.9850983524106182 0.9817550228753527 0.9155958756790847 0.9857223205451795
0 0.407552 0.876465 0.169271 0.083008 0.0 0.0 0.14009932580081122 0.0 0.10404702697254897 0.0 0.32868405389368077 0.0 0.23786229317658425 0.0 0.9383636279336647 0.0 0.9727069619133877
0 0.868490 0.269043 0.104167 0.075195 0.0 0.041717406143586516 0.022955071666199013 0.07980269233363799 0.0 0.2661582908427277 0.27817129067160784 0.2803830151423171 0.0 0.0372024606120207 0.9617851055075463 0.08109283376628801 0.0
0 0.723958 0.181152 0.093750 0.083008 0.0 0.04703298756136488 0.0 0.05879407452027395 0.0 0.3009699470515497 0.0 0.3304610411325978 0.0 0.06714377114912864 0.0 0.07128637700765271 0.0
0 0.719401 0.058105 0.105469 0.071289 0.0 0.20304710454038477 0.0 0.17350910260584862 0.0 0.3183319159625323 0.0 0.3145755944089668 0.0 0.10032346409921662 0.0 0.09736971576870312 0.0
0 0.484375 0.562012 0.117188 0.075195 0.0 0.22053033871979952 0.0 0.15876558153656392 0.0 0.24969368971354436 0.0 0.09836712499919575 0.0 0.06487220201316402 0.0 0.0057473727177861315 0.0
0 0.378906 0.035156 0.130208 0.068359 0.0 0.0 0.14082223888671203 0.0 0.2508354115697492 0.0 0.2477690222470679 0.0 0.2373326639364081 0.0 0.12430142248093716 0.0 0.10980880330012073
0 0.779297 0.209961 0.102865 0.080078 0.0 0.19267609453959791 0.0 0.07452438879893411 0.0 0.2662523896106792 0.0 0.16818253611739595 0.0 0.03686865408908402 0.0 0.08221392076976536 0.0
0 0.196615 0.958496 0.109375 0.057617 0.0 0.0 0.26061313874427566 0.0 0.30018830106018923 0.0 0.3299700294973843 0.0 0.3127120160401262 0.0 0.8439740184261505 0.0 0.8474695776973018
0 0.878255 0.142090 0.105469 0.079102 0.0 0.10504574686060295 0.04254509189774869 0.12001449592002558 0.0 0.32612389520130913 0.32502144206826455 0.3031121558537884 0.0 0.09839477045958654 0.10061444027581956 0.10881629333111265 0.0
0 0.237630 0.687012 0.165365 0.096680 0.0 0.08226591745951234 0.076971944645734 0.14006673568130196 0.009371484486891268 0.22321513934311293 0.42297449410608895 0.3761716747502741 0.32380673310114283 0.41271825446540594 0.12302144503047682 0.476838041787044 0.0741492963353737
0 0.630859 0.830566 0.100260 0.073242 0.0 0.0 0.13617029824466675 0.0 0.15426340391420526 0.0 0.33689228756664935 0.0 0.295227075991918 0.0 0.9966903319149518 0.0 0.9894088013132079
0 0.289062 0.104492 0.169271 0.115234 0.0 0.0 0.10796840596012078 0.0 0.14075812250024394 0.0 0.3617660731246985 0.0 0.3430108755749006 0.0 0.10269635782583021 0.0 0.08832443872031445
0 0.927083 0.308105 0.109375 0.086914 0.0 0.15289002020800196 0.0 0.20867847681404622 0.0 0.29435610246849153 0.0 0.2522450284822167 0.0 0.06198234739952554 0.0 0.05892403817389259 0.0
0 0.109375 0.103516 0.153646 0.119141 0.0 0.0 0.0838512825833096 0.056893285548658204 0.13121734363163892 0.0 0.25731443030522866 0.3148613449068695 0.29402763964341017 0.0 0.24081963602621637 0.031352993006255915 0.05514711915988749
0 0.539714 0.599609 0.087240 0.070312 0.0 0.18350034961692988 0.0 0.1124048905797146 0.0 0.3493316102269495 0.0 0.1594260640358455 0.0 0.06365749081477258 0.0 0.04117465325075279 0.0
0 0.794922 0.415039 0.128906 0.087891 0.0 0.13290175233512727 0.013508179218663244 0.182960006175506 0.012489750566415922 0.2111631212611447 0.43498044971243943 0.23461399623718482 0.4421375494730907 0.043882588107150663 0.02947084837150808 0.06749759518405558 0.06426449478654964
0 0.709635 0.533691 0.143229 0.086914 0.0 0.10840197600984276 0.0 0.18827312029764734 0.02473263350085912 0.3418313981361059 0.0 0.34699027764583124 0.35716767101229585 0.046877916862783864 0.0 0.23909158324461818 0.007655886945483795
0 0.820312 0.795898 0.125000 0.085938 0.0 0.0 0.17459596017190623 0.07787473933711561 0.07345572660828645 0.0 0.2930162892315316 0.3150381121002255 0.27051625843053806 0.0 0.9739810533440256 0.07619455910319649 0.9952083908284562
0 0.388021 0.302734 0.153646 0.099609 0.02276737188472977 0.0659567531825049 0.03263505692588038 0.17772350150153515 0.10742758899673162 0.3111815541395711 0.11267610006625683 0.2669984975168275 0.3009735303528878 0.05007782254343943 0.22861465948435122 0.4472835283442385 0.07880232476194951
0 0.814453 0.242676 0.082031 0.073242 0.0 0.17275596880469327 0.0 0.15670993861481153 0.0 0.23070497728440548 0.0 0.2585998350258277 0.0 0.03420461469431133 0.0 0.0714181237676431 0.0
0 0.609375 0.637207 0.130208 0.083008 0.0 0.1405050524164648 0.0 0.15521488362601993 0.0 0.23911973319954968 0.0 0.21948161639201896 0.0 0.06507744919772283 0.0 0.38222923958476673 0.0
0 0.696615 0.891602 0.096354 0.058594 0.0 0.0 0.25219076384219274 0.1536424343190974 0.0 0.0 0.3240378442187973 0.21712545423584134 0.0 0.0 0.9014463416332597 0.1966567759529599 0.0
0 0.605469 0.297363 0.104167 0.077148 0.0 0.14294739198990344 0.0 0.056074786564929056 0.0 0.28493489391047855 0.0 0.2760641583465876 0.0 0.07460514568944135 0.0 0.059591727110756665 0.0
0 0.786458 0.961914 0.117188 0.076172 0.0 0.029456022352972656 0.16964989202183006 0.030309641216852493 0.1319453603319484 0.21766978440472087 0.3049596445986086 0.31049268247123324 0.31371819367008535 0.9640073353815451 0.8744269440141871 0.8462296985175075 0.9411796213278952
0 0.194661 0.198730 0.170573 0.096680 0.0 0.07468698200312461 0.04535522930681409 0.1284661356345968 0.0 0.33232942514780855 0.3195433040942104 0.3273251323483037 0.0 0.07848160260304829 0.09487176900365424 0.06510217195114162 0.0
0 0.083333 0.305176 0.135417 0.088867 0.0 0.17403246796402855 0.0 0.16810263778310305 0.0 0.25615679112559625 0.0 0.2591192667975584 0.0 0.07421396557747657 0.0 0.05073646274282611 0.0
0 0.634766 0.025879 0.131510 0.049805 0.0 0.1725449499506958 0.03483785337271749 0.07109445829270611 0.14558525158402946 0.2967182537100305 0.33205488110315423 0.2637557804018592 0.35865089198969374 0.1116539131313692 0.0956535979906486 0.11464775706248752 0.11435194157205014
0 0.781250 0.502930 0.098958 0.064453 0.0 0.0 0.0 0.19226717557067943 0.2443532790823142 0.0 0.0 0.16691753588253286 0.12982956792408337 0.0 0.0 0.9620275114500512 0.00111636027015057
0 0.654948 0.867188 0.088542 0.062500 0.07247150952061335 0.0 0.13790688976200638 0.033235075398723606 0.05109166231336146 0.0 0.25624563251689014 0.3158439413637737 0.2901928649617556 0.0 0.937337657629338 0.030480853740236093 0.946371931134939
0 0.149089 0.352051 0.095052 0.067383 0.0 0.19115530806983042 0.0 0.12188256482702682 0.0 0.4079934998447233 0.0 0.10410083076930676 0.0 0.032419127354279216 0.0 0.2376634103459379 0.0
0 0.734375 0.919922 0.091146 0.068359 0.0 0.035402189428661655 0.09715953524321572 0.0 0.10729294343340652 0.233498311406908 0.25403199980102553 0.0 0.33805252146131276 0.949385569970345 0.37979392191297207 0.0 0.9599189283347423
0 0.195964 0.814941 0.147135 0.049805 0.0 0.12394930830967625 0.0 0.1383935959356857 0.024352283251351838 0.3349867269767275 0.0 0.2968616809423191 0.29774581458199734 0.48047775346883237 0.0 0.4793414578998352 0.4599249072829006
0 0.337891 0.837891 0.162760 0.064453 0.03442475635547317 0.09223353892831171 0.02481224776490876 0.041321958371015516 0.009419282484653211 0.38561508525130717 0.2331514298517713 0.19077177199837986 0.2360735743332422 0.5306471245834082 0.2933500273948299 0.6371948945592484 0.8435765216523761
0 0.879557 0.462402 0.105469 0.077148 0.0 0.1319992830419329 0.0 0.13518640801823775 0.0 0.2480603685469782 0.0 0.3069437341722525 0.0 0.018520375412220288 0.0 0.6728403634221906 0.0
0 0.126302 0.701660 0.083333 0.057617 0.0 0.17562715237244597 0.0 0.1428595281993222 0.0 0.203332544625286 0.0 0.195393337907941 0.0 0.05338940181702472 0.0 0.09411909227507888 0.0
0 0.492188 0.703613 0.098958 0.067383 0.0 0.11403413439438684 0.0 0.1289697504282664 0.0 0.3942825797742451 0.0 0.4107438574147635 0.0 0.831267802895854 0.0 0.911635817682522 0.0
0 0.195964 0.035645 0.115885 0.069336 0.0 0.0 0.049118533200701746 0.0 0.0963482143315172 0.0 0.2562928025309548 0.0 0.2427049042928212 0.0 0.00997172076499232 0.0 0.07198701022612902
0 0.213542 0.398438 0.145833 0.105469 0.0 0.09522949773358799 0.0 0.12897265819125278 0.031732039749507474 0.35335935861859347 0.0 0.26453427771635357 0.3563539940271856 0.04874198932376651 0.0 0.3310158042211283 0.057597571818532936
0 0.949870 0.184082 0.095052 0.084961 0.0 0.11211532453659948 0.042386849499614306 0.12423138138107113 0.0 0.3296451301276505 0.328625016503206 0.3106868022084191 0.0 0.10393466100439315 0.09878015502871701 0.11646549807360063 0.0
0 0.063802 0.837402 0.114583 0.096680 0.0 0.11052210705045776 0.044906926310126605 0.0 0.14745247693778324 0.3445996535077898 0.30889280500532146 0.0 0.33945126529582426 0.48989377636762127 0.7730838181157763 0.0 0.8615508474721818
0 0.023438 0.259766 0.044271 0.085938 0.0 0.31082558438853636 0.0 0.18642881107251372 0.0 0.26315723934668805 0.0 0.248808883537837 0.0 0.0492970560303162 0.0 0.04723120966077532 0.0
0 0.156901 0.933594 0.092448 0.048828 0.0 0.0 0.22004391141315682 0.0 0.16976806949280993 0.0 0.28184171669941865 0.0 0.309055818775898 0.0 0.8405383573826433 0.0 0.8314920956268449
0 0.142578 0.901367 0.092448 0.048828 0.0 0.0 0.325231939052641 0.0 0.22076829751734892 0.0 0.29566229474329525 0.0 0.36863751940792217 0.0 0.8386466371381676 0.0 0.8296506766266096
0 0.593750 0.783203 0.132812 0.085938 0.30498893099033675 0.0 0.0 0.0 0.0 0.0 0.0 0.0 0.0 0.0 0.0 0.0 0.0
0 0.727865 0.736328 0.132812 0.085938 0.41795730015879645 0.0 0.0 0.0 0.0 0.0 0.0 0.0 0.0 0.0 0.0 0.0 0.0
0 0.889974 0.866699 0.105469 0.079102 0.3851967922606201 0.0 0.0 0.0 0.0 0.0 0.0 0.0 0.0 0.0 0.0 0.0 0.0
0 0.949870 0.906738 0.087240 0.067383 0.0 0.0 0.28855205933118055 0.28531804140900496 0.0 0.0 0.25532247730107926 0.209476618556189 0.0 0.0 0.8934218938868702 0.0358219098892047 0.0
0 0.960286 0.712402 0.079427 0.069336 0.0 0.0 0.0 0.3724400845358897 0.0 0.0 0.0 0.23278377208947323 0.0 0.0 0.0 0.04204314974921538 0.0
0 0.925130 0.605957 0.079427 0.069336 0.0 0.15680429352877143 0.0 0.13621325191673384 0.11129361808397524 0.3626997359885488 0.0 0.2894575146709504 0.15184921047890557 0.9327092836568049 0.0 0.7912030784236019 0.022417443561697167
0 0.960286 0.571777 0.069010 0.049805 0.0 0.27582641855083806 0.0 0.2547573980657011 0.0 0.37689176713548633 0.0 0.3991073515144274 0.0 0.9766041773768089 0.0 0.9545712216061203 0.0
0 0.316406 0.470703 0.145833 0.105469 0.3336291466559095 0.0 0.0 0.0 0.0 0.0 0.0 0.0 0.0 0.0 0.0 0.0 0.0
0 0.417318 0.520020 0.110677 0.092773 0.3334503702023868 0.0 0.0 0.0 0.0 0.0 0.0 0.0 0.0 0.0 0.0 0.0 0.0
0 0.330729 0.708496 0.083333 0.057617 0.0 0.0 0.0 0.14497149474646698 0.20814589216936158 0.0 0.0 0.374055824759539 0.369434936375511 0.0 0.0 0.47158592987926734 0.14777478925659074
0 0.407552 0.703613 0.083333 0.057617 0.32928633456195616 0.0 0.0 0.0 0.0 0.0 0.0 0.0 0.0 0.0 0.0 0.0 0.0
0 0.042318 0.726074 0.082031 0.057617 0.12143049188164243 0.0 0.0 0.17858006165811127 0.0 0.0 0.0 0.25223224658776705 0.0 0.0 0.0 0.3029089441744664 0.0
0 0.822917 0.021484 0.130208 0.041016 0.0625776771724381 0.0 0.06704866971102127 0.0 0.0 0.0 0.07781454141991147 0.0 0.0 0.0 0.6164326410091018 0.0 0.0
