0 0.604004 0.178711 0.155273 0.115234 0.0 0.1121374726133151 0.09296592700948943 0.06552357508519127 0.06486723376043092 0.3265522050414297 0.32659581193734205 0.27710547096316995 0.32330504620078715 0.881215728594171 0.8710498369334658 0.8863191143959436 0.8766542171108584
0 0.841309 0.428711 0.209961 0.236328 0.18753792148477144 0.0 0.03179347873361281 0.0 0.06844298957441323 0.0 0.3314482925687059 0.0 0.35334157319795556 0.0 0.8781276851009996 0.0 0.9003106531921885
0 0.734863 0.266602 0.172852 0.146484 0.3177649969942152 0.0 0.0066671742157816734 0.0 0.0 0.0 0.07524073658265612 0.0 0.0 0.0 0.9058864916369102 0.0 0.0
0 0.468750 0.094727 0.144531 0.187500 0.051844885610257165 0.0 0.050354009158541144 0.01817099659960043 0.16188639377694528 0.0 0.19587633932868045 0.18941207805083837 0.2271909816221691 0.0 0.6286787112212063 0.5328852839693253 0.7979258682594333
0 0.274414 0.222168 0.230469 0.184570 0.3356757737960575 0.0 0.0 0.0 0.0 0.0 0.0 0.0 0.0 0.0 0.0 0.0 0.0
0 0.592285 0.029297 0.110352 0.056641 0.0 0.024597756158884643 0.09055242665457401 0.1290551328521569 0.09658594269330918 0.09066140198871797 0.26546799242244823 0.28662600519430825 0.2691756447834316 0.5417003058762232 0.5327375093491334 0.5460298312450333 0.5143765818559173
0 0.193848 0.102051 0.225586 0.176758 0.17206094951319836 0.0 0.0 0.0 0.0 0.0 0.0 0.0 0.0 0.0 0.0 0.0 0.0
0 0.421875 0.429199 0.212891 0.149414 0.1930351669077534 0.0 0.0 0.0 0.0 0.0 0.0 0.0 0.0 0.0 0.0 0.0 0.0
0 0.972656 0.044434 0.054688 0.086914 0.0 0.0 0.028697275287599376 0.13530882597852129 0.18340564129864562 0.0 0.33578429406190313 0.3319127463292672 0.31876375315777883 0.0 0.5625344467626603 0.5301700561012725 0.5531982100356223
0 0.468262 0.529297 0.221680 0.171875 0.22177052068170558 0.0 0.10826866438891244 0.049900402744318784 0.004684908408914498 0.0 0.0752379321141809 0.29214133444996776 0.3432202213992088 0.0 0.8886503275931837 0.8826446623499534 0.9079134126483205
0 0.359863 0.340820 0.229492 0.189453 0.19651446420858054 0.0 0.0 0.0 0.0 0.0 0.0 0.0 0.0 0.0 0.0 0.0 0.0
0 0.540039 0.623047 0.201172 0.154297 0.023000606322205665 0.0 0.05531808038804789 0.0696136441428859 0.058404598185608045 0.0 0.31546360412319835 0.29799846584076933 0.3109004912650768 0.0 0.8790767222053141 0.8825867852641781 0.8831033964476839
0 0.601562 0.696289 0.201172 0.154297 0.0 0.1612788319094077 0.0700199981762604 0.13424440445661223 0.0 0.28070794062377186 0.2868406074712246 0.2790447179451215 0.0 0.8889784662588628 0.8749941193971665 0.8720235284631068 0.0
0 0.668945 0.801758 0.216797 0.179688 0.30133701685709013 0.0 0.0011242896763254365 0.0 0.0 0.0 0.18910895959688784 0.0 0.0 0.0 0.5145036292260871 0.0 0.0
0 0.752930 0.915039 0.205078 0.150391 0.02294553988018293 0.07801445088274316 0.08639359557080971 0.06687804150732693 0.06321171774480673 0.32878442139452463 0.3478580252474164 0.3350251060111646 0.3420935641110736 0.8764120783896643 0.8788723629526278 0.8772149950843334 0.8857194365475087
0 0.718262 0.040527 0.133789 0.079102 0.0675977668353924 0.0 0.012139664362919345 0.07386832054814202 0.0 0.0 0.12661854836060973 0.08589117913084182 0.0 0.0 0.5259667641692409 0.7738697175054701 0.0
0 0.953613 0.609375 0.092773 0.169922 0.3696081306417702 0.0 0.06671227025429621 0.0 0.0 0.0 0.3362238257632494 0.0 0.0 0.0 0.8791589731572662 0.0 0.0
0 0.109863 0.622070 0.217773 0.181641 0.27081554461529894 0.0 0.0 0.001774070450608369 0.0 0.0 0.0 0.5582898196647933 0.0 0.0 0.0 0.8360775330081727 0.0
0 0.068359 0.516602 0.134766 0.171875 0.3206745499857839 0.0 0.0 0.0 0.0 0.0 0.0 0.0 0.0 0.0 0.0 0.0 0.0
0 0.061035 0.395508 0.120117 0.158203 0.0 0.08250789923041107 0.039594822706697785 0.04156591633951809 0.0 0.26366421165098086 0.27638994264214034 0.22980494320392733 0.0 0.8758591738985739 0.8835391816013498 0.7447561583123142 0.0
0 0.030273 0.277344 0.058594 0.105469 0.012728047722747679 0.0 0.07231582766248082 0.11536174617534321 0.0 0.0 0.33767165759540985 0.37067751920860703 0.0 0.0 0.8971648720515324 0.8750329857024048 0.0
0 0.176758 0.748047 0.218750 0.181641 0.042821399858530576 0.10048490982134334 0.05861669183868494 0.11858938951782129 0.05181567533831118 0.3061622057311012 0.30333726913773656 0.29813688816400913 0.302148297370299 0.8824659701874502 0.8801246097302777 0.877729894373662 0.869723790931307
0 0.257812 0.882812 0.218750 0.181641 0.018211902427747857 0.05749601527921342 0.043408952476635815 0.06446448727131257 0.050932860562287595 0.177455314676457 0.2510388692142649 0.1625056365176808 0.2322326799333711 0.8759409392371961 0.8673991424102026 0.899084390856272 0.8778565275741677
0 0.364258 0.958984 0.191406 0.080078 0.009063296963693087 0.17383556850080167 0.05243180314198379 0.07859307415859251 0.0 0.30093569536730186 0.29559428977022817 0.29158308063087746 0.0 0.8755185919164726 0.8917852374901394 0.8902315226435171 0.0
