0 0.642090 0.767578 0.131836 0.121094 0.0 0.03394265618641342 0.1222145111750669 0.020274507035256815 0.14188610797281198 0.33900308674669205 0.36325959740133634 0.33649310109893715 0.3508592885995514 0.1504196383486567 0.14503522061641863 0.15236633838902158 0.1432665447405731
0 0.644043 0.269531 0.131836 0.113281 0.0 0.20995735539448437 0.0 0.11662978331394593 0.0 0.27914224319573133 0.0 0.3007715539519486 0.0 0.29697037801918275 0.0 0.27300334034851925 0.0
0 0.706055 0.666016 0.125000 0.093750 0.0 0.038264973158713925 0.11522469718969722 0.031946704882838656 0.1489101247467786 0.3397116088131615 0.3591237635649881 0.32834522642340597 0.349848752388053 0.14586867200405246 0.1465289450424052 0.12369214177943712 0.12925286834827576
0 0.090332 0.325684 0.122070 0.122070 0.0 0.0651787484027963 0.042761212412055966 0.16288230207960808 0.07385353473957187 0.3177179482304076 0.32234539721784394 0.32070381700311423 0.3253258696548693 0.16948762931958034 0.1552345903220176 0.1728037822055152 0.16866651654388093
0 0.858398 0.347656 0.132812 0.115234 0.0 0.24703760382293002 0.0 0.14451981169725694 0.0 0.3462888218564795 0.0 0.20746516857110528 0.0 0.3003446432511506 0.0 0.29420857331871336 0.0
0 0.618164 0.052246 0.099609 0.102539 0.0 0.17083366348871903 0.0 0.19728194403552082 0.0 0.2852481836517901 0.0 0.29049484422484617 0.0 0.2822598201487725 0.0 0.2947069494551518 0.0
0 0.579590 0.860840 0.122070 0.094727 0.0 0.043312296026517864 0.17112221672023725 0.022064334395187197 0.2019141557380152 0.31519158506833644 0.343258727506245 0.40249814819933327 0.32434663606704595 0.16719420349525413 0.13071512189356124 0.13297429515621761 0.16157898613122898
0 0.128418 0.619141 0.254883 0.320312 0.31047598445586366 0.0 0.0 0.0 0.001000438291975536 0.0 0.0 0.0 0.08064855666048687 0.0 0.0 0.0 0.14021877865077798
0 0.748047 0.322754 0.085938 0.092773 0.0 0.2156395369617347 0.0 0.049881906438145815 0.0 0.31580846386579314 0.0 0.35483582598828856 0.0 0.30689147042248016 0.0 0.31272047265630587 0.0
0 0.535156 0.226562 0.099609 0.101562 0.13721734392828108 0.21881240053127207 0.0 0.0 0.0 0.29315584520436094 0.0 0.0 0.0 0.2891632441248859 0.0 0.0 0.0
0 0.402832 0.446289 0.077148 0.074219 0.0 0.12463327088758967 0.0 0.13831427809737895 0.0 0.2978479777822774 0.0 0.32291757371038166 0.0 0.17310793306063266 0.0 0.16754225981488213 0.0
0 0.965332 0.385254 0.069336 0.112305 0.0 0.17726064624158538 0.024256503909427178 0.17742271969835247 0.04148132037294827 0.30149502192848443 0.24681474904650255 0.30011518765300504 0.24609188286593345 0.29597203203549927 0.19008608590795195 0.28779047321871776 0.39111105495898546
0 0.278809 0.904297 0.096680 0.082031 0.0 0.0 0.15257251710397787 0.0 0.21920722874384171 0.0 0.32776280139784 0.0 0.3149418367459835 0.0 0.1742255897997792 0.0 0.17194652516530262
0 0.978027 0.168457 0.041992 0.075195 0.0 0.17488645023179566 0.0 0.1740117281300684 0.0 0.3006672240153983 0.0 0.298895424950472 0.0 0.27935790044340636 0.0 0.285992766439077 0.0
0 0.361816 0.761719 0.088867 0.076172 0.0 0.0 0.21552293269967673 0.0 0.23178820103667394 0.0 0.3400979406731711 0.0 0.3561294506179856 0.0 0.1694557271929006 0.0 0.20454125035847426
0 0.458008 0.203125 0.083984 0.105469 0.0 0.19276634616571167 0.0 0.15466019979362425 0.0 0.28667308755422277 0.0 0.2963932576458672 0.0 0.28762015260939855 0.0 0.2829710907502633 0.0
0 0.546875 0.957520 0.146484 0.084961 0.0 0.023007963868793075 0.08374918768787887 0.01162292802399425 0.12670996543971744 0.28244758803750253 0.2928448772186143 0.3200440743409284 0.28986505273892377 0.15061058008145395 0.13000986691626193 0.18599029719912324 0.14961863676853082
0 0.314941 0.826660 0.090820 0.075195 0.0 0.0 0.21629722740772234 0.0 0.29508699050096604 0.0 0.36128414197687175 0.0 0.33197399445130504 0.0 0.12313717879141312 0.0 0.2043612369283491
0 0.190918 0.379395 0.088867 0.083008 0.0 0.2142598612839689 0.0 0.16489758332987073 0.0 0.3206377033416942 0.0 0.31181958784176916 0.0 0.17433428480517907 0.0 0.15938473721616334 0.0
0 0.395508 0.686523 0.093750 0.080078 0.0 0.06722238253010752 0.10854969679609199 0.0 0.17943425884935973 0.3356455526544471 0.36245914770456844 0.0 0.36167884441512715 0.17112626750943968 0.12681390756712668 0.0 0.22174847004349657
0 0.932129 0.650391 0.135742 0.103516 0.0 0.08785849932398387 0.06998239548763095 0.11421613746436754 0.06636878863266077 0.3334910005513318 0.31166162427387356 0.3347219000768904 0.3384373534022498 0.148288065555037 0.14472695141187916 0.1401192020792624 0.13875354217538366
0 0.905762 0.130371 0.110352 0.124023 0.0 0.03883161268307908 0.04005853332621793 0.10626155047931313 0.0759604560879424 0.29256628354506153 0.27741905820723106 0.3044308914263506 0.2931622492919318 0.28772359202982883 0.4588409262077238 0.2908143487561707 0.3857490528965621
0 0.796875 0.581055 0.152344 0.121094 0.0 0.09227861863282731 0.059099424474081834 0.04962144335446986 0.08901068055458725 0.34378287654881545 0.34172795274512785 0.34965665732778006 0.35094429123334536 0.14223851365180618 0.1541114036585043 0.1379649604150403 0.1348907757522233
0 0.376953 0.183105 0.080078 0.104492 0.0 0.203831481796453 0.0 0.04966119727412666 0.0 0.34703497824485335 0.0 0.308507927043709 0.0 0.29267703749919144 0.0 0.2939881126690651 0.0
0 0.460938 0.470215 0.070312 0.083008 0.0 0.13834457220812862 0.03607923619826812 0.18759905797939702 0.0 0.35788257078078234 0.3498498845210726 0.2753747722519625 0.0 0.1916282945590854 0.17831019470542817 0.16940008236725024 0.0
0 0.937500 0.020996 0.101562 0.040039 0.0 0.0 0.10288801528488152 0.0 0.20922627696424825 0.0 0.3248135803616827 0.0 0.3017133460102142 0.0 0.33541727632942486 0.0 0.3779709852517331
0 0.977051 0.565918 0.045898 0.092773 0.0 0.0 0.0 0.05034039717347429 0.14878294528623986 0.0 0.0 0.33317289558030244 0.34314714345771313 0.0 0.0 0.10692524162290813 0.13281584989540643
0 0.121094 0.215332 0.091797 0.108398 0.0 0.015233155741934547 0.14124195363144842 0.0 0.22099606251518217 0.36689403868692294 0.3103462347049397 0.0 0.3100398964710502 0.2865357462421729 0.17183449138182894 0.0 0.17449691780138543
0 0.547363 0.490234 0.102539 0.123047 0.02554688745933484 0.0837493717912094 0.11713518750001936 0.0 0.16320982156532335 0.30616274477818256 0.21000422411227246 0.0 0.38139534013215337 0.1617386278412018 0.17259603204766402 0.0 0.17527145948775524
0 0.206543 0.130371 0.147461 0.125977 0.031603013842164115 0.08003821439121273 0.0 0.029361757727778263 0.046611192709369 0.27467675117636037 0.0 0.3701234741089304 0.2325216236989295 0.27221102845065337 0.0 0.29106524437168246 0.2020582603885243
0 0.434082 0.020020 0.106445 0.038086 0.0 0.0 0.0 0.28473164039832055 0.0 0.0 0.0 0.2863481597640184 0.0 0.0 0.0 0.28098229144593745 0.0
0 0.017090 0.065430 0.032227 0.091797 1.0 0.11676437389672535 0.0 0.16267071304888298 0.0 0.3145400061595154 0.0 0.2917488340490058 0.0 0.2448792614578357 0.0 0.20677608066328773 0.0
0 0.181152 0.915039 0.096680 0.082031 0.3578863141405615 0.0 0.0 0.0 0.0 0.0 0.0 0.0 0.0 0.0 0.0 0.0 0.0
0 0.095215 0.869141 0.096680 0.082031 0.2897839121764313 0.0 0.0 0.0 0.0 0.0 0.0 0.0 0.0 0.0 0.0 0.0 0.0
0 0.030273 0.824219 0.058594 0.080078 0.3981311266477115 0.0 0.0 0.0 0.0 0.0 0.0 0.0 0.0 0.0 0.0 0.0 0.0
0 0.213379 0.979004 0.094727 0.040039 0.0 0.0 0.02596371089652609 0.0 0.2458245123898282 0.0 0.29275829019010996 0.0 0.3456869915308484 0.0 0.17489240599024924 0.0 0.1784785367010309
0 0.696289 0.071289 0.070312 0.117188 0.25919784537232854 0.0 0.017312111773863215 0.0 0.0 0.0 0.3081060385227537 0.0 0.0 0.0 0.30941744028935875 0.0 0.0
0 0.319824 0.401367 0.077148 0.074219 0.0 0.4094296878789316 0.0 0.3006408271685384 0.0 0.31264330842878885 0.0 0.30401165708652345 0.0 0.23341971768769776 0.0 0.11719131950940051 0.0
0 0.908203 0.054688 0.080078 0.042969 0.0 0.0 0.17864709292867337 0.0 0.15326758088772285 0.0 0.2522595794307551 0.0 0.26882282961885245 0.0 0.395739107026394 0.0 0.34786502921013274
0 0.487793 0.592773 0.102539 0.123047 0.0 0.0 0.15153530799751183 0.0 0.217045904828223 0.0 0.20786894646134882 0.0 0.41439175169009423 0.0 0.18528769150894514 0.0 0.1696327606384655
0 0.310059 0.166504 0.059570 0.102539 0.0 0.23651653461365962 0.0 0.11480074111864232 0.0 0.33703442704787123 0.0 0.26381186041962446 0.0 0.2768678164791866 0.0 0.27533220718252127 0.0
