0 0.360352 0.128418 0.087891 0.120117 0.0 0.0 0.16830722339940854 0.0 0.12432457026568862 0.0 0.21682235502222386 0.0 0.2144018488660881 0.0 0.33895954524222704 0.0 0.34691934282082626
0 0.329590 0.241211 0.083008 0.103516 0.0 0.0 0.18445193124703957 0.0 0.1791234031339552 0.0 0.21851484521004935 0.0 0.21991357779661386 0.0 0.3397590947755677 0.0 0.34108767413266206
0 0.276855 0.446777 0.083008 0.090820 0.0 0.0 0.1883803645087578 0.0 0.14964124586727198 0.0 0.21725383655588545 0.0 0.21421514030988553 0.0 0.341417540597038 0.0 0.3637903397605938
0 0.301758 0.347656 0.078125 0.103516 0.0 0.0 0.19401726712252804 0.0 0.23133886554695487 0.0 0.22100563154894576 0.0 0.21327979049807727 0.0 0.3404491949120796 0.0 0.3498271997978853
0 0.874023 0.896484 0.119141 0.103516 0.0 0.0 0.0 0.3847919898732843 0.0 0.0 0.0 0.08704155015741671 0.0 0.0 0.0 0.40181653409046714 0.0
0 0.097168 0.770508 0.165039 0.140625 0.36071743831511166 0.0 0.0 0.0 0.0 0.0 0.0 0.0 0.0 0.0 0.0 0.0 0.0
0 0.581055 0.441406 0.115234 0.144531 0.0 0.0 0.1796731831813875 0.0 0.19755816232913737 0.0 0.17898964601471146 0.0 0.17967379898377212 0.0 0.5474895653619386 0.0 0.545617259991629
0 0.626465 0.284668 0.110352 0.153320 0.0 0.0 0.1781537438037314 0.0 0.19099581507635519 0.0 0.1752120183311946 0.0 0.17616524653952784 0.0 0.5468259033907725 0.0 0.5424483557807065
0 0.188965 0.128418 0.170898 0.102539 0.0 0.16027222739655977 0.0 0.16729688549578248 0.0 0.2588520068953524 0.0 0.2637187724891361 0.0 0.34666387387923403 0.0 0.32819521719236533 0.0
0 0.666016 0.125000 0.119141 0.160156 0.0 0.0 0.1573381787703183 0.0 0.17910551801533214 0.0 0.17482693017340709 0.0 0.17553106493197387 0.0 0.5472990600023383 0.0 0.5414339967979689
0 0.947754 0.333496 0.104492 0.145508 0.0 0.0 0.22538851856134584 0.0 0.21578000954344495 0.0 0.18453274875934603 0.0 0.17983464018124065 0.0 0.5254110120721808 0.0 0.5429405847468922
0 0.909180 0.488770 0.107422 0.151367 0.0 0.0 0.19607971844964792 0.0 0.2100449535450443 0.0 0.17550388361375263 0.0 0.17202352427339884 0.0 0.5442925719980541 0.0 0.5426100035910635
0 0.404297 0.769043 0.226562 0.202148 0.15503820298868182 0.0 0.0 0.08737420226545667 0.0 0.0 0.0 0.07002731252505838 0.0 0.0 0.0 0.9127709910060077 0.0
0 0.906250 0.022949 0.101562 0.043945 0.0802211981834744 0.0 0.12376684727218612 0.0 0.21544052481727402 0.0 0.15685120683635545 0.0 0.15939405418422267 0.0 0.5704745653887348 0.0 0.5357228961779672
0 0.970703 0.187500 0.058594 0.132812 0.0 0.0 0.04998847145155206 0.0 0.4037442729442382 0.0 0.18476830407477687 0.0 0.17708431978840666 0.0 0.5561507346199203 0.0 0.5415403959670395
0 0.871094 0.778320 0.216797 0.146484 0.0 0.20079213984016947 0.0 0.18857602856623848 0.0 0.07041538958533478 0.0 0.06996084933385928 0.0 0.39631828746367703 0.0 0.40714628248180956 0.0
0 0.542480 0.567871 0.108398 0.081055 0.04599524916777114 0.0 0.23272774916986977 0.0 0.17841240400839445 0.0 0.18494889212475146 0.0 0.1831396364836483 0.0 0.543617550094206 0.0 0.539154990344908
0 0.238770 0.523438 0.081055 0.070312 0.0 0.0 0.09441373384488515 0.0 0.20930720940826852 0.0 0.21794971587046294 0.0 0.20780388321106152 0.0 0.3404741130912213 0.0 0.35949183256127304
0 0.051758 0.085938 0.101562 0.109375 0.0 0.11087347257510986 0.0 0.13550563752948688 0.0 0.26059705816198436 0.0 0.2689910983272364 0.0 0.23220280565057372 0.0 0.24365788792550422 0.0
0 0.057617 0.422363 0.113281 0.276367 0.23386865710861665 0.0 0.0 0.0 0.0 0.0 0.0 0.0 0.0 0.0 0.0 0.0 0.0
