0 0.701660 0.558594 0.120117 0.143229 0.0 0.0347524013432577 0.10464752986452323 0.029014124878072534 0.13524076961481268 0.3397116088131614 0.3591237635649881 0.32834522642340597 0.34984875238805296 0.14586867200405243 0.1465289450424052 0.12369214177943712 0.12925286834827573
0 0.643066 0.692057 0.118164 0.136719 0.0 0.044722555258603754 0.16102880102877765 0.02671351812437616 0.1869479297493013 0.33900308674669205 0.36325959740133634 0.33649310109893715 0.3508592885995514 0.1504196383486567 0.14503522061641863 0.15236633838902158 0.14326654474057307
0 0.797363 0.441406 0.137695 0.171875 0.0 0.09590788732180378 0.06142377321226302 0.051573028167250436 0.09251142298774641 0.34378287654881545 0.34172795274512785 0.34965665732778006 0.35094429123334536 0.14223851365180618 0.1541114036585043 0.1379649604150403 0.1348907757522233
0 0.394531 0.254557 0.089844 0.110677 0.0 0.09569030158683994 0.0 0.1061942360225912 0.0 0.2978479777822774 0.0 0.32291757371038166 0.0 0.17310793306063266 0.0 0.16754225981488213 0.0
0 0.578125 0.812500 0.111328 0.145833 0.0 0.04113107685788919 0.16250445470965513 0.02095316843214637 0.19174570318949202 0.31519158506833644 0.343258727506245 0.4024981481993332 0.32434663606704606 0.16719420349525413 0.13071512189356124 0.13297429515621761 0.161578986131229
0 0.354492 0.677083 0.093750 0.096354 0.0 0.0 0.2153409031957074 0.0 0.23159243397498755 0.0 0.3400979406731711 0.0 0.3561294506179856 0.0 0.1694557271929006 0.0 0.20454125035847426
0 0.319824 0.773438 0.090820 0.104167 0.0 0.0 0.20818608137993272 0.0 0.2840212283571798 0.0 0.36128414197687175 0.0 0.33197399445130504 0.0 0.12313717879141312 0.0 0.2043612369283491
0 0.279785 0.875000 0.096680 0.122396 0.0 0.0 0.13634139826312916 0.0 0.19588731079236918 0.0 0.32776280139784 0.0 0.3149418367459835 0.0 0.1742255897997792 0.0 0.17194652516530262
0 0.976562 0.408854 0.046875 0.119792 0.0 0.0 0.0 0.05089897495008214 0.15043384300341056 0.0 0.0 0.33317289558030244 0.34314714345771313 0.0 0.0 0.10692524162290813 0.13281584989540643
0 0.390137 0.575521 0.092773 0.106771 0.0 0.06792998655674024 0.10969232518341926 0.0 0.18132304052145826 0.3356455526544471 0.36245914770456844 0.0 0.36167884441512715 0.17112626750943968 0.12681390756712668 0.0 0.22174847004349657
0 0.931641 0.534505 0.136719 0.126302 0.0 0.09532453085711183 0.07592935310123378 0.12392198596465327 0.07200866949290308 0.3334910005513318 0.31166162427387356 0.3347219000768904 0.3384373534022498 0.14828806555503699 0.14472695141187916 0.1401192020792624 0.13875354217538366
0 0.959961 0.166016 0.080078 0.115885 0.0 0.19831915272164224 0.027138168596940664 0.1985004804517742 0.04640928759182279 0.30149502192848443 0.24681474904650255 0.300115187653005 0.24609188286593345 0.29597203203549927 0.19008608590795195 0.28779047321871776 0.39111105495898546
0 0.461426 0.293620 0.069336 0.110677 0.0 0.14029308730965157 0.036587394454581756 0.19024129823262795 0.0 0.35788257078078234 0.3498498845210726 0.27537477225196255 0.0 0.1916282945590854 0.17831019470542817 0.1694000823672503 0.0
0 0.638184 0.039062 0.133789 0.075521 0.11015247069620815 0.0 0.0 0.1279913808851216 0.0 0.0 0.0 0.2934947419067904 0.0 0.0 0.0 0.2953581700470172 0.0
0 0.850586 0.149740 0.140625 0.119792 0.019503449089823075 0.2352224061217063 0.0 0.1703651673957252 0.0 0.34940587868011447 0.0 0.2076349477873942 0.0 0.30250958554507246 0.0 0.29401672089402664 0.0
0 0.185547 0.885417 0.091797 0.111979 0.36815717323019653 0.0 0.0 0.0 0.0 0.0 0.0 0.0 0.0 0.0 0.0 0.0 0.0
0 0.193359 0.169271 0.085938 0.098958 0.0 0.24780203753461416 0.0 0.19071214220343152 0.0 0.3206377033416942 0.0 0.31181958784176916 0.0 0.17433428480517907 0.0 0.15938473721616334 0.0
0 0.089355 0.102214 0.124023 0.173177 0.0 0.06029352577074728 0.03955621004904236 0.15067408501532628 0.06831812683120068 0.3177179482304076 0.32234539721784394 0.32070381700311423 0.3253258696548693 0.16948762931958034 0.1552345903220176 0.1728037822055152 0.16866651654388093
0 0.484863 0.460938 0.102539 0.177083 0.0 0.0 0.14039300593887127 0.0 0.20108664712026544 0.0 0.20786894646134882 0.0 0.41439175169009423 0.0 0.18528769150894514 0.0 0.1696327606384655
0 0.134766 0.483073 0.267578 0.380208 0.3322071302531944 0.0 0.0 0.0 0.0010704619700460164 0.0 0.0 0.0 0.08064855666048687 0.0 0.0 0.0 0.14021877865077798
0 0.532227 0.942708 0.109375 0.114583 0.0 0.030464075536500573 0.11088949871416592 0.015389530307744011 0.1677724278600155 0.28244758803750253 0.2928448772186143 0.3200440743409284 0.28986505273892377 0.15061058008145395 0.13000986691626193 0.18599029719912324 0.14961863676853082
0 0.325195 0.208984 0.089844 0.110677 0.0 0.3143498524328779 0.0 0.2308244918567653 0.0 0.31264330842878885 0.0 0.30401165708652345 0.0 0.23341971768769776 0.0 0.11719131950940051 0.0
0 0.746094 0.072917 0.095703 0.122396 0.0 0.22182048736464047 0.0 0.0836984550446768 0.0 0.3312524586343029 0.0 0.37177963336600567 0.0 0.31795932166565977 0.0 0.3074815281508175 0.0
0 0.099609 0.829427 0.091797 0.111979 0.29810032331261777 0.0 0.0 0.0 0.0 0.0 0.0 0.0 0.0 0.0 0.0 0.0 0.0
0 0.029297 0.770182 0.056641 0.110677 0.397323558439501 0.0 0.0 0.0 0.0 0.0 0.0 0.0 0.0 0.0 0.0 0.0 0.0
0 0.546387 0.325521 0.102539 0.177083 0.02366843985203081 0.07759132974773814 0.10852230606619444 0.0 0.15120909939140253 0.30616274477818256 0.21000422411227243 0.0 0.3813953401321534 0.1617386278412018 0.17259603204766402 0.0 0.1752714594877553
