0 0.353027 0.869141 0.106445 0.123047 0.0 0.0 0.1212218617591704 0.0 0.13669193707935898 0.0 0.21607376119136804 0.0 0.21542812125292124 0.0 0.33847327371881747 0.0 0.3442198410899838
0 0.818848 0.326660 0.083008 0.086914 0.0 0.20885631133743912 0.0 0.2534079478275947 0.0 0.252253975443349 0.0 0.26323733296844093 0.0 0.2453335407659602 0.0 0.265644266863775 0.0
0 0.895508 0.709473 0.126953 0.161133 0.0 0.0 0.15121676371244483 0.0 0.17165316271047404 0.0 0.15732378544477302 0.0 0.15791851073991772 0.0 0.5482433953165226 0.0 0.5414385502574154
0 0.900391 0.374512 0.074219 0.081055 0.010455724058148432 0.08399186904071812 0.0 0.2228909259814738 0.0 0.2676797508839562 0.0 0.2825796266096841 0.0 0.2472423509660064 0.0 0.2647338026474125 0.0
0 0.680176 0.218262 0.092773 0.114258 0.0 0.1185224289975908 0.0 0.11432486715637664 0.0 0.17859906360894867 0.0 0.18062401386663451 0.0 0.25123839108541784 0.0 0.2519126268834094 0.0
0 0.311035 0.458984 0.143555 0.156250 0.0 0.0 0.11978159904935841 0.0 0.14923486271054287 0.0 0.16943917702993266 0.0 0.1667347423169466 0.0 0.548681855515742 0.0 0.5473258697580032
0 0.323730 0.965332 0.104492 0.069336 0.0 0.0 0.15407236190877546 0.0 0.13168973974697817 0.0 0.22067349644563933 0.0 0.21899445119629204 0.0 0.3433734032113667 0.0 0.35433146647107094
0 0.453125 0.110352 0.070312 0.099609 0.0 0.24782027580870628 0.0 0.382043888691213 0.0 0.1888745617800483 0.0 0.193479745422597 0.0 0.24986908993881182 0.0 0.2394748524048162 0.0
0 0.967773 0.394531 0.064453 0.080078 0.01285136972610432 0.061619958091092386 0.0 0.28927901054896793 0.0 0.2953539491143534 0.0 0.2836087733443264 0.0 0.2827124858203879 0.0 0.25062134167532313 0.0
0 0.184570 0.192383 0.138672 0.136719 0.3690160850747276 0.0 0.0 0.0 0.0 0.0 0.0 0.0 0.0 0.0 0.0 0.0 0.0
0 0.610352 0.188477 0.085938 0.111328 0.0 0.1341578223727738 0.0 0.0892103845173873 0.0 0.17030177345626502 0.0 0.1585369178159488 0.0 0.24370355406603214 0.0 0.2682316184123667 0.0
0 0.966797 0.151367 0.066406 0.099609 0.0 0.1826850897989551 0.0 0.15063588020917398 0.0 0.16987244623651823 0.0 0.15757752089984917 0.0 0.6325500939553876 0.0 0.5828208728822789 0.0
0 0.530273 0.530273 0.117188 0.152344 0.0 0.0 0.1632731190649499 0.0 0.17991720894908875 0.0 0.15740752987679293 0.0 0.15824690520876444 0.0 0.5507696356447902 0.0 0.5448707962063376
0 0.747559 0.300781 0.081055 0.103516 0.0 0.1840278794647589 0.0 0.2179121294865007 0.0 0.2704546743288204 0.0 0.27035209698052215 0.0 0.25528019347226816 0.0 0.26065223338139465 0.0
0 0.268555 0.646484 0.142578 0.130859 0.20219100197567386 0.0 0.0 0.0 0.0 0.0 0.0 0.0 0.0 0.0 0.0 0.0 0.0
0 0.849609 0.023926 0.132812 0.045898 0.4499570605727485 0.0 0.0 0.0 0.0 0.0 0.0 0.0 0.0 0.0 0.0 0.0 0.0
0 0.185547 0.869141 0.181641 0.111328 0.0 0.14803504534085415 0.0 0.14392620035982 0.0 0.25932704424287195 0.0 0.2673490177684959 0.0 0.3443266382817828 0.0 0.32769293081779827 0.0
0 0.050781 0.198730 0.099609 0.155273 0.40726958803674285 0.0 0.0 0.0 0.0 0.0 0.0 0.0 0.0 0.0 0.0 0.0 0.0
0 0.519531 0.138184 0.083984 0.104492 0.0 0.21028532376716094 0.0 0.25159519893872984 0.0 0.19638837728806316 0.0 0.19611284213930336 0.0 0.24376492308556735 0.0 0.25650744692005834 0.0
0 0.622070 0.979492 0.119141 0.041016 0.0 0.0 0.17359112608883773 0.0 0.15212552340479932 0.0 0.17480118158037192 0.0 0.17417655051504152 0.0 0.5362231825555633 0.0 0.5794034146312657
0 0.667480 0.874023 0.122070 0.156250 0.0 0.0 0.15740111404182638 0.0 0.17917716022253824 0.0 0.17482693017340709 0.0 0.17553106493197387 0.0 0.5472990600023383 0.0 0.5414339967979689
0 0.117188 0.612305 0.142578 0.130859 0.200329207631205 0.0 0.0 0.0 0.0 0.0 0.0 0.0 0.0 0.0 0.0 0.0 0.0
0 0.050293 0.827148 0.098633 0.109375 0.0 0.1141667440377369 0.0 0.13953055745610532 0.0 0.26059705816198436 0.0 0.2689910983272364 0.0 0.23220280565057372 0.0 0.24365788792550422 0.0
0 0.969238 0.929199 0.061523 0.141602 0.0 0.0 0.0446530845150153 0.0 0.3606516986562653 0.0 0.1847683040747769 0.0 0.17708431978840666 0.0 0.5561507346199203 0.0 0.5415403959670395
