0 0.450195 0.522461 0.099609 0.107422 0.009445320359680109 0.02234343322618029 0.05898319542045156 0.052557309566436144 0.043794631034458825 0.18341854759065604 0.26671990740469886 0.2729199074224327 0.18501723397267936 0.359849175409311 0.35268503057140227 0.4082269125154003 0.3407224727220779
0 0.267578 0.568848 0.199219 0.206055 0.0 0.0 0.13046169900607318 0.07415136324494445 0.12229131362803386 0.0 0.28775765018916144 0.29073380831229595 0.2851220300186024 0.0 0.3103609740049529 0.3094540108921264 0.3096241660850653
0 0.728027 0.742188 0.151367 0.091797 0.0 0.0 0.10596334407141986 0.09232031654371572 0.13676177477512172 0.0 0.24716123755732677 0.21637004809569135 0.24662236894197095 0.0 0.5557152353903623 0.5546936668175305 0.5593198337225272
0 0.548340 0.538574 0.083008 0.106445 0.0 0.10769702712336737 0.18201463568889378 0.0 0.11068835115863286 0.29068493731908923 0.24396771249532836 0.0 0.25757689768631997 0.3981405819342364 0.5584565676960688 0.0 0.5062563976246612
0 0.559082 0.631348 0.092773 0.081055 0.0 0.0 0.1927270594104127 0.0 0.19039287064473057 0.0 0.31336308491021053 0.0 0.15530379114106896 0.0 0.5268903290678867 0.0 0.5726710321661235
0 0.198242 0.938477 0.087891 0.085938 0.0 0.10424114457425393 0.05453964163050997 0.09273039414789618 0.0 0.2502582458869437 0.2442029423334436 0.2404387393461627 0.0 0.29970609645474533 0.3205199127852148 0.3078062657003563 0.0
0 0.712402 0.650879 0.139648 0.088867 0.0 0.0 0.12566745586868544 0.0 0.12147288486758596 0.0 0.14583493788885488 0.0 0.1640588250323841 0.0 0.5606235021284984 0.0 0.5589443251001581
0 0.898926 0.286621 0.112305 0.083008 0.0 0.06934788551119132 0.024852327348382507 0.08856357505610167 0.019095304714783694 0.2014325690307517 0.18741395154266954 0.18597435620057184 0.18704808449527396 0.2940599585228496 0.29949698894761684 0.29552217047808826 0.2462477514684063
0 0.668945 0.209473 0.128906 0.153320 0.0 0.10937125849024201 0.10484413972051959 0.06898830251077 0.055541835827865295 0.31706601711820215 0.3787199905768345 0.3435281532292551 0.1827726948131386 0.18381729022425877 0.1943530942774407 0.18685552129316457 0.20110976331945982
0 0.567383 0.770020 0.095703 0.073242 0.07310062244181015 0.0 0.15477162549726825 0.0 0.04231652122284836 0.0 0.12758507487593862 0.0 0.2596210565611562 0.0 0.5780538796847104 0.0 0.5518068957385202
0 0.885254 0.611328 0.118164 0.103516 0.0 0.056188197028755965 0.0809804859748836 0.1041207660118614 0.08071805322036149 0.33989134651160513 0.3305818021272247 0.32240881222761386 0.302530131698007 0.1428600076943272 0.24318147642204693 0.13660186444829533 0.4976141789737081
0 0.397461 0.964844 0.082031 0.070312 0.0 0.3301142332628305 0.0 0.11771629741985329 0.0 0.3466025171795846 0.0 0.1400818147945811 0.0 0.39104434140867095 0.0 0.3629362893680953 0.0
0 0.567871 0.702148 0.083008 0.066406 0.0 0.030131350977149488 0.0858122978298206 0.026511825109922005 0.15485506457262024 0.40499584298735397 0.35040655882515936 0.45162496434363764 0.22814381081808252 0.5520516093453591 0.5388344186511168 0.525921602546534 0.5374826564721256
0 0.076172 0.091797 0.119141 0.121094 0.05063374889633894 0.0 0.07736067301987597 0.08892225187997581 0.11877183254896456 0.0 0.3498477776330734 0.38563028963175433 0.3921638921895214 0.0 0.18354192988218124 0.39494081032598716 0.18693924573942539
0 0.289551 0.358398 0.208008 0.208984 0.03121106450784621 0.08126579923344006 0.10101223823958402 0.06899483637987656 0.08076733402713417 0.2150744879451994 0.18346836871903494 0.254071401307107 0.2051522872058743 0.3814161807325432 0.371932179309785 0.36637153176554343 0.37386599853195485
0 0.699219 0.565430 0.128906 0.087891 0.0 0.043098593156222956 0.18559943302788323 0.03277092854578869 0.11310260176841148 0.28272185273190764 0.2286791591262374 0.29253052226513965 0.33540044233084587 0.5548490271564239 0.5584185225937545 0.5781875002223147 0.552832964451435
0 0.159668 0.781738 0.104492 0.108398 0.0 0.2141571944844417 0.0 0.21120134614591707 0.0 0.2817181279815673 0.0 0.28282658032837615 0.0 0.2884699799241296 0.0 0.2861532758845726 0.0
0 0.742676 0.940918 0.129883 0.118164 0.03718245318425102 0.09264521615991603 0.0036467564009356867 0.04367641333603716 0.2744456459253574 0.24687740260371172 0.38804094999368954 0.1183149231925083 0.2294130555907422 0.4134015313483873 0.21454876890255908 0.6670612386836038 0.5795296065999532
0 0.808105 0.242188 0.100586 0.070312 0.0 0.0 0.08039482994905439 0.0 0.17298707292811613 0.0 0.17052513796882493 0.0 0.317103745300597 0.0 0.2429585043820301 0.0 0.1959069805556889
0 0.418457 0.137207 0.135742 0.096680 0.0 0.1435816617918607 0.03183683245292138 0.1434183609507312 0.0 0.19268784508685244 0.22632956511919242 0.23116830338554092 0.0 0.38301786009291133 0.3112831823521383 0.38855625155138673 0.0
0 0.311035 0.956055 0.084961 0.087891 0.0 0.07136543441697628 0.12366004518141989 0.0 0.14622071367840528 0.24919367986131552 0.254782480959704 0.0 0.24634569833395872 0.3691644909633374 0.3294904555681367 0.0 0.2961375781139212
0 0.150391 0.114746 0.082031 0.086914 0.0 0.13780688760647444 0.0 0.1791078746888353 0.0 0.2504598462027713 0.0 0.1728813106766728 0.0 0.21153510856805993 0.0 0.4314817152576293 0.0
0 0.282715 0.127930 0.090820 0.085938 0.0 0.15024654566523948 0.0 0.10678611638285693 0.0 0.28125779073261564 0.0 0.2724090968188192 0.0 0.42165570899073795 0.0 0.4025633773307125 0.0
0 0.219238 0.119629 0.081055 0.086914 0.024909494094118488 0.09834174860811978 0.0 0.12604949541078436 0.012853754555240963 0.39188779543144947 0.0 0.3578990756164448 0.40166090489572365 0.15972097918245734 0.0 0.16005728317643736 0.12436940057275415
0 0.695801 0.464844 0.129883 0.109375 0.016720451786417612 0.0 0.09854925607223847 0.0 0.1454279589265907 0.0 0.33189090191729403 0.0 0.3130907346372567 0.0 0.2019291717876926 0.0 0.2405567351978288
0 0.124512 0.916016 0.071289 0.080078 0.05078540239932665 0.26134758599059693 0.0 0.13547492708544562 0.008544728916997674 0.3844293948219416 0.0 0.3422232323464992 0.4500635803825398 0.29094045934692314 0.0 0.2976685482607368 0.9497449821110542
0 0.361816 0.861816 0.125977 0.079102 0.0 0.013412874322949235 0.08640312318843775 0.14350603244063476 0.08294174345466745 0.34760123716829744 0.26102604803555596 0.33490187303385266 0.30758925940033344 0.358739573233147 0.32805920170268404 0.37013910330282823 0.33995339342153463
0 0.567383 0.155273 0.123047 0.136719 0.0 0.06596312670650721 0.047415283441502684 0.05667088881593392 0.07762389771228023 0.3391944497389169 0.34391959815911743 0.3186120211861302 0.3372611618789327 0.2383738815656803 0.30498851795855003 0.22795271174738102 0.3087606783919941
0 0.947266 0.845703 0.105469 0.140625 0.0 0.11764473865192768 0.04201343620314077 0.1359721882507568 0.11657547770176171 0.20337672140691046 0.201811205929875 0.19031846626134727 0.20061440051317875 0.2576892968094156 0.2635154252389891 0.23779704923498104 0.2652950768349663
0 0.455078 0.055664 0.119141 0.093750 0.0 0.12225673375937782 0.04787867073956606 0.06700780684410637 0.03503668765351927 0.2861512935134563 0.335347662799314 0.2968130747858021 0.24157343805088044 0.2019045676794795 0.2464014107923376 0.2193149630042758 0.21043807891280403
0 0.761719 0.336914 0.113281 0.064453 0.07289338906039694 0.0 0.05453220016421996 0.0 0.144898779001007 0.0 0.2675864368071287 0.0 0.20618341376526142 0.0 0.18204940368767408 0.0 0.18929019685174353
0 0.727051 0.386719 0.106445 0.072266 0.0 0.0 0.12951721462058155 0.0 0.14843459199338951 0.0 0.22978506653015252 0.0 0.2584465845526491 0.0 0.2595017917342318 0.0 0.19384579200989957
0 0.618164 0.044922 0.119141 0.087891 0.0 0.0315582345458877 0.006401827836446746 0.10976289410232107 0.052320707294683216 0.10507805968741306 0.15251427994876965 0.14603048649573372 0.12168440312733231 0.17673772325854978 0.21530354275134048 0.17284218304684865 0.3246498233491855
0 0.402344 0.690430 0.099609 0.064453 0.09943619334762133 0.0 0.05837994923001831 0.0 0.0587709356212226 0.0 0.10842382945144667 0.0 0.20154313367782134 0.0 0.25607279012516526 0.0 0.34264939078346157
0 0.381348 0.741699 0.081055 0.057617 0.0 0.0 0.07131531915646827 0.0 0.10533951419946912 0.0 0.28685469670288344 0.0 0.34101830586495435 0.0 0.24957992837273932 0.0 0.3087538914789742
0 0.768066 0.066406 0.106445 0.130859 0.0 0.006926821409002857 0.1585777137426821 0.037250639966475554 0.1278136755001288 0.3966446142359188 0.4286464503279957 0.39964544750500935 0.33270546526927847 0.21240132833679912 0.19367352893301523 0.4564153208227607 0.24004797930426375
0 0.056641 0.755859 0.099609 0.107422 0.0 0.0830944562945704 0.0 0.19596931036932883 0.0 0.2825440653557238 0.0 0.23651532845025225 0.0 0.299898123412024 0.0 0.28336263518068194 0.0
0 0.891602 0.955078 0.162109 0.089844 0.0 0.19097889574659346 0.07086737852491251 0.12553250794169485 0.0 0.2957151689329855 0.2493457370504233 0.2852044666850242 0.0 0.23559338744555888 0.3797573093665273 0.28009101800883396 0.0
0 0.374512 0.799316 0.112305 0.061523 0.0 0.012428370009821227 0.15267860106443046 0.05105067130834503 0.1562092363468609 0.44691205746424284 0.21598415913538066 0.40205209955305454 0.3383955217703276 0.39246970353934724 0.42238320540310814 0.359458660606688 0.30883567727677363
0 0.060059 0.898438 0.075195 0.087891 0.028263405208834916 0.19168450786820934 0.0 0.24616784119088123 0.0 0.3880255722821921 0.0 0.37011193521758756 0.0 0.3136452224038981 0.0 0.27701023287961185 0.0
0 0.544434 0.374023 0.200195 0.175781 0.0 0.07585083509197232 0.06289623874528429 0.08724853459782539 0.0700774906611213 0.14612924841613883 0.2062806878375172 0.13762235413376395 0.2008352499020406 0.1836799275309508 0.20678284381625456 0.26418905711560875 0.20994696563158566
0 0.337402 0.144043 0.059570 0.063477 0.0 0.17792187118367048 0.0 0.17300379781708605 0.0 0.3436669780388656 0.0 0.32055828468172004 0.0 0.404303461622339 0.0 0.4026030683188891 0.0
0 0.677734 0.079102 0.066406 0.056641 0.0 0.0 0.0 0.25669099108288584 0.0 0.0 0.0 0.16756308883076093 0.0 0.0 0.0 0.1842484471787884 0.0
0 0.567871 0.840820 0.108398 0.072266 0.0 0.0 0.1421631962448805 0.0 0.15183072609424633 0.0 0.09343997387640615 0.0 0.089302755396957 0.0 0.5682349605894483 0.0 0.5750585627359969
0 0.791992 0.292480 0.115234 0.073242 0.0 0.0 0.08448432894217747 0.0 0.1263091855917775 0.0 0.23721074200620557 0.0 0.2361055091281113 0.0 0.21703340199513263 0.0 0.20571255191014062
0 0.377930 0.046387 0.083984 0.090820 0.0 0.1852766980928559 0.0 0.16064159438534542 0.0 0.14676446167448795 0.0 0.1686666404768285 0.0 0.18822663267944673 0.0 0.2065420328477286 0.0
0 0.580078 0.980957 0.121094 0.038086 0.0 0.3555635665715659 0.021562403241670303 0.0 0.0 0.5263567565932804 0.491188625052302 0.0 0.0 0.36861192865948345 0.687239978967323 0.0 0.0
0 0.257812 0.777344 0.101562 0.183594 0.0 0.008035208226068551 0.1275132312915808 0.028840656661823897 0.06873387660546769 0.3451016585594047 0.44147530484023756 0.3381640770510642 0.45037814205953136 0.2947561065812555 0.3072701805962885 0.29921214223169207 0.317982496245382
0 0.554199 0.911621 0.153320 0.059570 0.08737528275186039 0.0 0.018766513828490906 0.06296935306228729 0.0 0.0 0.6027480846015976 0.6119303425610094 0.0 0.0 0.5735663643530272 0.36543327497784805 0.0
0 0.763184 0.825684 0.200195 0.079102 0.023271761265435783 0.08655429425314282 0.0 0.050387634859967355 0.049613134416671124 0.19143222243593833 0.0 0.2642049679385034 0.08221941112054454 0.3606890904180025 0.0 0.39167663606737185 0.4781006477922309
0 0.479004 0.973633 0.079102 0.052734 0.0 0.3293347470525598 0.0 0.0 0.0 0.30591993645165116 0.0 0.0 0.0 0.372763393528008 0.0 0.0 0.0
0 0.433105 0.622070 0.114258 0.082031 0.005839120426126273 0.005555805008472725 0.11003585290987888 0.0 0.09607819150877427 0.06684605452344068 0.22114801690073227 0.0 0.29341246998027326 0.5792840289121446 0.3628240060163472 0.0 0.3190868086443195
