0 0.569824 0.576172 0.092773 0.083984 0.0 0.19339020749910976 0.0 0.23464273259678745 0.0 0.252253975443349 0.0 0.26323733296844093 0.0 0.2453335407659602 0.0 0.265644266863775 0.0
0 0.570801 0.256348 0.067383 0.088867 0.25524230580946305 0.0 0.0 0.0 0.0 0.0 0.0 0.0 0.0 0.0 0.0 0.0 0.0
0 0.886719 0.738770 0.083984 0.086914 0.0 0.14830622377140643 0.0 0.14259450683820407 0.0 0.27100193407433426 0.0 0.2488577920890318 0.0 0.2551942089797169 0.0 0.260492350996657 0.0
0 0.663574 0.625977 0.069336 0.076172 0.011909481285446064 0.09567004512619175 0.0 0.25388153865856566 0.0 0.2676797508839562 0.0 0.2825796266096841 0.0 0.2472423509660064 0.0 0.2647338026474125 0.0
0 0.432617 0.458496 0.066406 0.083008 0.0 0.2279198612990003 0.0 0.21984790630503917 0.0 0.17859906360894867 0.0 0.18062401386663451 0.0 0.25123839108541784 0.0 0.2519126268834094 0.0
0 0.505859 0.232422 0.070312 0.087891 0.2950652902458292 0.0 0.0 0.0 0.0 0.0 0.0 0.0 0.0 0.0 0.0 0.0 0.0
0 0.270508 0.390625 0.076172 0.105469 0.0 0.2297062617883921 0.0 0.27483131773910163 0.0 0.19638837728806316 0.0 0.19611284213930336 0.0 0.24376492308556735 0.0 0.25650744692005834 0.0
0 0.061035 0.712402 0.106445 0.165039 0.0 0.0 0.15293758263074264 0.0 0.19054361711915577 0.0 0.16943917702993266 0.0 0.1667347423169466 0.0 0.548681855515742 0.0 0.5473258697580032
0 0.735352 0.645996 0.083984 0.086914 0.016774976199393225 0.0504455065637269 0.0 0.17112427523436344 0.0 0.27957683097430114 0.0 0.2830916017214819 0.0 0.2851184060984044 0.0 0.2467562135150034 0.0
0 0.741699 0.400879 0.067383 0.106445 0.0 0.1936757751720183 0.0 0.22897925349751397 0.0 0.16929210694336844 0.0 0.15033485884308628 0.0 0.622093453791052 0.0 0.5446630345011227 0.0
0 0.367188 0.439453 0.066406 0.087891 0.0 0.21991360686988015 0.0 0.14623506167948191 0.0 0.17030177345626502 0.0 0.1585369178159488 0.0 0.24370355406603214 0.0 0.2682316184123667 0.0
0 0.498535 0.549805 0.084961 0.091797 0.0 0.1979796140292185 0.0 0.23443273602619627 0.0 0.2704546743288204 0.0 0.27035209698052215 0.0 0.25528019347226816 0.0 0.26065223338139465 0.0
0 0.284180 0.783203 0.101562 0.164062 0.0 0.0 0.17493548471244635 0.0 0.19276843815973796 0.0 0.15740752987679293 0.0 0.15824690520876444 0.0 0.5507696356447902 0.0 0.5448707962063376
0 0.943848 0.569336 0.069336 0.087891 0.365474810362374 0.0 0.0 0.0 0.0 0.0 0.0 0.0 0.0 0.0 0.0 0.0 0.0
0 0.646973 0.941895 0.110352 0.116211 0.03186666610548271 0.0 0.22168664644643368 0.0 0.1871320801197939 0.0 0.1623946378408976 0.0 0.16132288120493532 0.0 0.5474051176619504 0.0 0.5472188634610063
0 0.931152 0.163574 0.124023 0.159180 0.2737182678509353 0.0 0.0 0.0 0.0 0.0 0.0 0.0 0.0 0.0 0.0 0.0 0.0
0 0.241699 0.089844 0.139648 0.083984 0.35276572163275455 0.0 0.0 0.0 0.0 0.0 0.0 0.0 0.0 0.0 0.0 0.0 0.0
0 0.345215 0.101562 0.061523 0.085938 0.39469257270858626 0.0 0.0 0.0 0.0 0.0 0.0 0.0 0.0 0.0 0.0 0.0 0.0
0 0.835449 0.025879 0.108398 0.049805 0.0 0.25142848331593876 0.0 0.13048698897951239 0.0 0.35955666520155966 0.0 0.3637198325730187 0.0 0.10732679856468919 0.0 0.11701282389909061 0.0
0 0.025391 0.204102 0.048828 0.091797 0.0 0.05036823493702457 0.0 0.08092430595633382 0.0 0.18935200993771162 0.0 0.23195172803336866 0.0 0.23665859339211784 0.0 0.17089208814781942 0.0
0 0.951172 0.846191 0.097656 0.118164 0.0 0.130514774388434 0.0 0.24893850879925214 0.0 0.28321250606072773 0.0 0.24264646056115524 0.0 0.25123619024668514 0.0 0.24940260825442048 0.0
0 0.875488 0.400391 0.090820 0.099609 0.0 0.1840300605076786 0.0 0.18815832206042518 0.0 0.15136181588720138 0.0 0.16729116619672948 0.0 0.6094884155687843 0.0 0.6058183474906842 0.0
0 0.410645 0.086426 0.079102 0.088867 0.32692889871605807 0.0 0.0 0.0 0.0 0.0 0.0 0.0 0.0 0.0 0.0 0.0 0.0
0 0.066895 0.222656 0.049805 0.091797 0.0 0.16551260525382847 0.0 0.11077394084412734 0.0 0.10219741913648865 0.0 0.2360906416377871 0.0 0.2037475545493837 0.0 0.23519573888980289 0.0
0 0.105957 0.239258 0.049805 0.091797 0.12293396760764959 0.0 0.0 0.10806968434992646 0.0 0.0 0.0 0.23225385512272542 0.0 0.0 0.0 0.2560562749798837 0.0
0 0.141113 0.258789 0.071289 0.113281 0.0 0.14008477458611646 0.0 0.06780979340591599 0.0 0.2574055525247488 0.0 0.23939514420299018 0.0 0.20897409119326818 0.0 0.21569190604185925 0.0
0 0.823242 0.712402 0.083984 0.086914 0.020873283198645738 0.12127776245055391 0.0 0.17195612652252287 0.0 0.26709148684828465 0.0 0.262576440019649 0.0 0.2368811641330472 0.0 0.2445005814871021 0.0
0 0.200684 0.351562 0.079102 0.111328 0.0 0.19709682754376637 0.0 0.30384777112283606 0.0 0.1888745617800483 0.0 0.193479745422597 0.0 0.24986908993881182 0.0 0.2394748524048162 0.0
0 0.980469 0.539551 0.039062 0.102539 0.32870754915640776 0.0 0.0 0.0 0.0 0.0 0.0 0.0 0.0 0.0 0.0 0.0 0.0
0 0.800781 0.410645 0.060547 0.096680 0.0 0.26074000629143285 0.0 0.13127194681972942 0.0 0.15793071976568485 0.0 0.16528770530779996 0.0 0.6055715297527543 0.0 0.6010508754500152 0.0
0 0.675293 0.402832 0.067383 0.106445 0.2983117596042681 0.0 0.0 0.0 0.0 0.0 0.0 0.0 0.0 0.0 0.0 0.0 0.0
0 0.636230 0.251465 0.067383 0.088867 0.38723401574527455 0.0 0.0 0.0 0.0 0.0 0.0 0.0 0.0 0.0 0.0 0.0 0.0
