0 0.548828 0.825684 0.193359 0.262695 0.17385275451300655 0.0 0.10925987414143941 0.045894728452675115 0.0 0.0 0.06786757317392408 0.06681491140063897 0.0 0.0 0.2632477520662822 0.2530656387062982 0.0
0 0.313477 0.738281 0.224609 0.357422 0.26954951902537466 0.008076040340647957 0.0 0.008994709198026264 0.0 0.08743743479851976 0.0 0.08896652372263682 0.0 0.25665838927120277 0.0 0.2544125724897301 0.0
0 0.126465 0.666992 0.190430 0.166016 0.21445315562302478 0.0 0.0 0.0 0.0 0.0 0.0 0.0 0.0 0.0 0.0 0.0 0.0
0 0.195801 0.304199 0.170898 0.108398 0.2823574171214459 0.0 0.003114191010016709 0.0 0.0 0.0 0.20476324861520737 0.0 0.0 0.0 0.2791080015287346 0.0 0.0
0 0.428223 0.090820 0.161133 0.179688 0.3161052186993749 0.0 0.003654962920975046 0.0 0.0 0.0 0.1695512360842269 0.0 0.0 0.0 0.21530532618962372 0.0 0.0
0 0.818359 0.065918 0.363281 0.129883 0.08533651985775241 0.12487217287782457 0.0 0.13918871218274315 0.0 0.13380012284675685 0.0 0.17122273865440102 0.0 0.2610648776217127 0.0 0.25961935019739224 0.0
0 0.119141 0.976074 0.210938 0.047852 0.0 0.17890306806576475 0.0 0.06944099459729369 0.0 0.1848199890743061 0.0 0.23725682206809096 0.0 0.3232994994302234 0.0 0.3070893368439893 0.0
0 0.961914 0.726562 0.076172 0.208984 0.3222736838625092 0.0 0.0038358220974709463 0.0 0.0 0.0 0.34196519974764283 0.0 0.0 0.0 0.7609296377212429 0.0 0.0
0 0.369629 0.363770 0.174805 0.108398 0.2167523845777024 0.0 0.0 0.0 0.0 0.0 0.0 0.0 0.0 0.0 0.0 0.0 0.0
0 0.541504 0.443359 0.176758 0.136719 0.11518711476507601 0.0 0.0 0.0 0.0 0.0 0.0 0.0 0.0 0.0 0.0 0.0 0.0
0 0.295410 0.060059 0.100586 0.118164 0.2729079247456147 0.0 0.0 0.0 0.0 0.0 0.0 0.0 0.0 0.0 0.0 0.0 0.0
0 0.890625 0.561523 0.207031 0.126953 0.22483598151814235 0.0 0.0 0.0 0.0 0.0 0.0 0.0 0.0 0.0 0.0 0.0 0.0
0 0.711426 0.511230 0.182617 0.127930 0.29295192712568485 0.0 0.0 0.0 0.0 0.0 0.0 0.0 0.0 0.0 0.0 0.0 0.0
0 0.216309 0.043457 0.077148 0.084961 0.22699979752628985 0.0 0.0 0.0 0.0 0.0 0.0 0.0 0.0 0.0 0.0 0.0 0.0
0 0.139160 0.031738 0.069336 0.061523 0.13362037034497837 0.0 0.0 0.0 0.0 0.0 0.0 0.0 0.0 0.0 0.0 0.0 0.0
0 0.724121 0.199219 0.465820 0.337891 0.2529641700095532 0.00033423119762966973 0.0 0.0 0.0 0.4189369290394949 0.0 0.0 0.0 0.22590537123582205 0.0 0.0 0.0
0 0.730957 0.949707 0.190430 0.100586 0.0 0.14698361198911758 0.0 0.0953236089809737 0.09139377969638102 0.09718652180738416 0.0 0.09563872633127748 0.07453729975686461 0.2569585705787799 0.0 0.2638111537193738 0.2548868782946013
