0 0.452474 0.869141 0.118490 0.131510 0.0 0.17849489715270875 0.0 0.11543925145315839 0.0 0.30003090028325297 0.0 0.2984289228029074 0.0 0.19270024397578112 0.0 0.18476290115714272 0.0
0 0.546224 0.936198 0.123698 0.122396 0.0 0.07506263108392125 0.0 0.18965165779100673 0.0 0.2482003235595046 0.0 0.30893154797533584 0.0 0.1754166698062878 0.0 0.1836511850813663 0.0
0 0.856120 0.354167 0.173177 0.164062 0.0 0.033906197909091815 0.12208323887520109 0.020252729906325283 0.14173370613825473 0.33900308674669205 0.36325959740133634 0.33649310109893715 0.3508592885995514 0.1504196383486567 0.14503522061641863 0.15236633838902158 0.1432665447405731
0 0.368490 0.537109 0.125000 0.102865 0.0 0.0 0.16729866195103904 0.0 0.24036488848019352 0.0 0.32776280139784 0.0 0.3149418367459835 0.0 0.1742255897997792 0.0 0.17194652516530262
0 0.429036 0.440104 0.128906 0.101562 0.0 0.0 0.20058332627126385 0.0 0.2736490467466223 0.0 0.36128414197687175 0.0 0.33197399445130504 0.0 0.12313717879141312 0.0 0.2043612369283491
0 0.770833 0.479818 0.171875 0.157552 0.0 0.03288013957685507 0.12990589016609547 0.016749940805262008 0.15328131344374119 0.31519158506833644 0.343258727506245 0.40249814819933327 0.324346636067046 0.16719420349525413 0.13071512189356124 0.13297429515621764 0.161578986131229
0 0.840495 0.910156 0.097656 0.091146 0.0 0.0 0.33873340825535075 0.0 0.05219522762731089 0.0 0.32216360268218464 0.0 0.3509386402582607 0.0 0.14059588386384267 0.0 0.16742342211493874
0 0.472005 0.341146 0.126302 0.104167 0.0 0.0 0.19713682684308056 0.0 0.21201451687607106 0.0 0.3400979406731711 0.0 0.3561294506179856 0.0 0.1694557271929006 0.0 0.20454125035847426
0 0.889974 0.773438 0.194010 0.177083 0.0 0.08399637025729849 0.04940518114926745 0.04450412007147339 0.01791396564330376 0.2937944194937948 0.27750026623211044 0.28592849209231264 0.28535415619848276 0.1433911460197412 0.13926788477225122 0.14901402105950906 0.12750202889008494
0 0.781901 0.961589 0.115885 0.076823 0.0 0.0 0.2979721577026684 0.0 0.10115210626467189 0.0 0.3567252585017087 0.0 0.37247725424346934 0.0 0.10382523631365138 0.0 0.1466757359281448
0 0.658854 0.959635 0.125000 0.080729 0.013146040553266802 0.16717268608942215 0.0 0.08673502937511618 0.0 0.24844932129926323 0.0 0.32248071934587974 0.0 0.19339824528827015 0.0 0.19560659642257514 0.0
0 0.247396 0.721354 0.213542 0.231771 0.09799720322195664 0.05579868176262487 0.0516681128181982 0.06121367353440172 0.10993751415304089 0.24843080732821565 0.2988485484918886 0.3578249627993097 0.3808845789014892 0.07789005395042718 0.23113683193931947 0.2444225655485825 0.1216345928290808
0 0.719401 0.639323 0.186198 0.190104 0.0 0.06604106090780008 0.03833965702975581 0.12296972896175806 0.0659272672455286 0.2784366787349605 0.28751960281281297 0.2906159846566639 0.2827569131338284 0.14138170436592346 0.1272455755226714 0.14048302348905173 0.1440027034509648
0 0.920573 0.225911 0.158854 0.162760 0.0 0.03083278624093618 0.09284466092242619 0.025741712104939106 0.11998738445169937 0.3397116088131614 0.3591237635649881 0.32834522642340597 0.349848752388053 0.14586867200405243 0.1465289450424052 0.12369214177943712 0.12925286834827576
0 0.365234 0.816406 0.113281 0.119792 0.0 0.12978809346869444 0.0 0.15159212524724552 0.0 0.2878311931220918 0.0 0.40784008025676294 0.0 0.1741124262233379 0.0 0.17720591501657926 0.0
0 0.160807 0.175130 0.311198 0.345052 0.45666945838548745 0.0 0.0 0.0 0.0 0.0 0.0 0.0 0.0 0.0 0.0 0.0 0.0
0 0.125651 0.496745 0.131510 0.123698 0.2511561244042941 0.0 0.0 0.0 0.0 0.0 0.0 0.0 0.0 0.0 0.0 0.0 0.0
0 0.523438 0.253255 0.125000 0.105469 0.0 0.06805228848726934 0.10988981650962397 0.0 0.18164949661293206 0.3356455526544471 0.36245914770456844 0.0 0.36167884441512715 0.17112626750943968 0.12681390756712668 0.0 0.22174847004349657
0 0.643880 0.125000 0.149740 0.169271 0.0 0.0 0.1341011454720456 0.0 0.19207473718243415 0.0 0.20786894646134882 0.0 0.41439175169009423 0.0 0.18528769150894514 0.0 0.1696327606384655
0 0.236328 0.550130 0.131510 0.123698 0.3101805720055143 0.0 0.0 0.0 0.0 0.0 0.0 0.0 0.0 0.0 0.0 0.0 0.0
0 0.042318 0.443359 0.082031 0.118490 0.3416719244909716 0.0 0.0 0.0 0.0 0.0 0.0 0.0 0.0 0.0 0.0 0.0 0.0
0 0.718099 0.032552 0.131510 0.062500 0.04719622097337012 0.0 0.08768710607749308 0.0 0.16301608240189103 0.0 0.12141766848168384 0.0 0.3419714598483682 0.0 0.1725955651543561 0.0 0.168239550959112
