0 0.844727 0.844727 0.173828 0.167969 0.0 0.06288609975376001 0.06435778421683314 0.06527838464382851 0.06590564321846418 0.1633971992134576 0.16273430348905954 0.1552179916488565 0.16277811402811304 0.10058369430659408 0.10035728365356818 0.10401755420224296 0.10041865922918715
0 0.123047 0.397949 0.146484 0.122070 0.0 0.0 0.0 0.2653936006955366 0.0 0.0 0.0 0.08704155015741671 0.0 0.0 0.0 0.40181653409046714 0.0
0 0.155762 0.034180 0.114258 0.066406 0.04397190727657792 0.0 0.10385092033568659 0.0 0.19262832214191336 0.0 0.17597903549923638 0.0 0.17345613380357486 0.0 0.588944345541834 0.0 0.5251206212023286
0 0.433105 0.354004 0.133789 0.143555 0.16982665152974877 0.0 0.17320270231358362 0.0 0.0 0.0 0.06931887770555492 0.0 0.0 0.0 0.5480265652694962 0.0 0.0
0 0.442871 0.509766 0.129883 0.158203 0.1538527164589748 0.0 0.1728131753704538 0.0 0.0 0.0 0.07231561561104397 0.0 0.0 0.0 0.5580546916975913 0.0 0.0
0 0.681641 0.024414 0.126953 0.046875 0.0 0.0 0.12364404622425357 0.0 0.15920302749146822 0.0 0.14735894758692178 0.0 0.14377378182727762 0.0 0.7197737067766571 0.0 0.7082984020790298
0 0.121582 0.269531 0.231445 0.144531 0.0 0.19062544921535077 0.0 0.17902787522111246 0.0 0.07041538958533478 0.0 0.06996084933385928 0.0 0.39631828746367703 0.0 0.40714628248180956 0.0
0 0.361328 0.152832 0.136719 0.254883 0.0 0.0 0.15873748973988738 0.0 0.15809002582132672 0.0 0.0694922035231972 0.0 0.06823248604642031 0.0 0.6375046189471628 0.0 0.6235330224035036
0 0.833496 0.287598 0.168945 0.092773 0.319310933482401 0.0 0.0 0.0 0.0 0.0 0.0 0.0 0.0 0.0 0.0 0.0 0.0
0 0.154785 0.684082 0.116211 0.124023 0.0 0.12269922927067743 0.0 0.10746936630752409 0.0 0.08093487111837395 0.0 0.07393032644392672 0.0 0.909491952848116 0.0 0.9305746800496195 0.0
0 0.271973 0.812500 0.168945 0.185547 0.29147089539607746 0.0 0.0 0.0 0.0 0.0 0.0 0.0 0.0 0.0 0.0 0.0 0.0
0 0.399902 0.901367 0.286133 0.195312 0.19863539409988662 0.0 0.0008339505264673881 0.0 0.08728745499405711 0.0 0.07669620194065416 0.0 0.12081910992047774 0.0 0.03344692916034483 0.0 0.9130676251779938
0 0.960938 0.284668 0.078125 0.084961 0.33939278831168745 0.0 0.0 0.0 0.0 0.0 0.0 0.0 0.0 0.0 0.0 0.0 0.0
0 0.036621 0.924805 0.071289 0.125000 0.0 0.0 0.14116204840188534 0.0 0.14267573818460522 0.0 0.3531342815436038 0.0 0.3416594782848785 0.0 0.9176647396539411 0.0 0.921425803556329
