0 0.278646 0.910645 0.270833 0.131836 0.05195354639703954 0.07300681203650215 0.017445493134362295 0.05164936199725795 0.0 0.08468613666092928 0.09788342740686116 0.0993461473538513 0.0 0.7277523471527458 0.6970024062935176 0.7186532540381629 0.0
0 0.940755 0.724609 0.118490 0.101562 0.31032722145947317 0.0 0.0 0.0 0.0 0.0 0.0 0.0 0.0 0.0 0.0 0.0 0.0
0 0.110677 0.967773 0.114583 0.064453 0.44487160376530827 0.02423319876550349 0.0 0.011678608596792997 0.0 0.09649608700599978 0.0 0.28156585377177074 0.0 0.8471218527691722 0.0 0.7802756463990768 0.0
0 0.462891 0.400391 0.264323 0.197266 0.24631157882400073 0.0 0.0 0.0 0.0 0.0 0.0 0.0 0.0 0.0 0.0 0.0 0.0
0 0.515625 0.844238 0.270833 0.131836 0.19450353564794717 0.034459209863770754 0.0 0.05417574880346121 0.0 0.083574787256986 0.0 0.10286491379362837 0.0 0.7222354106720555 0.0 0.7313379683501486 0.0
0 0.761719 0.770020 0.270833 0.131836 0.2770051969819315 0.0 0.0 0.01280213820639459 0.0 0.0 0.0 0.1690820715091566 0.0 0.0 0.0 0.6816818236079157 0.0
0 0.097005 0.377441 0.191406 0.182617 0.2903153391498369 0.0 0.0 0.0 0.0 0.0 0.0 0.0 0.0 0.0 0.0 0.0 0.0
0 0.102214 0.050781 0.201823 0.099609 0.21527248184806258 0.003483429601429439 0.0 0.0 0.003955851754174262 0.29929196036446176 0.0 0.0 0.3712855454119788 0.3213161319697486 0.0 0.0 0.3723492842188679
0 0.475911 0.049805 0.227865 0.097656 0.2729089430886367 0.0 0.0 0.0 0.0 0.0 0.0 0.0 0.0 0.0 0.0 0.0 0.0
0 0.350911 0.219238 0.699219 0.202148 0.181388786114117 0.010052841509223752 0.007338996129033979 0.0026190673925325417 0.009145648984268727 0.3366431100072022 0.2573394216753495 0.2262661305845639 0.2675204302346328 0.258653231114784 0.3760832179962413 0.2801947182636819 0.2452445535121786
