0 0.261230 0.645508 0.098633 0.068359 0.0 0.015951468710390302 0.29865620781563157 0.0 0.040154816136926515 0.09466597461910299 0.20148682363502557 0.0 0.39490208660398807 0.5219294885227228 0.9044119718253837 0.0 0.6142582291671607
0 0.188477 0.550293 0.101562 0.077148 0.0 0.0 0.28030047204416586 0.0 0.14398478700120693 0.0 0.2315978285549948 0.0 0.22591254163184055 0.0 0.995612945464373 0.0 0.9637306292375541
0 0.220215 0.588867 0.108398 0.074219 0.0 0.0 0.29650400412611494 0.0 0.1960775579311106 0.0 0.20553832960381765 0.0 0.22607214938659928 0.0 0.8426134067979885 0.0 0.9337333490947474
0 0.355469 0.166016 0.164062 0.220703 0.0017780350409279263 0.0 0.14865610108637176 0.02562745830420567 0.11053163534241542 0.0 0.20402568062794424 0.201567274123347 0.19714307656019503 0.0 0.7817220426743525 0.7894709024056921 0.7593282020006802
0 0.620605 0.764160 0.127930 0.137695 0.023238270275188953 0.01769199447857591 0.0882646970597797 0.10090907193495609 0.00733311855751856 0.201719922846373 0.202586830090376 0.1682493728344045 0.3152187696069231 0.7761068581487341 0.7664496394467631 0.370471372873977 0.7673118686368726
0 0.145996 0.499512 0.104492 0.088867 0.0 0.18166980773545086 0.0 0.16268805083243368 0.0 0.1537722097513889 0.0 0.2462518150675554 0.0 0.04463689385060729 0.0 0.05505786454236637 0.0
0 0.300293 0.689941 0.118164 0.073242 0.013871066467988727 0.0 0.17666745468537437 0.0 0.10197778694541143 0.0 0.204677053190771 0.0 0.19570607709193233 0.0 0.8363426480664953 0.0 0.820595818952933
0 0.382324 0.891113 0.155273 0.073242 0.23606132648762213 0.0 0.0 0.0 0.0 0.0 0.0 0.0 0.0 0.0 0.0 0.0 0.0
0 0.251953 0.041016 0.134766 0.080078 0.0 0.0 0.19029427591452486 0.0 0.18733062313903037 0.0 0.22055337101789643 0.0 0.21922281974363697 0.0 0.7819117672314402 0.0 0.7798239731195267
0 0.082520 0.447754 0.096680 0.135742 0.0 0.05413077447644304 0.0 0.07313167334577522 0.10254102155977902 0.1967003125956734 0.0 0.1461814389545779 0.22288641244772991 0.11309690443002059 0.0 0.09415400213083684 0.16850213665785596
0 0.346680 0.817383 0.126953 0.095703 0.020199288983408788 0.0 0.12887388497798752 0.0 0.12628054946610864 0.0 0.2377211653232149 0.0 0.27072815811543405 0.0 0.6781914581913764 0.0 0.6979447459891797
0 0.319824 0.748047 0.108398 0.068359 0.0 0.0 0.22730593631527055 0.0 0.19761766396760275 0.0 0.21463466619594607 0.0 0.19750384642712943 0.0 0.7431979164262066 0.0 0.7525290375422353
0 0.534180 0.492188 0.189453 0.234375 0.009373494143645869 0.03540900282875675 0.12952818431030552 0.0 0.08344870893900652 0.2862777207349374 0.2787010248219292 0.0 0.27612602733920016 0.7770594418649786 0.7748940922885676 0.0 0.7833805976618233
0 0.235840 0.380371 0.245117 0.237305 0.0 0.1276155316383333 0.05047142526425916 0.0 0.0 0.08076853624719044 0.07781243795226957 0.0 0.0 0.37295775564133643 0.12989052833326328 0.0 0.0
0 0.573242 0.659668 0.134766 0.125977 0.08418150137664525 0.0 0.08470307326736241 0.0 0.1012620203775248 0.0 0.23499269761481428 0.0 0.23597334561358008 0.0 0.7785370306006371 0.0 0.7856792847879013
