0 0.136068 0.370117 0.144531 0.125000 0.0 0.0 0.11717772025622512 0.0 0.1321316908676743 0.0 0.21607376119136804 0.0 0.21542812125292127 0.0 0.33847327371881747 0.0 0.3442198410899838
0 0.102214 0.484863 0.136719 0.110352 0.0 0.0 0.14006842819518137 0.0 0.13602207014217757 0.0 0.21851484521004935 0.0 0.21991357779661383 0.0 0.3397590947755677 0.0 0.34108767413266206
0 0.441406 0.691406 0.153646 0.146484 0.0 0.0 0.17727754073896898 0.0 0.19492405349808217 0.0 0.17898964601471146 0.0 0.17967379898377212 0.0 0.5474895653619386 0.0 0.545617259991629
0 0.860677 0.210449 0.169271 0.161133 0.0 0.0 0.15121676371244483 0.0 0.17165316271047404 0.0 0.15732378544477302 0.0 0.15791851073991772 0.0 0.5482433953165226 0.0 0.5414385502574154
0 0.068359 0.593262 0.126302 0.116211 0.0 0.0 0.14253369359776813 0.0 0.16995179587959608 0.0 0.2210056315489458 0.0 0.21327979049807727 0.0 0.34044919491207964 0.0 0.3498271997978853
0 0.502604 0.534668 0.148438 0.153320 0.0 0.0 0.17659099166510217 0.0 0.18932041318972048 0.0 0.1752120183311946 0.0 0.17616524653952784 0.0 0.5468259033907725 0.0 0.5424483557807065
0 0.388021 0.051270 0.187500 0.100586 0.01740071951301405 0.0 0.13707459281483156 0.0 0.17278206160455925 0.0 0.15600682246599695 0.0 0.1583317070270285 0.0 0.5517896627359017 0.0 0.5438679946757339
0 0.884115 0.736816 0.153646 0.157227 0.0 0.0 0.17597427095307383 0.0 0.18850755121291743 0.0 0.17550388361375263 0.0 0.17202352427339884 0.0 0.5442925719980541 0.0 0.5426100035910635
0 0.221354 0.960449 0.328125 0.079102 0.23882734305320424 0.0 0.0 0.0 0.0 0.0 0.0 0.0 0.0 0.0 0.0 0.0 0.0
0 0.832031 0.972168 0.307292 0.055664 0.0 0.26334399657199165 0.0 0.0 0.0 0.06715633397440159 0.0 0.0 0.0 0.3948572341092205 0.0 0.0 0.0
0 0.554036 0.375977 0.165365 0.160156 0.0 0.0 0.15114376228329787 0.0 0.17205411966827178 0.0 0.17482693017340709 0.0 0.17553106493197387 0.0 0.5472990600023383 0.0 0.5414339967979689
0 0.389323 0.817383 0.143229 0.080078 0.04697940472091746 0.0 0.23770740056563305 0.0 0.18222987562409512 0.0 0.18494889212475146 0.0 0.1831396364836483 0.0 0.543617550094206 0.0 0.539154990344908
0 0.085938 0.025879 0.132812 0.049805 0.0465423888133712 0.0 0.06485930988357036 0.0 0.19114085736926884 0.0 0.17369892139442783 0.0 0.16992266270392492 0.0 0.6632798650863954 0.0 0.5157357895007496
0 0.057292 0.173340 0.111979 0.110352 0.21184587179055137 0.0 0.0 0.0 0.0 0.0 0.0 0.0 0.0 0.0 0.0 0.0 0.0
0 0.046875 0.698730 0.091146 0.110352 0.0 0.0 0.18826128716077506 0.0 0.1495466559520588 0.0 0.21725383655588545 0.0 0.21421514030988553 0.0 0.341417540597038 0.0 0.3637903397605938
0 0.956380 0.432129 0.087240 0.143555 0.0 0.0 0.04141597391051525 0.0 0.33450637295410535 0.0 0.1847683040747769 0.0 0.17708431978840666 0.0 0.5561507346199204 0.0 0.5415403959670395
0 0.933594 0.579590 0.132812 0.153320 0.0 0.0 0.22438923138650782 0.0 0.21482332285195097 0.0 0.18453274875934603 0.0 0.17983464018124065 0.0 0.5254110120721808 0.0 0.5429405847468922
