0 0.242188 0.560547 0.099609 0.207031 0.0 0.0 0.1927817036976082 0.0 0.22565322087811668 0.0 0.18175797138991656 0.0 0.17541338904706627 0.0 0.5437543198891487 0.0 0.5436688346943969
0 0.534668 0.475911 0.106445 0.220052 0.0 0.0 0.1272692001469939 0.0 0.1931886102819194 0.0 0.1482034455531589 0.0 0.14679490077957846 0.0 0.7150328155555081 0.0 0.717977962725962
0 0.144531 0.285156 0.105469 0.229167 0.0 0.0 0.17064391738383533 0.0 0.19370582597536132 0.0 0.15732378544477302 0.0 0.15791851073991772 0.0 0.5482433953165226 0.0 0.5414385502574154
0 0.946289 0.759115 0.107422 0.270833 0.23745555315685357 0.0 0.0 0.0 0.0 0.0 0.0 0.0 0.0 0.0 0.0 0.0 0.0
0 0.202148 0.771484 0.111328 0.199219 0.0 0.0 0.20601818320281715 0.0 0.19723544846641114 0.0 0.18453274875934603 0.0 0.17983464018124065 0.0 0.5254110120721808 0.0 0.5429405847468922
0 0.913086 0.333333 0.117188 0.255208 0.2606621410708289 0.0 0.002881746909492647 0.0 0.0 0.0 0.2833670386557351 0.0 0.0 0.0 0.5022412806265163 0.0 0.0
0 0.380859 0.936849 0.175781 0.126302 0.29041907504791514 0.0 0.0 0.0 0.0 0.0 0.0 0.0 0.0 0.0 0.0 0.0 0.0
0 0.466309 0.129557 0.131836 0.152344 0.0 0.10204723703296523 0.0 0.1793935819043597 0.0 0.2806754867030893 0.0 0.24288627002534827 0.0 0.2525292209475595 0.0 0.2506287031014286 0.0
0 0.161621 0.938151 0.104492 0.123698 0.0 0.0 0.21756598747958988 0.0 0.15139929032755434 0.0 0.17378254515097963 0.0 0.17769931815684264 0.0 0.5409297046442637 0.0 0.5474735536260571
0 0.590332 0.621745 0.106445 0.220052 0.0 0.0 0.14057370181306664 0.0 0.153748893615598 0.0 0.14693059850496476 0.0 0.14441344222514882 0.0 0.7158821116333038 0.0 0.720506226855566
0 0.623535 0.813151 0.106445 0.220052 0.0 0.0 0.1187974076787867 0.0 0.15630659912586786 0.0 0.14653378799432465 0.0 0.14307820267576915 0.0 0.7160397372211494 0.0 0.7141356335257042
0 0.670898 0.925130 0.093750 0.149740 0.0 0.0 0.2566645811939084 0.0 0.16498644367724866 0.0 0.1330874072437134 0.0 0.14535491078824261 0.0 0.7481056160450854 0.0 0.7219243259092423
0 0.957520 0.529297 0.084961 0.175781 0.41065853617446046 0.0 0.0 0.0 0.0 0.0 0.0 0.0 0.0 0.0 0.0 0.0 0.0
0 0.978516 0.940755 0.042969 0.118490 0.6426010160592303 0.0 0.0 0.0 0.0 0.0 0.0 0.0 0.0 0.0 0.0 0.0 0.0
0 0.615234 0.089844 0.103516 0.148438 0.0 0.15346354426266778 0.0 0.10795309456121946 0.0 0.1222493551350739 0.0 0.13026260253807126 0.0 0.7135471064838362 0.0 0.7232292993232035 0.0
0 0.732910 0.052083 0.102539 0.101562 0.0 0.18924359420853545 0.0 0.16706215721557438 0.0 0.12566571631582912 0.0 0.1346504234760701 0.0 0.7182212326058484 0.0 0.7316450789635395 0.0
0 0.347168 0.036458 0.125977 0.070312 0.13815425685187052 0.0 0.0 0.20154313821552408 0.0 0.0 0.0 0.25658077809748275 0.0 0.0 0.0 0.24704763491959056 0.0
