0 0.097168 0.694010 0.165039 0.190104 0.3557761035436718 0.0 0.0 0.0 0.0 0.0 0.0 0.0 0.0 0.0 0.0 0.0 0.0
0 0.275879 0.259766 0.083008 0.131510 0.0 0.0 0.1734591475179651 0.0 0.13778847391738902 0.0 0.21725383655588545 0.0 0.21421514030988553 0.0 0.341417540597038 0.0 0.3637903397605937
0 0.875488 0.863281 0.143555 0.161458 0.0 0.0 0.0 0.2729937466009058 0.0 0.0 0.0 0.08704155015741671 0.0 0.0 0.0 0.40181653409046714 0.0
0 0.405762 0.697266 0.225586 0.277344 0.1513231847718321 0.0 0.0 0.08528054569022805 0.0 0.0 0.0 0.07002731252505838 0.0 0.0 0.0 0.9127709910060077 0.0
0 0.913574 0.317708 0.120117 0.205729 0.0 0.0 0.17202630439263647 0.0 0.18427840166424853 0.0 0.17550388361375263 0.0 0.17202352427339884 0.0 0.5442925719980541 0.0 0.5426100035910635
0 0.582520 0.255208 0.122070 0.195312 0.0 0.0 0.16734999845758672 0.0 0.18400830650218958 0.0 0.17898964601471146 0.0 0.17967379898377212 0.0 0.5474895653619386 0.0 0.545617259991629
0 0.864258 0.689453 0.230469 0.186198 0.0 0.19812665214761294 0.0 0.18607270804953596 0.0 0.07041538958533478 0.0 0.06996084933385928 0.0 0.39631828746367703 0.0 0.40714628248180956 0.0
0 0.298828 0.126302 0.099609 0.158854 0.0 0.0 0.13221363108317563 0.0 0.1576465428992428 0.0 0.2210056315489458 0.0 0.21327979049807727 0.0 0.34044919491207964 0.0 0.3498271997978853
0 0.947754 0.097656 0.104492 0.190104 0.0 0.0 0.23001978949068855 0.0 0.22021384535598149 0.0 0.18453274875934603 0.0 0.17983464018124065 0.0 0.5254110120721808 0.0 0.5429405847468922
0 0.703613 0.244141 0.102539 0.131510 0.20970250554360978 0.0 0.0 0.0 0.0 0.0 0.0 0.0 0.0 0.0 0.0 0.0 0.0
0 0.627441 0.074870 0.112305 0.144531 0.02470157411958776 0.0 0.16830596764343458 0.0 0.18590244941367143 0.0 0.17370173764771427 0.0 0.17452681345272755 0.0 0.5540214033312687 0.0 0.5405935799660941
0 0.314453 0.026693 0.085938 0.050781 0.0 0.0 0.17991933058494278 0.0 0.20383953549056932 0.0 0.21511592728122172 0.0 0.21974468120387622 0.0 0.32429465477551767 0.0 0.33835133460621275
0 0.541504 0.422526 0.110352 0.108073 0.04518117396126192 0.0 0.2286086739633234 0.0 0.17525466234452908 0.0 0.18494889212475146 0.0 0.1831396364836483 0.0 0.543617550094206 0.0 0.539154990344908
0 0.239258 0.367839 0.083984 0.092448 0.0 0.0 0.09240361504373298 0.0 0.20485094717062113 0.0 0.2179497158704629 0.0 0.20780388321106152 0.0 0.3404741130912212 0.0 0.35949183256127304
0 0.052246 0.253906 0.102539 0.343750 0.38366027753345844 0.0 0.0 0.0 0.0 0.0 0.0 0.0 0.0 0.0 0.0 0.0 0.0
