0 0.896973 0.345703 0.133789 0.123698 0.0 0.2526263684577507 0.0 0.1403321096193925 0.0 0.27914224319573133 0.0 0.3007715539519486 0.0 0.29697037801918275 0.0 0.27300334034851925 0.0
0 0.326172 0.412760 0.095703 0.127604 0.0 0.04560467240446167 0.07490436540146742 0.14806543436209457 0.15893960787323053 0.30910438214771807 0.3342351332658128 0.3283195283935819 0.32628682534955794 0.19525543416419108 0.16949416597972988 0.1763780960891735 0.16945623819391611
0 0.377441 0.470052 0.081055 0.096354 0.0 0.22239436142460497 0.0 0.1790565419792776 0.0 0.3482508221983611 0.0 0.31506114098151256 0.0 0.23542764152169993 0.0 0.1783392710728568 0.0
0 0.072754 0.610677 0.114258 0.125000 0.01568324192171172 0.0609735341051305 0.0 0.018178924377276737 0.07912951717151766 0.3048090880702572 0.0 0.17353931308086157 0.28690987237275517 0.1877922235419031 0.0 0.47546282114315724 0.17773776667156557
0 0.131348 0.208333 0.098633 0.135417 0.0 0.173054456269536 0.0 0.17733122839383403 0.0 0.2812906255758386 0.0 0.27438333224829736 0.0 0.8882228955546779 0.0 0.8846312987610424 0.0
0 0.780762 0.314453 0.092773 0.139323 0.04681074061108065 0.20865947696776602 0.027426173447656188 0.0 0.01259787590969111 0.2940373635389346 0.10531612413228518 0.0 0.3142446804451262 0.2864997739125441 0.1613658614124606 0.0 0.9641867340921294
0 0.651855 0.594401 0.075195 0.110677 0.0 0.11433126942843215 0.0 0.12688142485816092 0.0 0.2978479777822774 0.0 0.32291757371038166 0.0 0.17310793306063266 0.0 0.16754225981488213 0.0
0 0.445801 0.510417 0.077148 0.109375 0.0 0.24974382565272749 0.0 0.19220657128639995 0.0 0.3206377033416942 0.0 0.31181958784176916 0.0 0.17433428480517904 0.0 0.15938473721616334 0.0
0 0.702148 0.263021 0.066406 0.122396 0.0 0.2801022877326549 0.0 0.22473152936219992 0.0 0.28667308755422277 0.0 0.2963932576458672 0.0 0.28762015260939855 0.0 0.2829710907502633 0.0
0 0.712891 0.634766 0.070312 0.110677 0.0 0.13834457220812862 0.03607923619826812 0.18759905797939702 0.0 0.35788257078078234 0.3498498845210726 0.2753747722519625 0.0 0.1916282945590854 0.17831019470542817 0.16940008236725024 0.0
0 0.052734 0.286458 0.101562 0.130208 0.0 0.1455194331181099 0.009239360196860653 0.15973481016555927 0.0 0.25731771070950055 0.17550011972326054 0.23179148045795234 0.0 0.5332083337954312 0.9823379415755178 0.6487104850710913 0.0
0 0.624023 0.250651 0.080078 0.136719 0.0 0.2077139862116235 0.0 0.05060712484125288 0.0 0.3470349782448533 0.0 0.308507927043709 0.0 0.2926770374991914 0.0 0.2939881126690651 0.0
0 0.041016 0.712891 0.080078 0.126302 0.05634112772031249 0.024886766303084895 0.109460901547123 0.02353860409674494 0.21715777043497583 0.342987254024776 0.3203330662350165 0.37164926431517203 0.32105014715844643 0.17813882273029177 0.15139655524540546 0.1944821955032094 0.20256550430456205
0 0.946777 0.882161 0.106445 0.136719 0.0 0.04108344169281579 0.12371175876513754 0.034299791140263984 0.15987834101253082 0.3397116088131614 0.3591237635649881 0.32834522642340597 0.34984875238805296 0.14586867200405243 0.1465289450424052 0.12369214177943712 0.12925286834827576
0 0.864258 0.076823 0.095703 0.122396 0.0 0.19861360572776604 0.0 0.229362746485066 0.0 0.2852481836517901 0.0 0.29049484422484617 0.0 0.2822598201487725 0.0 0.2947069494551518 0.0
0 0.975098 0.401693 0.049805 0.113281 0.0 0.2587347666570375 0.0 0.05038274303978228 0.0 0.3110721249860145 0.0 0.35627720915078354 0.0 0.29501107307371216 0.0 0.33094998224799055 0.0
0 0.460938 0.178385 0.154297 0.161458 0.031420738394830276 0.07957658116202698 0.0 0.029192409084289137 0.04634235518506526 0.27467675117636037 0.0 0.3701234741089304 0.2325216236989295 0.27221102845065337 0.0 0.29106524437168246 0.2020582603885243
0 0.571289 0.545573 0.083984 0.122396 0.0 0.3040840977270046 0.0 0.22328643324095804 0.0 0.31264330842878885 0.0 0.30401165708652345 0.0 0.23341971768769776 0.0 0.11719131950940051 0.0
0 0.740234 0.785807 0.105469 0.154948 0.0 0.0 0.15599222882096805 0.0 0.223429607911406 0.0 0.20786894646134885 0.0 0.41439175169009423 0.0 0.18528769150894517 0.0 0.1696327606384655
0 0.560059 0.222005 0.063477 0.115885 0.0 0.2618648926880709 0.0 0.12710436419445187 0.0 0.33703442704787123 0.0 0.26381186041962446 0.0 0.27686781647918657 0.0 0.27533220718252127 0.0
0 0.248535 0.101562 0.139648 0.200521 0.2766419770548786 0.021809424684797664 0.0 0.0 0.0 0.2863055665930824 0.0 0.0 0.0 0.23945957807974924 0.0 0.0 0.0
0 0.355957 0.815104 0.317383 0.359375 0.3227630277141875 0.0 0.0 0.0 0.0 0.0 0.0 0.0 0.0 0.0 0.0 0.0 0.0
0 0.031250 0.863281 0.060547 0.221354 0.14903579908035658 0.0 0.0 0.0 0.035917702814782744 0.0 0.0 0.0 0.07281604213031515 0.0 0.0 0.0 0.1637299593757588
0 0.103027 0.959635 0.100586 0.080729 0.2658235352282993 0.10704585955078368 0.0 0.06749772108033571 0.0 0.2004344576068051 0.0 0.20130411011467178 0.0 0.19026673429353877 0.0 0.1646543040518193 0.0
0 0.953125 0.104818 0.068359 0.147135 0.2831187590413298 0.0 0.01890981614743087 0.0 0.0 0.0 0.3081060385227537 0.0 0.0 0.0 0.30941744028935875 0.0 0.0
0 0.377441 0.283854 0.102539 0.119792 0.0 0.016453700518772783 0.15255885550626633 0.0 0.23870320044341728 0.36689403868692294 0.31034623470493977 0.0 0.3100398964710502 0.2865357462421729 0.17183449138182896 0.0 0.17449691780138543
0 0.796875 0.660807 0.105469 0.154948 0.02629826650225645 0.08621258860859791 0.12058034007354936 0.0 0.16801011043489167 0.30616274477818256 0.21000422411227246 0.0 0.3813953401321534 0.1617386278412018 0.17259603204766402 0.0 0.1752714594877553
0 0.642578 0.913411 0.087891 0.110677 0.0 0.0691731497094126 0.111699766428606 0.0 0.1846413706747921 0.3356455526544471 0.36245914770456844 0.0 0.36167884441512715 0.17112626750943968 0.12681390756712668 0.0 0.22174847004349657
0 0.614258 0.972656 0.085938 0.054688 0.0 0.0 0.18766254137803365 0.0 0.2236687258606182 0.0 0.334225594271983 0.0 0.3452757090652201 0.0 0.18386108944389815 0.0 0.15434027065076983
0 0.899902 0.969401 0.110352 0.061198 0.0 0.08478955590571394 0.07787150400983062 0.0 0.20521218797195678 0.3348474595444551 0.3497711227584194 0.0 0.347532681273275 0.15309783141320946 0.14353709451296734 0.0 0.14158530389183183
