0 0.361979 0.783691 0.169271 0.151367 0.0 0.0 0.1827902499366177 0.0 0.23416206620929186 0.0 0.279785993108726 0.0 0.31770541100873706 0.0 0.7937531640045249 0.0 0.7894006754116873
0 0.270833 0.368164 0.169271 0.142578 0.38117543232764217 0.0 0.0 0.0 0.013843217915403279 0.0 0.0 0.0 0.2653643709053278 0.0 0.0 0.0 0.641617976445541
0 0.684896 0.115723 0.130208 0.118164 0.0 0.0 0.1516816911645756 0.0597029064088616 0.155867404952157 0.0 0.273067841387895 0.2714437669170383 0.2836748997400562 0.0 0.747849787515173 0.7353813442215179 0.7433327190617487
0 0.467448 0.183105 0.119792 0.124023 0.0 0.0 0.1347362977823099 0.05835666473624908 0.1480214814516159 0.0 0.2923444638835454 0.2696035754640905 0.2937339100474304 0.0 0.750613414862594 0.7372072814596348 0.7430368959796962
0 0.489583 0.318359 0.151042 0.150391 0.017825835381619328 0.024532111730246046 0.16467547138795896 0.0 0.13997889709736813 0.2967556573477028 0.2954912204699424 0.0 0.2925830505943018 0.7388377032695871 0.7462353205228589 0.0 0.7445327074079289
0 0.080729 0.125977 0.158854 0.250000 0.15872369654970145 0.0 0.02117175500628654 0.0 0.0 0.0 0.11666979034141742 0.0 0.0 0.0 0.779298593070707 0.0 0.0
0 0.097005 0.317871 0.170573 0.135742 0.0633174592562451 0.0 0.13256200793151937 0.0 0.1351614016393975 0.0 0.19548663306689806 0.0 0.20109570894711998 0.0 0.7712350650864535 0.0 0.7624877569160768
0 0.423177 0.913086 0.179688 0.117188 0.4293270173432703 0.0 0.0 0.0 0.0 0.0 0.0 0.0 0.0 0.0 0.0 0.0 0.0
0 0.913411 0.518066 0.134115 0.133789 0.0 0.0 0.15196848099264826 0.05304521094465015 0.14669785726198903 0.0 0.27793626802805044 0.2708739959171097 0.28272645382450223 0.0 0.7463615272405225 0.7347386993116105 0.7460576609766204
0 0.662760 0.639160 0.169271 0.170898 0.015994846202728535 0.0 0.14362431013443236 0.023812143407847142 0.13177367403531964 0.0 0.2946628623125314 0.2941262488140807 0.2902782758746422 0.0 0.7483269331469415 0.7499631909715693 0.746393099155859
0 0.399740 0.064941 0.114583 0.127930 0.0 0.0 0.20818440750587414 0.0 0.23205842063660395 0.0 0.2915692638944919 0.0 0.29448426199871147 0.0 0.7493648562823156 0.0 0.7481475470806629
0 0.580078 0.472656 0.167969 0.169922 0.015017180028780514 0.0 0.19053990758981718 0.0 0.17351840424221932 0.0 0.29356843008177314 0.0 0.28971625494440817 0.0 0.7480414881578781 0.0 0.7470563864152581
0 0.779948 0.758789 0.138021 0.119141 0.0 0.05142439327471435 0.16771039062858537 0.0 0.14873350739134364 0.2757087614680729 0.2843068217621951 0.0 0.2831012165471992 0.7614307547881368 0.7334564160407189 0.0 0.7477885826942832
0 0.843099 0.862793 0.144531 0.122070 0.0 0.0 0.11988854754394813 0.0 0.1148922012607109 0.0 0.2917508067770272 0.0 0.29632613909689487 0.0 0.7472405725867033 0.0 0.7466276023173628
0 0.893229 0.954590 0.130208 0.088867 0.0 0.0 0.11704942958717977 0.0 0.11868042164775172 0.0 0.292510586583701 0.0 0.29718797295981175 0.0 0.7466490402590849 0.0 0.7519123473511741
0 0.843099 0.401855 0.134115 0.133789 0.0 0.0 0.18211478615632518 0.0 0.18707547018855863 0.0 0.2824788794938365 0.0 0.2859267688009159 0.0 0.7458632649405702 0.0 0.7463970454873794
0 0.780599 0.289551 0.134115 0.133789 0.0 0.033947254407133344 0.12471270349278293 0.0 0.10983955988858565 0.27675457821292815 0.27763953313218376 0.0 0.2779848127429424 0.7366765555252044 0.7452706132208377 0.0 0.7463703318586254
0 0.643229 0.036133 0.127604 0.070312 0.0 0.0 0.13558751665430602 0.0 0.1774692617690306 0.0 0.2942654012729993 0.0 0.2948259885449832 0.0 0.7477964551214039 0.0 0.7436418989581777
0 0.923828 0.058105 0.152344 0.114258 0.0 0.06945708268736486 0.0 0.10527288120009258 0.017615714313371465 0.28346044694967854 0.0 0.2679937838188845 0.28101363567989773 0.7455803782436023 0.0 0.7446420182621846 0.7316483903395986
0 0.953776 0.220703 0.092448 0.082031 0.0 0.14661974207915646 0.0 0.06980724696178485 0.04699789242982752 0.2707085664613502 0.0 0.2823005455750298 0.26297410889586703 0.7515026953745696 0.0 0.7424927095123628 0.7362136887808352
0 0.963542 0.695801 0.072917 0.157227 0.0 0.0881484138225123 0.007944201093117604 0.0 0.1906753229342567 0.26865834470494576 0.30320502257024406 0.0 0.29018398640187165 0.748909120764734 0.7394798080877717 0.0 0.7497377669014236
