0 0.261068 0.554199 0.183594 0.147461 0.01645236539827555 0.12678605285276082 0.06367085204990963 0.06681215530171325 0.050658901667000086 0.267690348212452 0.2770238931134279 0.294060173656584 0.2771443967895149 0.5412410837268068 0.5483696859878351 0.5430563600234173 0.5388427530332682
0 0.500651 0.409668 0.214844 0.157227 0.0 0.07117140657667768 0.09984328168202061 0.03194590182078948 0.03733497692668137 0.34956163297786397 0.35733979417560907 0.31189811310994875 0.3351805745328659 0.44426842541119094 0.8812664338939709 0.6007390761453145 0.893617976040639
0 0.701823 0.721191 0.270833 0.174805 0.4021401540180315 0.0 0.0 0.0 0.0 0.0 0.0 0.0 0.0 0.0 0.0 0.0 0.0
0 0.598958 0.598633 0.257812 0.175781 0.20185298429002071 0.0 0.0 0.0 0.0 0.0 0.0 0.0 0.0 0.0 0.0 0.0 0.0
0 0.807292 0.841309 0.286458 0.186523 0.21321024329531618 0.0 0.0 0.0 0.0 0.0 0.0 0.0 0.0 0.0 0.0 0.0 0.0
0 0.087240 0.550293 0.161458 0.145508 0.010947060890012319 0.09507698102715563 0.06341835432029548 0.10474952487015829 0.04869428092232102 0.22489251957569237 0.2045857648319589 0.2091251610293497 0.21558324824198635 0.53795091147684 0.5197090883330797 0.5407192997563569 0.5487066304442167
0 0.106771 0.833008 0.210938 0.156250 0.24521114720872422 0.0 0.0 0.0 0.0 0.0 0.0 0.0 0.0 0.0 0.0 0.0 0.0
0 0.040365 0.701172 0.078125 0.117188 0.22072094044065546 0.0 0.0 0.0 0.0 0.0 0.0 0.0 0.0 0.0 0.0 0.0 0.0
0 0.259766 0.937500 0.269531 0.125000 0.028058399691137003 0.06284425707807835 0.02268923235444196 0.07194185791735862 0.013641314765512912 0.3734271051551792 0.3353347979116613 0.3671550795308074 0.35852261879396957 0.8812888875092808 0.8206394651710135 0.7784625645544909 0.8739441498301791
0 0.895182 0.932129 0.209635 0.133789 0.2919025686648777 0.0 0.0 0.0 0.0 0.0 0.0 0.0 0.0 0.0 0.0 0.0 0.0
0 0.940104 0.549316 0.119792 0.233398 0.023241177434694307 0.09188097466238734 0.008154224600357706 0.034323265794291534 0.12006926030537132 0.16660685171762707 0.2140462334202813 0.11290106017478888 0.22609307085306266 0.8081298529437944 0.8673317096222831 0.943351042183568 0.8802402238972811
