0 0.540527 0.578125 0.131836 0.175781 0.2518939503264279 0.0 0.0 0.0 0.008462947375001246 0.0 0.0 0.0 0.09214571595951516 0.0 0.0 0.0 0.2600291000477316
0 0.970703 0.890625 0.058594 0.091797 0.30163055403282313 0.0 0.0 0.0 0.0 0.0 0.0 0.0 0.0 0.0 0.0 0.0 0.0
0 0.957520 0.142578 0.069336 0.089844 0.0 0.23414218330664868 0.0 0.12446424767702727 0.0 0.215821849677402 0.0 0.22907476611566588 0.0 0.23246295996696048 0.0 0.2285564914525875 0.0
0 0.789551 0.070801 0.067383 0.094727 0.0 0.2237421417113759 0.0 0.09258808919084993 0.0 0.21952858764030048 0.0 0.22829878977302498 0.0 0.2563170920792669 0.0 0.23869279574484936 0.0
0 0.392090 0.982422 0.112305 0.035156 0.0 0.23216507282712834 0.0 0.0 0.0 0.22928046911089356 0.0 0.0 0.0 0.5869462732357131 0.0 0.0 0.0
0 0.918457 0.447266 0.163086 0.148438 0.2890025122630627 0.0 0.0 0.0 0.0 0.0 0.0 0.0 0.0 0.0 0.0 0.0 0.0
0 0.322266 0.125000 0.232422 0.248047 0.0 0.0 0.1815605811840436 0.0 0.18533298003418505 0.0 0.11263906211751328 0.0 0.11517745920816637 0.0 0.26680492154193536 0.0 0.261654988634158
0 0.669434 0.028320 0.071289 0.054688 0.0 0.1485946041104262 0.045909169392302794 0.0885235441467902 0.09617246684967522 0.2332787572183691 0.08601379558841213 0.29014027951734744 0.27893839609657656 0.24079988886787806 0.2525666642967211 0.2510758528190921 0.2373522648753632
0 0.479980 0.739258 0.120117 0.173828 0.29191781121717636 0.0 0.0 0.0 0.0 0.0 0.0 0.0 0.0 0.0 0.0 0.0 0.0
0 0.728027 0.050293 0.069336 0.083008 0.21981931118232134 0.0 0.0 0.19710614931698658 0.0 0.0 0.0 0.24391057155707058 0.0 0.0 0.0 0.24290330380419947 0.0
0 0.768555 0.433594 0.187500 0.189453 0.20843096373036363 0.0 0.0 0.0 0.0 0.0 0.0 0.0 0.0 0.0 0.0 0.0 0.0
0 0.864746 0.862793 0.143555 0.118164 0.17089552715809775 0.05148629712352495 0.0 0.0 0.0 0.06841208962566911 0.0 0.0 0.0 0.15958893963642645 0.0 0.0 0.0
0 0.617676 0.416504 0.118164 0.184570 0.3167489309904149 0.0 0.0 0.0 0.0 0.0 0.0 0.0 0.0 0.0 0.0 0.0 0.0
0 0.195801 0.537598 0.389648 0.370117 0.17031485880229974 0.0 0.005735837759299854 0.0 0.014232740437976446 0.0 0.12570324689846432 0.0 0.12008432268208524 0.0 0.26479505553175753 0.0 0.26118309845350074
0 0.844238 0.097168 0.067383 0.094727 0.0 0.23189186862346065 0.0 0.08527508362846446 0.0 0.21970419322356835 0.0 0.2251249307204584 0.0 0.24224143823770466 0.0 0.22965288859635613 0.0
0 0.897949 0.120605 0.059570 0.081055 0.0 0.31936238493263847 0.0 0.15945513337372302 0.0 0.21449938266269525 0.0 0.22648300853152006 0.0 0.2428572177368767 0.0 0.22906200134215926 0.0
