0 0.273926 0.706380 0.159180 0.209635 0.0 0.0 0.14035070442490744 0.0 0.17979520764078918 0.0 0.27978599310872604 0.0 0.31770541100873706 0.0 0.793753164004525 0.0 0.7894006754116873
0 0.902832 0.474609 0.112305 0.118490 0.0 0.1470682768086576 0.0 0.13915642979600576 0.027981592147863277 0.2608262519691037 0.0 0.2652988331897346 0.2514481330713659 0.7463896916528887 0.0 0.7446843654350384 0.7609488394050822
0 0.205078 0.160156 0.121094 0.192708 0.39421914263179214 0.0 0.0 0.0 0.01431692872898617 0.0 0.0 0.0 0.26536437090532783 0.0 0.0 0.0 0.641617976445541
0 0.768066 0.618490 0.129883 0.242188 0.0 0.025797823806395406 0.14021065407112418 0.0 0.12757665555272796 0.27345278835465753 0.2787758444600836 0.0 0.28461434889908166 0.7462256912218177 0.6984129352208638 0.0 0.7852026893658162
0 0.951172 0.227214 0.097656 0.115885 0.0 0.1540681439601874 0.0 0.16102729970536359 0.0 0.2667019870704317 0.0 0.25454727208151456 0.0 0.7454504647510212 0.0 0.7514592300727738 0.0
0 0.682129 0.959635 0.100586 0.080729 0.0 0.0 0.16679452070832065 0.0 0.16911867162457572 0.0 0.292510586583701 0.0 0.29718797295981175 0.0 0.7466490402590849 0.0 0.7519123473511741
0 0.816406 0.789062 0.099609 0.138021 0.0 0.0 0.1482045375533131 0.0 0.18226622344314672 0.0 0.2895753781911592 0.0 0.2780976642547086 0.0 0.7542148929766178 0.0 0.7530593637857913
0 0.067383 0.089844 0.132812 0.177083 0.062334970566445005 0.0 0.13050506068474457 0.0 0.13306411994224634 0.0 0.19548663306689806 0.0 0.20109570894711998 0.0 0.7712350650864535 0.0 0.7624877569160768
0 0.593750 0.070312 0.105469 0.138021 0.0 0.041843964617318194 0.15372300480316736 0.0 0.13539011439446472 0.27675457821292815 0.27763953313218376 0.0 0.2779848127429424 0.7366765555252044 0.7452706132208377 0.0 0.7463703318586254
0 0.865234 0.914714 0.121094 0.170573 0.0 0.0 0.19912560762102435 0.0 0.1874981232928815 0.0 0.2785486425438835 0.0 0.2795273844959463 0.0 0.7451807772605042 0.0 0.7455839494121846
0 0.500488 0.522786 0.110352 0.225260 0.018613880562283195 0.0 0.16714169806938134 0.027711200702262132 0.1533506104815347 0.0 0.2946628623125314 0.2941262488140807 0.2902782758746422 0.0 0.7483269331469415 0.7499631909715693 0.746393099155859
0 0.313965 0.886068 0.139648 0.173177 0.3738185712815896 0.0 0.0 0.0 0.0 0.0 0.0 0.0 0.0 0.0 0.0 0.0 0.0
0 0.435059 0.307943 0.110352 0.225260 0.01972737344325085 0.0 0.18671641748044818 0.0 0.18676125783666425 0.0 0.2951732874793889 0.0 0.2914213609606978 0.0 0.748070421598112 0.0 0.7463847511468733
0 0.373535 0.113281 0.110352 0.223958 0.022704477160565898 0.024607834589502716 0.15288730178756543 0.0 0.12797542803883555 0.2943844196687653 0.2961792575582002 0.0 0.2949479386762315 0.7407752761551382 0.74559935402014 0.0 0.7440602100993456
0 0.631348 0.188151 0.106445 0.157552 0.0 0.0 0.22118036760529786 0.0 0.18035121562372763 0.0 0.2786316561666131 0.0 0.28709685339591207 0.0 0.7469488286454053 0.0 0.7462745574282638
0 0.678223 0.339844 0.112305 0.164062 0.0 0.0 0.14799359801844442 0.051657762017940534 0.14286083256203774 0.0 0.27793626802805044 0.2708739959171097 0.28272645382450223 0.0 0.7463615272405225 0.7347386993116105 0.7460576609766204
0 0.844238 0.271484 0.118164 0.131510 0.0 0.12576324442096923 0.0 0.09852772901993975 0.02102788740296622 0.25643039135168477 0.0 0.2629288274762543 0.2452736152362584 0.7483616431572622 0.0 0.7406901466994061 0.7365375915294752
0 0.978516 0.432292 0.042969 0.111979 0.0 0.11171419375124116 0.0 0.13895167903118152 0.0 0.28039739513359685 0.0 0.2665834955410217 0.0 0.7312853354313317 0.0 0.7653389333761476 0.0
