0 0.499349 0.890625 0.167969 0.107422 0.0 0.0 0.0 0.35067864785351033 0.0 0.0 0.0 0.08704155015741671 0.0 0.0 0.0 0.40181653409046714 0.0
0 0.658854 0.171875 0.143229 0.156250 0.0 0.0 0.17764395855498913 0.0 0.2079343145568918 0.0 0.18175797138991656 0.0 0.17541338904706627 0.0 0.5437543198891487 0.0 0.5436688346943969
0 0.601562 0.327148 0.148438 0.150391 0.0 0.0 0.20468040279240923 0.0 0.19595469880104482 0.0 0.18453274875934603 0.0 0.17983464018124065 0.0 0.5254110120721808 0.0 0.5429405847468922
0 0.550781 0.486328 0.156250 0.156250 0.0 0.0 0.1741228749774217 0.0 0.18652429468453152 0.0 0.17550388361375263 0.0 0.17202352427339884 0.0 0.5442925719980541 0.0 0.5426100035910635
0 0.108724 0.441406 0.149740 0.146484 0.0 0.0 0.1819021722365073 0.0 0.2000090288067278 0.0 0.17898964601471146 0.0 0.17967379898377212 0.0 0.5474895653619386 0.0 0.545617259991629
0 0.903646 0.853027 0.125000 0.149414 0.23285259634787656 0.0 0.23748156467138215 0.0 0.0 0.0 0.06931887770555492 0.0 0.0 0.0 0.5480265652694962 0.0 0.0
0 0.541016 0.022949 0.128906 0.043945 0.08427277384930643 0.0 0.13001769814451875 0.0 0.22632135940400502 0.0 0.15685120683635545 0.0 0.15939405418422267 0.0 0.5704745653887348 0.0 0.5357228961779672
0 0.168620 0.284668 0.149740 0.153320 0.0 0.0 0.175055417824536 0.0 0.18767414872720115 0.0 0.1752120183311946 0.0 0.17616524653952784 0.0 0.5468259033907725 0.0 0.5424483557807065
0 0.816406 0.667480 0.140625 0.270508 0.0 0.0 0.19388514089769637 0.0 0.19309431553387077 0.0 0.0694922035231972 0.0 0.06823248604642031 0.0 0.6375046189471628 0.0 0.6235330224035036
0 0.220703 0.128418 0.139323 0.149414 0.0 0.0 0.19229260771098458 0.0 0.21889580382693577 0.0 0.17482693017340709 0.0 0.17553106493197387 0.0 0.5472990600023383 0.0 0.5414339967979689
0 0.500000 0.770020 0.304688 0.139648 0.0 0.1998200423369088 0.0 0.1876630730756004 0.0 0.07041538958533478 0.0 0.06996084933385928 0.0 0.39631828746367703 0.0 0.40714628248180956 0.0
0 0.065104 0.560059 0.127604 0.083008 0.03441274092748043 0.0 0.20088247646366894 0.0 0.10906642982458575 0.0 0.18311235133149534 0.0 0.18312091730011879 0.0 0.5419873926395486 0.0 0.5437245386816278
0 0.075521 0.802734 0.148438 0.228516 0.3123409462426667 0.0 0.0 0.0 0.0019765021347719334 0.0 0.0 0.0 0.21823561481266934 0.0 0.0 0.0 0.5797592507047812
0 0.923177 0.961914 0.119792 0.074219 0.2252397240851303 0.0 0.23414893507039475 0.0 0.0 0.0 0.0701084307466139 0.0 0.0 0.0 0.5651900053392135 0.0 0.0
0 0.839193 0.455078 0.233073 0.121094 0.2284518404368624 0.0 0.0 0.0 0.0 0.0 0.0 0.0 0.0 0.0 0.0 0.0 0.0
