0 0.386719 0.828125 0.174479 0.175781 0.2537737559258789 0.0 0.0 0.0 0.008526103698695286 0.0 0.0 0.0 0.09214571595951516 0.0 0.0 0.0 0.2600291000477316
0 0.886068 0.073730 0.102865 0.084961 0.0 0.19633108363572854 0.0 0.1993828637151171 0.0 0.1768738734206316 0.0 0.1904940229918117 0.0 0.7875835491201156 0.0 0.8474493426302995 0.0
0 0.558594 0.267090 0.098958 0.077148 0.0 0.12584572563167423 0.0 0.055920701437296515 0.08348040499383264 0.2340404242071491 0.0 0.2876117495136946 0.2793413067685921 0.24437503755243503 0.0 0.24020879417662905 0.23302192494157498
0 0.788411 0.348633 0.087240 0.089844 0.0 0.25179303645308604 0.0 0.09259346767120583 0.0 0.21970419322356835 0.0 0.2251249307204584 0.0 0.24224143823770466 0.0 0.22965288859635613 0.0
0 0.714844 0.314941 0.088542 0.088867 0.0 0.2420016409945441 0.0 0.1001441630501549 0.0 0.21952858764030048 0.0 0.22829878977302498 0.0 0.2563170920792669 0.0 0.23869279574484936 0.0
0 0.675781 0.693359 0.244792 0.177734 0.277832014042498 0.0 0.0 0.0 0.0 0.0 0.0 0.0 0.0 0.0 0.0 0.0 0.0
0 0.488281 0.665039 0.161458 0.183594 0.31072972301045804 0.0 0.0 0.0 0.0 0.0 0.0 0.0 0.0 0.0 0.0 0.0 0.0
0 0.942057 0.395996 0.079427 0.081055 0.0 0.30207717585602 0.0 0.16057682516814975 0.0 0.215821849677402 0.0 0.22907476611566588 0.0 0.23246295996696048 0.0 0.2285564914525875 0.0
0 0.124349 0.352051 0.246094 0.319336 0.0 0.0 0.19819217045311646 0.0 0.18491946958704877 0.0 0.11274258121669552 0.0 0.1149327870205218 0.0 0.2670187920812067 0.0 0.2622241710649923
0 0.301432 0.952148 0.165365 0.095703 0.26360795377094154 0.0 0.0 0.0 0.0 0.0 0.0 0.0 0.0 0.0 0.0 0.0 0.0
0 0.097656 0.811035 0.192708 0.309570 0.2619844145573291 0.0 0.017171322306868405 0.0 0.04184953491206041 0.0 0.1285074608616418 0.0 0.12089452063808444 0.0 0.26478099672571603 0.0 0.26226773249369884
0 0.897135 0.704590 0.205729 0.176758 0.25652282576703217 0.0 0.0 0.0 0.0 0.0 0.0 0.0 0.0 0.0 0.0 0.0 0.0
0 0.866536 0.367676 0.079427 0.081055 0.0 0.31936238493263847 0.0 0.15945513337372302 0.0 0.21449938266269525 0.0 0.22648300853152006 0.0 0.2428572177368767 0.0 0.22906200134215926 0.0
0 0.630208 0.300293 0.088542 0.088867 0.21438421832341778 0.0 0.0 0.19223264562508308 0.0 0.0 0.0 0.24391057155707058 0.0 0.0 0.0 0.24290330380419947 0.0
0 0.805339 0.101074 0.102865 0.084961 0.0 0.22926405034369526 0.0 0.13245055106947493 0.0 0.21942237340774381 0.0 0.22847668056018205 0.0 0.7543357060603092 0.0 0.8808522309842652 0.0
0 0.714844 0.105469 0.098958 0.078125 0.24692777899897336 0.0 0.0 0.0 0.0 0.0 0.0 0.0 0.0 0.0 0.0 0.0 0.0
0 0.635417 0.129883 0.098958 0.078125 0.30515948879417837 0.0 0.0 0.0 0.0 0.0 0.0 0.0 0.0 0.0 0.0 0.0 0.0
0 0.326823 0.056152 0.177083 0.110352 0.0 0.11669181584184501 0.045693566901121 0.09004230160723505 0.03034274164247786 0.20293433349836418 0.19070630278138623 0.19372684793701261 0.2125834054745786 0.9051849873394875 0.8716435700998167 0.849358001048364 0.9083543393047402
0 0.450521 0.036133 0.096354 0.070312 0.36750999818094393 0.0 0.0 0.0 0.0 0.0 0.0 0.0 0.0 0.0 0.0 0.0 0.0
0 0.547526 0.017578 0.126302 0.033203 0.0 0.0 0.0 0.3109603713145813 0.0 0.0 0.0 0.12366031250037586 0.0 0.0 0.0 0.8983746638994836 0.0
