0 0.228027 0.932129 0.108398 0.135742 0.30586071164010653 0.0 0.00378745304977474 0.0 0.0 0.0 0.17791322614957655 0.0 0.0 0.0 0.7651773133933262 0.0 0.0
0 0.704590 0.918945 0.182617 0.123047 0.0619156091515521 0.08700582641477721 0.020790656447368362 0.0615530975673968 0.0 0.08468613666092929 0.09788342740686116 0.09934614735385129 0.0 0.7277523471527461 0.6970024062935176 0.7186532540381629 0.0
0 0.023438 0.784668 0.044922 0.096680 0.35177709139543545 0.0 0.0 0.0 0.0 0.0 0.0 0.0 0.0 0.0 0.0 0.0 0.0
0 0.150391 0.291504 0.292969 0.206055 0.09755826971808429 0.13514600609421407 0.0018649030282605463 0.11397649340050275 0.0 0.1965005566855773 0.12722571251002102 0.17152846797645452 0.0 0.25810133071884506 0.20350903928332906 0.258131184067135 0.0
0 0.500977 0.977539 0.091797 0.044922 0.36446718264710837 0.0 0.0 0.0 0.0 0.0 0.0 0.0 0.0 0.0 0.0 0.0 0.0
0 0.221191 0.048340 0.313477 0.094727 0.31700414523121767 0.0 0.0 0.0 0.0 0.0 0.0 0.0 0.0 0.0 0.0 0.0 0.0
0 0.891113 0.849121 0.190430 0.151367 0.18070005892454452 0.032013717550858 0.0 0.05033101824321559 0.0 0.083574787256986 0.0 0.10286491379362837 0.0 0.7222354106720555 0.0 0.7313379683501486 0.0
0 0.141113 0.816895 0.194336 0.120117 0.2531551926559629 0.0 0.0 0.0 0.0 0.0 0.0 0.0 0.0 0.0 0.0 0.0 0.0
0 0.852539 0.053223 0.169922 0.104492 0.25652092083205197 0.0 0.0 0.0 0.0 0.0 0.0 0.0 0.0 0.0 0.0 0.0 0.0
0 0.584473 0.954590 0.079102 0.090820 0.34299937271590475 0.0186839796137056 0.0 0.00900429559673088 0.0 0.09649608700599978 0.0 0.28156585377177074 0.0 0.8471218527691722 0.0 0.7802756463990768 0.0
0 0.111816 0.504395 0.221680 0.256836 0.24113362899723506 0.0 0.0 0.0 0.0 0.0 0.0 0.0 0.0 0.0 0.0 0.0 0.0
0 0.839355 0.397461 0.186523 0.208984 0.24710702650234806 0.0 0.0 0.0 0.0 0.0 0.0 0.0 0.0 0.0 0.0 0.0 0.0
0 0.536621 0.384766 0.186523 0.208984 0.24786884471484952 0.0004747286705404005 0.0 0.0 0.0 0.067574875796636 0.0 0.0 0.0 0.5795658880518938 0.0 0.0 0.0
0 0.554688 0.042969 0.183594 0.083984 0.3618045642678458 0.0 0.0 0.0 0.0 0.0 0.0 0.0 0.0 0.0 0.0 0.0 0.0
0 0.727539 0.247559 0.482422 0.256836 0.24469894076869494 0.024693217453112468 0.015289616045459531 0.013650789175610476 0.02110627151479851 0.3123189415309653 0.2727061535940083 0.31333717685042267 0.2823635511554244 0.2563376193071294 0.2977350740518877 0.25072816483418037 0.26712055068691787
