0 0.103027 0.492188 0.106445 0.166667 0.0 0.0 0.14815049863886903 0.0 0.1652291045734706 0.0 0.2149387833407504 0.0 0.19803550981128698 0.0 0.3401536520366221 0.0 0.23959044197538554
0 0.075684 0.645833 0.102539 0.143229 0.0 0.0 0.18197543598432525 0.0 0.17762005844209539 0.0 0.22123885033093052 0.0 0.2167947728688665 0.0 0.34770291783063006 0.0 0.3405656587757012
0 0.052734 0.786458 0.097656 0.143229 0.0 0.0 0.1932710424305962 0.0 0.19908715908879174 0.0 0.22055998264061952 0.0 0.20049950845124395 0.0 0.346687088459946 0.0 0.2338122537195362
0 0.741699 0.559896 0.122070 0.205729 0.037838569494420264 0.0 0.15587062587822226 0.0 0.1741315177434575 0.0 0.1814819760188496 0.0 0.1770617934893048 0.0 0.5452383207819416 0.0 0.5449633832150867
0 0.376465 0.714844 0.110352 0.205729 0.03548251027759308 0.0 0.18887257800072452 0.0 0.19592927789600934 0.0 0.17902998488327163 0.0 0.17616260757414479 0.0 0.548115571172118 0.0 0.5443054083250423
0 0.646973 0.280599 0.122070 0.209635 0.04107700709923573 0.0 0.17510292332351257 0.0 0.17569887408806406 0.0 0.16110963270964737 0.0 0.16108492772034746 0.0 0.548524742192084 0.0 0.5447434511238123
0 0.411621 0.502604 0.100586 0.205729 0.04673279695616084 0.0 0.18759165737222913 0.0 0.21470685385381585 0.0 0.17670445958252978 0.0 0.17797071822531924 0.0 0.547221200588987 0.0 0.5422089955957928
0 0.702148 0.770182 0.111328 0.199219 0.04203197425776117 0.0 0.19425215210597724 0.0 0.20246955213810724 0.0 0.17974163902493992 0.0 0.1789465625345923 0.0 0.5463721653864723 0.0 0.5442065982550494
0 0.885254 0.938802 0.166992 0.122396 0.2846155245338714 0.0 0.0 0.0 0.0 0.0 0.0 0.0 0.0 0.0 0.0 0.0 0.0
0 0.009277 0.518880 0.016602 0.110677 0.0 0.1500560470236806 0.0 0.0 0.0 0.25638431026042935 0.0 0.0 0.0 0.2416133643980266 0.0 0.0 0.0
0 0.954102 0.133464 0.091797 0.154948 0.0 0.13206359985132954 0.0 0.2734127597804376 0.0 0.289084886328286 0.0 0.24244001540427007 0.0 0.2501032136453617 0.0 0.25020690097468457 0.0
0 0.986328 0.453125 0.027344 0.171875 0.0 0.0 0.0 0.0 0.234746947808362 0.0 0.0 0.0 0.14619794269502542 0.0 0.0 0.0 0.7074019776959611
0 0.035156 0.240234 0.068359 0.131510 0.310885260428498 0.0 0.0 0.0 0.0 0.0 0.0 0.0 0.0 0.0 0.0 0.0 0.0
0 0.038574 0.926432 0.075195 0.136719 0.0 0.0 0.2378832787770072 0.0 0.15225264164731767 0.0 0.21629931813678502 0.0 0.21473077208022906 0.0 0.34233427530651345 0.0 0.21604419961266502
0 0.660156 0.936849 0.109375 0.126302 0.032231884976778966 0.0 0.21795634770617667 0.0 0.17943428710311946 0.0 0.17482455138229733 0.0 0.17265454163224103 0.0 0.5400016337180406 0.0 0.5469136298960977
0 0.063965 0.025391 0.108398 0.048177 0.039439357257627206 0.0 0.05421552665790834 0.0 0.17244318423095997 0.0 0.18647899450695887 0.0 0.16787098060460504 0.0 0.7722935546803285 0.0 0.5169486793153624
0 0.287598 0.074219 0.112305 0.145833 0.020815370518669624 0.0 0.14172167044997766 0.0 0.19956996321270096 0.0 0.15643464251207015 0.0 0.15889417289314595 0.0 0.5485630861151746 0.0 0.5433828774411457
0 0.334961 0.911458 0.107422 0.177083 0.02373822532533214 0.0 0.19714149169098566 0.0 0.204733046188773 0.0 0.1793293100048241 0.0 0.18179407544137705 0.0 0.5480257968732146 0.0 0.5466848944498929
0 0.854980 0.037760 0.122070 0.072917 0.1444824446682565 0.0 0.0 0.18676961318378932 0.0 0.0 0.0 0.2578518661757662 0.0 0.0 0.0 0.24702714435208073 0.0
