0 0.375977 0.565430 0.103516 0.099609 0.0 0.17151807888180515 0.0 0.12065345862724527 0.0 0.1222493551350739 0.0 0.13026260253807126 0.0 0.7135471064838362 0.0 0.7232292993232035 0.0
0 0.609375 0.478027 0.152344 0.131836 0.0 0.13080768375328078 0.020583535882497492 0.15608053691447762 0.020737305746001296 0.3148017861376047 0.3085672985533152 0.31329868441066827 0.3045116901606141 0.7229576653427003 0.6957871448854432 0.7259138672309822 0.7320407467619203
0 0.066406 0.457520 0.078125 0.098633 0.01977278584188545 0.11488366259858163 0.0 0.1628901228222017 0.0 0.26709148684828465 0.0 0.262576440019649 0.0 0.2368811641330472 0.0 0.2445005814871021 0.0
0 0.644043 0.222656 0.086914 0.076172 0.0 0.0 0.30685031122956896 0.0 0.0 0.0 0.09309946711677256 0.0 0.0 0.0 0.07644566411574753 0.0 0.0
0 0.289551 0.859375 0.106445 0.167969 0.0 0.0 0.12504938851652306 0.0 0.18981904149793238 0.0 0.1482034455531589 0.0 0.1467949007795785 0.0 0.7150328155555081 0.0 0.717977962725962
0 0.128418 0.152832 0.084961 0.098633 0.0 0.19866952930190496 0.0 0.2031261913127567 0.0 0.15136181588720138 0.0 0.16729116619672948 0.0 0.6094884155687843 0.0 0.6058183474906842 0.0
0 0.491211 0.540039 0.109375 0.103516 0.0 0.13055130024999204 0.0 0.11524924760744223 0.0 0.12566571631582912 0.0 0.1346504234760701 0.0 0.7182212326058484 0.0 0.7316450789635395 0.0
0 0.313965 0.279785 0.071289 0.073242 0.0 0.2956004817728238 0.0 0.11108190058917733 0.029005303942349587 0.18281329307184946 0.0 0.19963064437264033 0.27301409800005805 0.8975741834383331 0.0 0.8840621922211989 0.9778241933529399
0 0.027344 0.916504 0.052734 0.153320 0.03358700261705759 0.0 0.3224205155614459 0.0 0.0 0.0 0.18120057189895616 0.0 0.0 0.0 0.5443114451388231 0.0 0.0
0 0.517090 0.318359 0.116211 0.126953 0.2987047180761666 0.0 0.0 0.0 0.0 0.0 0.0 0.0 0.0 0.0 0.0 0.0 0.0
0 0.014648 0.148926 0.027344 0.112305 0.0 0.0742255391905922 0.0 0.1884020814666031 0.0 0.1811382652716026 0.0 0.16041161539189125 0.0 0.6614695702471662 0.0 0.6230052283901785 0.0
0 0.461426 0.461426 0.081055 0.067383 0.19058632448369495 0.0 0.0 0.0 0.0 0.0 0.0 0.0 0.0 0.0 0.0 0.0 0.0
0 0.717773 0.896973 0.093750 0.127930 0.38352294110758894 0.0 0.0 0.0 0.0 0.0 0.0 0.0 0.0 0.0 0.0 0.0 0.0
0 0.014160 0.405273 0.026367 0.095703 0.0 0.12652073143363912 0.0 0.0 0.0 0.272512592605166 0.0 0.0 0.0 0.31941225468410295 0.0 0.0 0.0
0 0.364258 0.248535 0.078125 0.075195 0.0 0.21702462021655988 0.0 0.21665243691183791 0.0 0.1858759065341789 0.0 0.18530238916296543 0.0 0.8985027856014918 0.0 0.824235351025205 0.0
0 0.663574 0.742676 0.102539 0.186523 0.30569800837626004 0.0 0.003379640354588235 0.0 0.0 0.0 0.2833670386557351 0.0 0.0 0.0 0.5022412806265163 0.0 0.0
0 0.217285 0.599609 0.120117 0.113281 0.0 0.11296860870028637 0.0 0.19859276886594912 0.0 0.2806754867030893 0.0 0.24288627002534827 0.0 0.2525292209475595 0.0 0.2506287031014286 0.0
0 0.317383 0.618164 0.056641 0.076172 0.0 0.061063977463619426 0.0 0.0 0.0 0.12208402297312446 0.0 0.0 0.0 0.6397065384947547 0.0 0.0 0.0
0 0.052734 0.160156 0.066406 0.099609 0.0 0.23074137234959846 0.0 0.11616885951261524 0.0 0.15793071976568485 0.0 0.16528770530779996 0.0 0.6055715297527543 0.0 0.6010508754500152 0.0
0 0.230469 0.295898 0.080078 0.080078 0.20532000393469851 0.0 0.0 0.0 0.0 0.0 0.0 0.0 0.0 0.0 0.0 0.0 0.0
0 0.137695 0.484863 0.078125 0.098633 0.0 0.14048710850821097 0.0 0.13507652912618986 0.0 0.27100193407433426 0.0 0.24885779208903175 0.0 0.2551942089797169 0.0 0.26049235099665696 0.0
0 0.604980 0.270508 0.086914 0.076172 0.23901476949405578 0.0 0.0 0.0 0.0 0.0 0.0 0.0 0.0 0.0 0.0 0.0 0.0
0 0.723633 0.983887 0.083984 0.032227 0.3863859759197871 0.0 0.0 0.0 0.0 0.0 0.0 0.0 0.0 0.0 0.0 0.0 0.0
0 0.342285 0.942383 0.086914 0.115234 0.0 0.0 0.278044939965144 0.0 0.14426928881488815 0.0 0.13389297527139754 0.0 0.1462301113930347 0.0 0.7651644308976415 0.0 0.7239246606441665
