0 0.333984 0.051270 0.115885 0.088867 0.0 0.22638907130350744 0.0 0.24845166599923818 0.0 0.31953036945652324 0.0 0.32775879415910075 0.0 0.21194461635429745 0.0 0.213080193485228 0.0
0 0.461589 0.574707 0.160156 0.125977 0.0 0.06418465644379483 0.04210902778964988 0.16039805697320708 0.07272713684413001 0.31771794823040767 0.32234539721784394 0.32070381700311423 0.3253258696548693 0.16948762931958036 0.1552345903220176 0.1728037822055152 0.16866651654388093
0 0.501302 0.463379 0.138021 0.102539 0.0 0.014280570261576376 0.13240957270355191 0.0 0.20717636264900366 0.36689403868692294 0.3103462347049397 0.0 0.3100398964710502 0.2865357462421729 0.17183449138182894 0.0 0.17449691780138543
0 0.177083 0.403809 0.138021 0.084961 0.0 0.1971116903768387 0.0 0.2019829996799862 0.0 0.2812906255758386 0.0 0.27438333224829736 0.0 0.8882228955546779 0.0 0.8846312987610424 0.0
0 0.590495 0.629395 0.113281 0.069336 0.0 0.2683017689868058 0.0 0.20648904112943983 0.0 0.3206377033416942 0.0 0.31181958784176916 0.0 0.17433428480517904 0.0 0.15938473721616334 0.0
0 0.182943 0.215332 0.100260 0.084961 0.0 0.2893625710921692 0.0 0.19596227896585877 0.0 0.30817404503108925 0.0 0.2800706851150235 0.0 0.2075087120523374 0.0 0.2116846501126111 0.0
0 0.863932 0.691406 0.108073 0.070312 0.0 0.12521722864944584 0.0 0.1389623369639664 0.0 0.2978479777822774 0.0 0.32291757371038166 0.0 0.17310793306063266 0.0 0.16754225981488213 0.0
0 0.607422 0.051758 0.204427 0.101562 0.08601575884903727 0.0 0.009030009865875167 0.0641522302239704 0.056443539921432695 0.0 0.2109509728706321 0.1830648658831931 0.15610196845989965 0.0 0.19475116202931417 0.20217632771223812 0.19653436782812853
0 0.098958 0.710449 0.125000 0.084961 0.02109125637747438 0.08199889069310652 0.0 0.024447518990130784 0.10641555757548926 0.3048090880702572 0.0 0.17353931308086157 0.28690987237275517 0.1877922235419031 0.0 0.47546282114315724 0.17773776667156557
0 0.503255 0.863770 0.378906 0.270508 0.32973846039795035 0.0 0.0 0.0 0.0010625072425402469 0.0 0.0 0.0 0.08064855666048687 0.0 0.0 0.0 0.14021877865077798
0 0.935547 0.206543 0.115885 0.141602 0.0 0.13843561249288172 0.020748729647195402 0.10514650715172301 0.030692056573173792 0.29703934462443565 0.3606016555758941 0.2931355309336137 0.3518048955410671 0.2927534383818027 0.2997888277526537 0.2810900566528422 0.28643218286729627
0 0.341797 0.311523 0.162760 0.156250 0.2607990382661284 0.018110154391382097 0.0 0.025230227593881743 0.0 0.3145400061595154 0.0 0.2917488340490058 0.0 0.2448792614578357 0.0 0.20677608066328773 0.0
0 0.856771 0.936523 0.122396 0.083984 0.0 0.06545949966316258 0.10570301993800543 0.0 0.17472865978007912 0.3356455526544471 0.36245914770456844 0.0 0.36167884441512715 0.17112626750943968 0.12681390756712668 0.0 0.22174847004349657
0 0.948568 0.445801 0.095052 0.108398 0.0 0.22095690771160437 0.0 0.177278037231048 0.0 0.28667308755422277 0.0 0.2963932576458672 0.0 0.28762015260939855 0.0 0.2829710907502633 0.0
0 0.756510 0.413086 0.085938 0.101562 0.0 0.22070052508748395 0.0 0.10712394330782402 0.0 0.3370344270478713 0.0 0.26381186041962446 0.0 0.2768678164791867 0.0 0.27533220718252127 0.0
0 0.848958 0.437500 0.109375 0.097656 0.0 0.2714902827416226 0.0 0.12629022669437034 0.0 0.3439732298190455 0.0 0.3306202925322431 0.0 0.29610355112251735 0.0 0.2470674603428053 0.0
0 0.778646 0.128418 0.203125 0.202148 0.2884207459285943 0.0 0.0 0.0 0.0 0.0 0.0 0.0 0.0 0.0 0.0 0.0 0.0
0 0.276693 0.255859 0.102865 0.083984 0.0 0.3088342889669862 0.0 0.21948292422378043 0.0 0.2906314789799699 0.0 0.3062218813919788 0.0 0.21380242780854103 0.0 0.21525887204848068 0.0
0 0.085938 0.187988 0.119792 0.104492 0.0 0.2175891582769687 0.008838618525026334 0.13430550775197206 0.02298466095635581 0.27652554374149907 0.3298217153067468 0.28782872909418744 0.3223687808491427 0.19094595866100114 0.18208231845654962 0.2445849888247175 0.24280154157718087
0 0.060547 0.460449 0.118490 0.094727 0.0 0.17145146759129296 0.010885844120012552 0.1882000708872569 0.0 0.2573177107095006 0.17550011972326054 0.23179148045795234 0.0 0.5332083337954313 0.9823379415755178 0.6487104850710913 0.0
0 0.186849 0.038574 0.225260 0.075195 0.0350862221368741 0.0 0.0 0.12886883698097898 0.0 0.0 0.0 0.25551274977873495 0.0 0.0 0.0 0.19551316678855932 0.0
0 0.063151 0.787598 0.123698 0.084961 0.05422109254535577 0.023950313269780674 0.10534204608660815 0.022652880458016847 0.20898643751237722 0.342987254024776 0.3203330662350165 0.37164926431517203 0.32105014715844643 0.17813882273029177 0.15139655524540546 0.1944821955032094 0.20256550430456205
0 0.040365 0.897461 0.078125 0.160156 0.1596379392588372 0.0 0.0 0.0 0.03847282394998071 0.0 0.0 0.0 0.07281604213031515 0.0 0.0 0.0 0.1637299593757588
0 0.132161 0.970215 0.131510 0.057617 0.28487147104680643 0.11471637172198434 0.0 0.07233435925810101 0.0 0.2004344576068051 0.0 0.20130411011467178 0.0 0.19026673429353877 0.0 0.1646543040518193 0.0
0 0.772786 0.658203 0.108073 0.070312 0.0 0.41134803313673113 0.0 0.3020494521954325 0.0 0.31264330842878885 0.0 0.30401165708652345 0.0 0.23341971768769776 0.0 0.11719131950940051 0.0
0 0.614583 0.385254 0.195312 0.108398 0.03697267907696786 0.09363750018777374 0.0 0.034350611338101675 0.054530896263411344 0.27467675117636037 0.0 0.3701234741089304 0.23252162369892948 0.27221102845065337 0.0 0.29106524437168246 0.2020582603885243
0 0.947266 0.833984 0.100260 0.121094 0.0 0.0 0.06459941326211727 0.0 0.2604390060690696 0.0 0.1239389528963348 0.0 0.3945321954709188 0.0 0.1813860186161624 0.0 0.172214268580767
0 0.945964 0.724609 0.108073 0.070312 0.0 0.14167817635772206 0.036948615383768556 0.19211951720781623 0.0 0.35788257078078234 0.3498498845210726 0.2753747722519625 0.0 0.1916282945590854 0.17831019470542817 0.16940008236725024 0.0
