0 0.642578 0.766602 0.123047 0.091797 0.0 0.04797366299903417 0.1727347954298058 0.028655458271715558 0.20053811613178593 0.33900308674669205 0.36325959740133634 0.33649310109893715 0.3508592885995514 0.1504196383486567 0.14503522061641863 0.15236633838902158 0.14326654474057307
0 0.649414 0.261230 0.126953 0.092773 0.0 0.26622932675932187 0.0 0.14788845398351363 0.0 0.27914224319573133 0.0 0.3007715539519486 0.0 0.29697037801918275 0.0 0.27300334034851925 0.0
0 0.706055 0.665039 0.128906 0.095703 0.0 0.03634817487432566 0.10945277358279216 0.030346406122473822 0.14145080495426837 0.3397116088131615 0.3591237635649881 0.32834522642340597 0.3498487523880529 0.14586867200405243 0.1465289450424052 0.12369214177943712 0.12925286834827573
0 0.328613 0.403809 0.083008 0.096680 0.0 0.2921230951901492 0.0 0.2145035681901253 0.0 0.31264330842878885 0.0 0.30401165708652345 0.0 0.23341971768769776 0.0 0.11719131950940051 0.0
0 0.866699 0.350098 0.143555 0.116211 0.0 0.22663119340023904 0.0 0.1325818291955399 0.0 0.3462888218564795 0.0 0.20746516857110528 0.0 0.3003446432511506 0.0 0.29420857331871336 0.0
0 0.625000 0.055664 0.121094 0.103516 0.0 0.13919876262661143 0.0 0.16074936249394614 0.0 0.2852481836517901 0.0 0.29049484422484617 0.0 0.2822598201487725 0.0 0.2947069494551518 0.0
0 0.580566 0.861816 0.129883 0.100586 0.0 0.038335760954925836 0.15146046264200863 0.019529166694039327 0.17871444180768187 0.31519158506833644 0.343258727506245 0.4024981481993332 0.32434663606704595 0.16719420349525413 0.13071512189356124 0.13297429515621761 0.16157898613122898
0 0.098633 0.323730 0.144531 0.129883 0.0 0.05173836333030341 0.033943504569110675 0.12929465403342189 0.0586243385646114 0.3177179482304076 0.32234539721784394 0.32070381700311423 0.3253258696548693 0.16948762931958034 0.1552345903220176 0.1728037822055152 0.16866651654388093
0 0.750977 0.315430 0.099609 0.097656 0.0 0.17673985578432377 0.0 0.04088360174734304 0.0 0.31580846386579314 0.0 0.35483582598828856 0.0 0.30689147042248016 0.0 0.31272047265630587 0.0
0 0.535645 0.229004 0.106445 0.088867 0.14674882391281435 0.23401168916581652 0.0 0.0 0.0 0.29315584520436094 0.0 0.0 0.0 0.2891632441248859 0.0 0.0 0.0
0 0.394531 0.440918 0.091797 0.083008 0.0 0.09365433772329017 0.0 0.10393478419232331 0.0 0.2978479777822774 0.0 0.32291757371038166 0.0 0.17310793306063266 0.0 0.16754225981488213 0.0
0 0.962891 0.372559 0.074219 0.104492 0.0 0.1779799774425166 0.024354937828390672 0.17814270860022724 0.041649653325765215 0.30149502192848443 0.24681474904650255 0.30011518765300504 0.24609188286593345 0.29597203203549927 0.19008608590795195 0.28779047321871776 0.39111105495898546
0 0.276367 0.896973 0.085938 0.077148 0.0 0.0 0.18250763121931535 0.0 0.26221624197839294 0.0 0.32776280139784 0.0 0.3149418367459835 0.0 0.1742255897997792 0.0 0.17194652516530262
0 0.978516 0.174316 0.042969 0.108398 0.0 0.11856040882831194 0.0 0.11796741028637521 0.0 0.3006672240153983 0.0 0.298895424950472 0.0 0.27935790044340636 0.0 0.285992766439077 0.0
0 0.353516 0.762207 0.091797 0.083008 0.0 0.0 0.19146204959978788 0.0 0.20591147070817414 0.0 0.3400979406731711 0.0 0.3561294506179856 0.0 0.1694557271929006 0.0 0.20454125035847426
0 0.458008 0.197266 0.083984 0.105469 0.0 0.19276634616571167 0.0 0.15466019979362425 0.0 0.28667308755422277 0.0 0.2963932576458672 0.0 0.28762015260939855 0.0 0.2829710907502633 0.0
0 0.315918 0.831055 0.079102 0.085938 0.0 0.0 0.21729860346053587 0.0 0.29645313397550754 0.0 0.36128414197687175 0.0 0.33197399445130504 0.0 0.12313717879141312 0.0 0.2043612369283491
0 0.196289 0.376465 0.087891 0.079102 0.0 0.22733882400980793 0.0 0.17496334801873115 0.0 0.3206377033416942 0.0 0.31181958784176916 0.0 0.17433428480517904 0.0 0.15938473721616334 0.0
0 0.394531 0.689453 0.089844 0.080078 0.0 0.07014509481402524 0.11326924883070467 0.0 0.1872357483645493 0.3356455526544471 0.36245914770456844 0.0 0.36167884441512715 0.17112626750943968 0.12681390756712668 0.0 0.22174847004349657
0 0.935059 0.650879 0.129883 0.102539 0.0 0.09269653627207863 0.07383606266485888 0.12050559036161769 0.07002346807831175 0.3334910005513318 0.31166162427387356 0.3347219000768904 0.3384373534022498 0.148288065555037 0.14472695141187916 0.1401192020792624 0.13875354217538366
0 0.895996 0.138672 0.116211 0.113281 0.0 0.018535417215812117 0.027453061390387837 0.08581894561935234 0.07205042324989905 0.296286233231545 0.2924511998664759 0.3002187495555394 0.2939747713045596 0.2994500402518606 0.3700983681819417 0.27626247894747724 0.3884392367376579
0 0.794434 0.579102 0.159180 0.121094 0.0 0.08831573317006784 0.05656141238010285 0.04749046112452329 0.08518813599089331 0.34378287654881545 0.34172795274512785 0.34965665732778006 0.35094429123334536 0.14223851365180618 0.1541114036585043 0.1379649604150403 0.1348907757522233
0 0.381348 0.186035 0.077148 0.090820 0.0 0.24342145382905658 0.0 0.059306838829888034 0.0 0.3470349782448533 0.0 0.308507927043709 0.0 0.2926770374991914 0.0 0.2939881126690651 0.0
0 0.909180 0.051270 0.085938 0.043945 0.0 0.0 0.16276735133501352 0.0 0.13964379591992526 0.0 0.2522595794307551 0.0 0.26882282961885245 0.0 0.395739107026394 0.0 0.34786502921013274
0 0.460938 0.470215 0.070312 0.083008 0.0 0.13834457220812862 0.03607923619826812 0.18759905797939702 0.0 0.35788257078078234 0.3498498845210726 0.2753747722519625 0.0 0.1916282945590854 0.17831019470542817 0.16940008236725024 0.0
0 0.936035 0.025391 0.098633 0.048828 0.0 0.0 0.08687415785638314 0.0 0.17666155346050585 0.0 0.3248135803616827 0.0 0.3017133460102142 0.0 0.33541727632942486 0.0 0.3779709852517331
0 0.974121 0.559082 0.051758 0.094727 0.0 0.0 0.0 0.04372104131094393 0.12921918901051568 0.0 0.0 0.33317289558030244 0.3431471434577131 0.0 0.0 0.10692524162290813 0.13281584989540643
0 0.547363 0.489258 0.104492 0.113281 0.02723052860836287 0.08926878736687886 0.1248548606691312 0.0 0.1739659957548524 0.30616274477818256 0.21000422411227243 0.0 0.3813953401321534 0.1617386278412018 0.17259603204766402 0.0 0.1752714594877553
0 0.317383 0.162598 0.072266 0.102539 0.0 0.19496633258693566 0.0 0.09463304335455651 0.0 0.33703442704787123 0.0 0.26381186041962446 0.0 0.27686781647918657 0.0 0.27533220718252127 0.0
0 0.541992 0.954102 0.148438 0.091797 0.0 0.021014412688112372 0.07649264412981656 0.010615846214524422 0.11573103646334773 0.28244758803750253 0.2928448772186143 0.3200440743409284 0.28986505273892377 0.15061058008145395 0.13000986691626193 0.18599029719912324 0.14961863676853082
0 0.442871 0.023438 0.096680 0.044922 0.0 0.0 0.0 0.2657870450885509 0.0 0.0 0.0 0.2863481597640184 0.0 0.0 0.0 0.28098229144593745 0.0
0 0.016602 0.074219 0.031250 0.074219 1.0 0.14893219071860278 0.0 0.20748542429179068 0.0 0.31454000615951533 0.0 0.2917488340490058 0.0 0.24487926145783567 0.0 0.20677608066328773 0.0
0 0.210938 0.120117 0.148438 0.125000 0.03164037349051783 0.08013283193495233 0.0 0.029396467864894776 0.046666294345487185 0.27467675117636037 0.0 0.3701234741089304 0.2325216236989295 0.27221102845065337 0.0 0.29106524437168246 0.2020582603885243
0 0.129395 0.216797 0.108398 0.107422 0.0 0.013017423997653158 0.12069766946687409 0.0 0.18885118069479204 0.36689403868692294 0.31034623470493977 0.0 0.3100398964710502 0.2865357462421729 0.17183449138182894 0.0 0.17449691780138543
0 0.489746 0.593750 0.104492 0.113281 0.0 0.0 0.1615220854662489 0.0 0.23135009030594508 0.0 0.20786894646134882 0.0 0.41439175169009423 0.0 0.18528769150894514 0.0 0.1696327606384655
0 0.124023 0.616211 0.246094 0.318359 0.2917658808282183 0.0 0.0 0.0 0.0 0.0 0.0 0.0 0.0 0.0 0.0 0.0 0.0
0 0.184082 0.908203 0.100586 0.091797 0.3073933679397758 0.0 0.0 0.0 0.0 0.0 0.0 0.0 0.0 0.0 0.0 0.0 0.0
0 0.099121 0.869141 0.100586 0.091797 0.24889929907655461 0.0 0.0 0.0 0.0 0.0 0.0 0.0 0.0 0.0 0.0 0.0 0.0
0 0.030273 0.830566 0.058594 0.084961 0.3752500274150844 0.0 0.0 0.0 0.0 0.0 0.0 0.0 0.0 0.0 0.0 0.0 0.0
