0 0.608398 0.176270 0.128906 0.116211 0.0 0.13393960155150356 0.1110406622454826 0.07826287979044809 0.07747893046939171 0.3265522050414297 0.32659581193734205 0.27710547096316995 0.32330504620078715 0.881215728594171 0.8710498369334658 0.8863191143959436 0.8766542171108584
0 0.840820 0.427246 0.208984 0.233398 0.19077929955133655 0.0 0.03234299258025798 0.0 0.06962594821797836 0.0 0.33144829256870584 0.0 0.35334157319795556 0.0 0.8781276851009996 0.0 0.9003106531921885
0 0.734863 0.266602 0.172852 0.146484 0.3177649969942152 0.0 0.0066671742157816734 0.0 0.0 0.0 0.07524073658265612 0.0 0.0 0.0 0.9058864916369102 0.0 0.0
0 0.476562 0.090820 0.123047 0.179688 0.06354487014756158 0.0 0.061717543316472785 0.02227169769557651 0.19841976214482737 0.0 0.19587633932868045 0.18941207805083837 0.2271909816221691 0.0 0.6286787112212063 0.5328852839693253 0.7979258682594333
0 0.278809 0.220215 0.215820 0.174805 0.37848485084050026 0.0 0.0 0.0 0.0 0.0 0.0 0.0 0.0 0.0 0.0 0.0 0.0
0 0.593262 0.032715 0.112305 0.063477 0.0 0.021567049346532436 0.07939539856776964 0.11315415929271387 0.08468552085778575 0.09066140198871797 0.26546799242244823 0.28662600519430825 0.2691756447834316 0.5417003058762232 0.5327375093491334 0.5460298312450333 0.5143765818559173
0 0.196289 0.104004 0.232422 0.168945 0.17472289211872394 0.0 0.0 0.0 0.0 0.0 0.0 0.0 0.0 0.0 0.0 0.0 0.0
0 0.408691 0.428711 0.213867 0.152344 0.18845846379350217 0.0 0.0 0.0 0.0 0.0 0.0 0.0 0.0 0.0 0.0 0.0 0.0
0 0.972656 0.044434 0.054688 0.086914 0.0 0.0 0.028697275287599376 0.13530882597852129 0.18340564129864562 0.0 0.33578429406190313 0.3319127463292672 0.31876375315777883 0.0 0.5625344467626603 0.5301700561012725 0.5531982100356223
0 0.479004 0.515625 0.227539 0.179688 0.1877042439016475 0.0 0.11548023667807401 0.0 0.0 0.0 0.07519842677069899 0.0 0.0 0.0 0.8837042409941515 0.0 0.0
0 0.372070 0.330078 0.218750 0.183594 0.1967131158709533 0.019329687185176463 0.0 0.0 0.0 0.10757231500400355 0.0 0.0 0.0 0.7587163523225511 0.0 0.0 0.0
0 0.529297 0.608887 0.210938 0.147461 0.12354964451506271 0.0 0.09604012292845038 0.0853505719233937 0.043385064564744676 0.0 0.2266846731339798 0.30312530721966824 0.3178576554160985 0.0 0.9116875268129344 0.8824208254837977 0.8836373581307551
0 0.607422 0.693848 0.210938 0.147461 0.0 0.1609425871041023 0.06987401584010679 0.13396452281867224 0.0 0.28070794062377186 0.2868406074712246 0.2790447179451215 0.0 0.8889784662588628 0.8749941193971665 0.8720235284631068 0.0
0 0.679199 0.797852 0.213867 0.173828 0.24779116725504546 0.0 0.0 0.0 0.0 0.0 0.0 0.0 0.0 0.0 0.0 0.0 0.0
0 0.759277 0.906250 0.184570 0.148438 0.025830505420673763 0.08782328535045646 0.09725594823029746 0.07528668415298498 0.07115938985891986 0.3287844213945247 0.3478580252474164 0.33502510601116464 0.3420935641110736 0.8764120783896643 0.8788723629526278 0.8772149950843335 0.8857194365475087
0 0.852539 0.957031 0.160156 0.083984 0.0106961438072402 0.0 0.045389795225941984 0.007277985522600093 0.03196163026396257 0.0 0.23216806074806423 0.4504113630798172 0.3220057217509499 0.0 0.8102023762636448 0.8232480092351838 0.8533927974279407
0 0.715820 0.030762 0.130859 0.059570 0.09177054301105328 0.0 0.016480775071607046 0.10028342954767948 0.0 0.0 0.12661854836060973 0.08589117913084182 0.0 0.0 0.5259667641692409 0.7738697175054701 0.0
0 0.953613 0.601074 0.092773 0.186523 0.3367110718935498 0.0 0.060774528922761986 0.0 0.0 0.0 0.33622382576324944 0.0 0.0 0.0 0.8791589731572663 0.0 0.0
0 0.072754 0.513184 0.143555 0.168945 0.30626178561813217 0.0 0.0 0.0 0.0 0.0 0.0 0.0 0.0 0.0 0.0 0.0 0.0
0 0.110840 0.628418 0.206055 0.213867 0.24308873075706827 0.0 0.0 0.0015924364117451994 0.0 0.0 0.0 0.5582898196647933 0.0 0.0 0.0 0.8360775330081727 0.0
0 0.183105 0.751465 0.184570 0.200195 0.04604751074218139 0.10805531766154208 0.0630328003295127 0.1275237662890826 0.05571940372423273 0.3061622057311012 0.30333726913773656 0.29813688816400924 0.302148297370299 0.8824659701874502 0.8801246097302777 0.8777298943736623 0.869723790931307
0 0.249512 0.885254 0.184570 0.200195 0.019583964453469778 0.061827693395099956 0.046679328842084256 0.06932116138009979 0.05477007878351143 0.177455314676457 0.2510388692142649 0.16250563651768082 0.23223267993337107 0.8759409392371961 0.8673991424102026 0.8990843908562723 0.8778565275741677
0 0.372070 0.958496 0.203125 0.083008 0.008238988054325524 0.15802518421633957 0.047663118783821457 0.07144501628263 0.0 0.30093569536730186 0.29559428977022817 0.29158308063087746 0.0 0.8755185919164726 0.8917852374901394 0.8902315226435171 0.0
0 0.064941 0.383789 0.127930 0.132812 0.0 0.0922795464787366 0.0442841511705018 0.04648868707797695 0.0 0.26366421165098086 0.2763899426421403 0.22980494320392733 0.0 0.8758591738985739 0.8835391816013496 0.7447561583123142 0.0
0 0.040039 0.284180 0.078125 0.119141 0.008450589061824278 0.0 0.0480129675464012 0.07659263475576066 0.0 0.0 0.33767165759540985 0.37067751920860703 0.0 0.0 0.8971648720515324 0.8750329857024048 0.0
