0 0.036458 0.222656 0.070312 0.213542 0.03215341104193927 0.0 0.30865866428748173 0.0 0.0 0.0 0.18120057189895616 0.0 0.0 0.0 0.5443114451388231 0.0 0.0
0 0.569010 0.615234 0.148438 0.201823 0.0 0.0 0.2224143717557072 0.0 0.1499513916292276 0.0 0.1330846646150069 0.0 0.14526787743006475 0.0 0.7548578082493261 0.0 0.7346046479943618
0 0.140625 0.852865 0.151042 0.294271 0.0 0.0 0.1958771875968751 0.0 0.17602335162239266 0.0 0.06748097420760442 0.0 0.07015123017505381 0.0 0.6322605894299039 0.0 0.6263997286891487
0 0.923828 0.412109 0.152344 0.259115 0.2925654157186841 0.0 0.0 0.0 0.0 0.0 0.0 0.0 0.0 0.0 0.0 0.0 0.0
0 0.169922 0.599609 0.238281 0.144531 0.2496291562219563 0.0 0.0 0.0 0.0 0.0 0.0 0.0 0.0 0.0 0.0 0.0 0.0
0 0.862630 0.068359 0.123698 0.134115 0.29891723511951496 0.0 0.0 0.0 0.0 0.0 0.0 0.0 0.0 0.0 0.0 0.0 0.0
0 0.949870 0.193359 0.100260 0.165365 0.4932185813855239 0.0 0.0 0.0 0.0 0.0 0.0 0.0 0.0 0.0 0.0 0.0 0.0
0 0.967448 0.624349 0.065104 0.157552 0.4252850360828361 0.0 0.0 0.0 0.0 0.0 0.0 0.0 0.0 0.0 0.0 0.0 0.0
0 0.501302 0.475911 0.148438 0.201823 0.0 0.0 0.1238464655829615 0.0 0.1629498507355751 0.0 0.14653378799432465 0.0 0.14307820267576915 0.0 0.7160397372211494 0.0 0.7141356335257042
0 0.450521 0.288411 0.148438 0.201823 0.0 0.0 0.14654828302764575 0.0 0.16028343912240692 0.0 0.14693059850496476 0.0 0.14441344222514882 0.0 0.7158821116333038 0.0 0.720506226855566
0 0.376302 0.137370 0.148438 0.201823 0.0 0.0 0.13267832121719153 0.0 0.20139939954743843 0.0 0.1482034455531589 0.0 0.14679490077957846 0.0 0.7150328155555081 0.0 0.717977962725962
