0 0.321615 0.170898 0.158854 0.154297 0.0 0.0 0.16219826056068734 0.0 0.18985494584982862 0.0 0.18175797138991656 0.0 0.17541338904706627 0.0 0.5437543198891487 0.0 0.5436688346943969
0 0.268229 0.327637 0.148438 0.151367 0.0 0.0 0.20335988406471625 0.0 0.19469047493781227 0.0 0.18453274875934603 0.0 0.17983464018124065 0.0 0.5254110120721808 0.0 0.5429405847468922
0 0.787109 0.215820 0.131510 0.158203 0.0 0.0 0.15826354731075054 0.0 0.17309671001668073 0.0 0.14693059850496476 0.0 0.14441344222514882 0.0 0.7158821116333038 0.0 0.720506226855566
0 0.576823 0.857910 0.140625 0.151367 0.2043093748600723 0.0 0.2083709212600514 0.0 0.0 0.0 0.06931887770555492 0.0 0.0 0.0 0.5480265652694962 0.0 0.0
0 0.471354 0.669434 0.148438 0.260742 0.0 0.0 0.19968195538505842 0.0 0.19413022971988764 0.0 0.06890526894713364 0.0 0.06767222408134149 0.0 0.6356601358481747 0.0 0.6248579273205046
0 0.217448 0.487305 0.156250 0.158203 0.0 0.0 0.17197320985424366 0.0 0.18422152561435212 0.0 0.17550388361375263 0.0 0.17202352427339884 0.0 0.5442925719980541 0.0 0.5426100035910635
0 0.906250 0.465332 0.130208 0.145508 0.0 0.0 0.26376254690760714 0.0 0.17782826107976188 0.0 0.1330846646150069 0.0 0.14526787743006475 0.0 0.7548578082493261 0.0 0.7346046479943618
0 0.206380 0.022949 0.131510 0.043945 0.08260400605031028 0.0 0.12744309026046888 0.0 0.22183974832669803 0.0 0.15685120683635545 0.0 0.15939405418422267 0.0 0.5704745653887348 0.0 0.5357228961779672
0 0.497396 0.453613 0.234375 0.096680 0.28455202302674504 0.0 0.0 0.0 0.0 0.0 0.0 0.0 0.0 0.0 0.0 0.0 0.0
0 0.165365 0.773438 0.299479 0.162109 0.0 0.17512776994965015 0.0 0.16447306839328812 0.0 0.07041538958533478 0.0 0.06996084933385928 0.0 0.39631828746367703 0.0 0.40714628248180956 0.0
0 0.160807 0.893555 0.157552 0.111328 0.0 0.0 0.0 0.3607459774569604 0.0 0.0 0.0 0.08704155015741671 0.0 0.0 0.0 0.40181653409046714 0.0
0 0.586589 0.964355 0.134115 0.069336 0.21535295375403127 0.0 0.2238710999606454 0.0 0.0 0.0 0.0701084307466139 0.0 0.0 0.0 0.5651900053392135 0.0 0.0
0 0.825521 0.359863 0.130208 0.145508 0.0 0.0 0.14687027160073354 0.0 0.19324321224816188 0.0 0.14653378799432465 0.0 0.14307820267576915 0.0 0.7160397372211494 0.0 0.7141356335257042
0 0.712891 0.116211 0.131510 0.158203 0.0 0.0 0.14328480234126478 0.0 0.21749953489813204 0.0 0.1482034455531589 0.0 0.1467949007795785 0.0 0.7150328155555081 0.0 0.717977962725962
