0 0.171387 0.134277 0.137695 0.172852 0.4055305758372775 0.0 0.0 0.0 0.0 0.0 0.0 0.0 0.0 0.0 0.0 0.0 0.0
0 0.132812 0.371582 0.162109 0.241211 0.0018978049665428988 0.03016761985605409 0.08349199860424208 0.028074249092645207 0.09863531052370048 0.3404443641256787 0.3021080895838168 0.27962810541712235 0.34574467618402743 0.6951543167087265 0.6922111600967095 0.5970937692279215 0.6718045992417027
0 0.632324 0.815918 0.118164 0.145508 0.0 0.0345394051078367 0.1628627660984315 0.0 0.13310238295798393 0.2809327989051902 0.2939888236988306 0.0 0.2920665497405759 0.7522276820094709 0.7457012756207547 0.0 0.7445100918926771
0 0.676270 0.944824 0.122070 0.110352 0.03438037752958756 0.0019198527105351562 0.19262507536620452 0.0 0.19164464600605657 0.06700949991012811 0.2944904781520643 0.0 0.29148034164399333 0.5615541479736348 0.7481609405773625 0.0 0.7469143184805217
0 0.460449 0.873047 0.124023 0.134766 0.41279868227654054 0.0 0.0 0.0 0.014991685269562606 0.0 0.0 0.0 0.2653643709053278 0.0 0.0 0.0 0.641617976445541
0 0.946777 0.172852 0.106445 0.128906 0.02291332492560463 0.0 0.13906547753615178 0.05002956388060897 0.11125032626813713 0.0 0.3044900908035635 0.31690711648599623 0.32317009151925125 0.0 0.7452636881679292 0.7494431859027587 0.744575020986504
0 0.842773 0.791016 0.101562 0.138672 0.0 0.03243700615784525 0.11916447447092768 0.0 0.10495300850405147 0.27675457821292815 0.27763953313218376 0.0 0.2779848127429424 0.7366765555252044 0.7452706132208377 0.0 0.7463703318586254
0 0.318848 0.816406 0.137695 0.132812 0.060124510617280295 0.0 0.12587722165337067 0.0 0.12834553412869154 0.0 0.19548663306689806 0.0 0.20109570894711998 0.0 0.7712350650864535 0.0 0.7624877569160768
0 0.756836 0.049805 0.126953 0.097656 0.0 0.11813911988974156 0.03894893879110256 0.14746612534093106 0.0 0.2809124530416218 0.28662260452270877 0.2753923114770894 0.0 0.7443404831199034 0.7557517282296993 0.7483349497644288 0.0
0 0.966797 0.719238 0.066406 0.079102 0.0 0.15875819567176633 0.0 0.07558649616559274 0.05088878548502021 0.2707085664613502 0.0 0.2823005455750298 0.26297410889586703 0.7515026953745696 0.0 0.7424927095123628 0.7362136887808352
0 0.908203 0.061035 0.115234 0.120117 0.022528266772549124 0.00990227604689123 0.18107584119300824 0.0 0.12524290328631582 0.2768759060633378 0.3068526186445228 0.0 0.31595339367020625 0.7564979921695537 0.749213188137246 0.0 0.7335146964869588
0 0.671387 0.361816 0.108398 0.141602 0.0 0.0 0.19154115860851945 0.0 0.17477687906406286 0.0 0.28410196218615597 0.0 0.28824854904543873 0.0 0.7469159488736506 0.0 0.7479414271497101
0 0.768066 0.614746 0.096680 0.125977 0.0 0.0 0.14371219662449022 0.056566061197026486 0.14767798918809016 0.0 0.273067841387895 0.2714437669170383 0.2836748997400562 0.0 0.747849787515173 0.7353813442215179 0.7433327190617487
0 0.938965 0.555664 0.122070 0.093750 0.0 0.07923316707561145 0.0 0.1200900392290056 0.020095126102978495 0.28346044694967854 0.0 0.2679937838188845 0.28101363567989773 0.7455803782436023 0.0 0.7446420182621846 0.7316483903395986
0 0.346191 0.041992 0.127930 0.082031 0.0 0.0 0.1787638348881698 0.0 0.17427390193531558 0.0 0.27892703735944596 0.0 0.2835229901159485 0.0 0.7427489263520167 0.0 0.7502869141106923
0 0.246094 0.613770 0.156250 0.264648 0.3594596191978172 0.0 0.0 0.0 0.0 0.0 0.0 0.0 0.0 0.0 0.0 0.0 0.0
0 0.388184 0.162598 0.122070 0.163086 0.0 0.0 0.14675242762133672 0.0 0.15243798022808722 0.0 0.2921254862096714 0.0 0.2880817915481808 0.0 0.748094403151198 0.0 0.7468331151203892
0 0.443848 0.291504 0.122070 0.163086 0.0 0.0 0.1590585084920312 0.0 0.14240125864713862 0.0 0.2870262371940439 0.0 0.29715298079172414 0.0 0.7472481047675379 0.0 0.745838487795254
0 0.501465 0.438965 0.122070 0.163086 0.0 0.0 0.15139641219999894 0.0 0.13729685104718706 0.0 0.2895779231901017 0.0 0.29444854688558286 0.0 0.7462401585735209 0.0 0.7462660576372968
0 0.551270 0.550781 0.122070 0.164062 0.0 0.0 0.14923044167763214 0.0 0.1494200723221281 0.0 0.28351788111049214 0.0 0.29276238510620356 0.0 0.7490073527975086 0.0 0.7499003254036697
0 0.596680 0.682129 0.103516 0.124023 0.0 0.0 0.11694093769785385 0.050649180714480324 0.1284714744674402 0.0 0.2923444638835454 0.2696035754640905 0.2937339100474304 0.0 0.750613414862594 0.7372072814596348 0.7430368959796962
0 0.884766 0.902344 0.101562 0.138672 0.0 0.0 0.17401284855443558 0.0 0.17875284126697935 0.0 0.2824788794938365 0.0 0.2859267688009159 0.0 0.7458632649405702 0.0 0.7463970454873794
0 0.637695 0.095703 0.126953 0.099609 0.0 0.1752197928837358 0.0 0.14016609250201595 0.04376582035380872 0.28127012640440213 0.0 0.29016631473007387 0.2745712828321529 0.7475973449891378 0.0 0.7448385759282992 0.7464346874188051
0 0.719238 0.489746 0.118164 0.151367 0.0 0.0 0.2109525575080675 0.0 0.18232880827129208 0.0 0.28739655279166276 0.0 0.28619512852065887 0.0 0.7335451326089384 0.0 0.7451838521088036
0 0.607910 0.219238 0.108398 0.141602 0.0 0.03971134008499544 0.1935807218636764 0.0 0.1602440471544337 0.27364197546837593 0.2793778350007953 0.0 0.2834645837764361 0.7411900204197396 0.7478623095286514 0.0 0.7447837548054224
