0 0.279297 0.909668 0.279948 0.112305 0.05900325916395836 0.08291329755247645 0.019812717784141284 0.058657799186370194 0.0 0.08468613666092929 0.09788342740686116 0.0993461473538513 0.0 0.7277523471527461 0.6970024062935176 0.7186532540381629 0.0
0 0.454427 0.398926 0.250000 0.182617 0.2813127395626386 0.0 0.0 0.0 0.0 0.0 0.0 0.0 0.0 0.0 0.0 0.0 0.0
0 0.937500 0.725586 0.125000 0.095703 0.3121744073014938 0.0 0.0 0.0 0.0 0.0 0.0 0.0 0.0 0.0 0.0 0.0 0.0
0 0.106771 0.959961 0.106771 0.080078 0.38426744120596523 0.020931948011606822 0.0 0.010087650019359566 0.0 0.09649608700599978 0.0 0.28156585377177074 0.0 0.8471218527691722 0.0 0.7802756463990768 0.0
0 0.522786 0.840332 0.279948 0.112305 0.22089622976721363 0.03913507029220153 0.0 0.06152699803442633 0.0 0.083574787256986 0.0 0.10286491379362837 0.0 0.7222354106720555 0.0 0.7313379683501484 0.0
0 0.758464 0.766113 0.279948 0.112305 0.3145927575835242 0.0 0.0 0.01453929386594783 0.0 0.0 0.0 0.1690820715091566 0.0 0.0 0.0 0.6816818236079157 0.0
0 0.473958 0.056152 0.257812 0.110352 0.2134578753933648 0.0 0.0 0.0 0.0 0.0 0.0 0.0 0.0 0.0 0.0 0.0 0.0
0 0.093099 0.049316 0.183594 0.096680 0.24381817737788306 0.003945341500007123 0.0 0.0 0.004480408068879939 0.29929196036446176 0.0 0.0 0.3712855454119788 0.3213161319697486 0.0 0.0 0.3723492842188679
0 0.098307 0.379395 0.194010 0.200195 0.2612695484658657 0.0 0.0 0.0 0.0 0.0 0.0 0.0 0.0 0.0 0.0 0.0 0.0
0 0.355469 0.247070 0.708333 0.277344 0.23712541109654645 0.025042536143403998 0.020261420910907754 0.015197699402337277 0.01844258713826354 0.3143683594921213 0.2772858797260985 0.3126943244033683 0.2704000950410931 0.25948576824197966 0.26688828545004084 0.25931035156873306 0.29108808542723325
