0 0.198568 0.714844 0.144531 0.162109 0.0 0.0 0.17603384248518084 0.0 0.1998241799706756 0.0 0.15732378544477302 0.0 0.15791851073991772 0.0 0.5482433953165226 0.0 0.5414385502574154
0 0.516276 0.484863 0.102865 0.081055 0.0 0.173118169398558 0.0 0.16645087011432272 0.0 0.27100193407433426 0.0 0.24885779208903178 0.0 0.2551942089797169 0.0 0.260492350996657 0.0
0 0.833333 0.565430 0.132812 0.099609 0.0 0.17824427805364065 0.0 0.12538496680870587 0.0 0.1222493551350739 0.0 0.13026260253807126 0.0 0.7135471064838362 0.0 0.7232292993232035 0.0
0 0.502604 0.153320 0.109375 0.099609 0.0 0.20374756699064417 0.0 0.20831814228118503 0.0 0.15136181588720138 0.0 0.16729116619672948 0.0 0.6094884155687843 0.0 0.6058183474906842 0.0
0 0.322917 0.923828 0.140625 0.152344 0.0 0.0 0.18557298614481296 0.0 0.2172153333452811 0.0 0.18175797138991656 0.0 0.17541338904706627 0.0 0.5437543198891487 0.0 0.5436688346943969
0 0.720703 0.866211 0.126302 0.158203 0.0 0.0 0.14919345398420353 0.0 0.22646858788362204 0.0 0.1482034455531589 0.0 0.14679490077957846 0.0 0.7150328155555081 0.0 0.717977962725962
0 0.315755 0.396484 0.102865 0.085938 0.018468882023900422 0.05553939977542661 0.0 0.18840408553564697 0.0 0.27957683097430114 0.0 0.2830916017214819 0.0 0.2851184060984044 0.0 0.2467562135150034 0.0
0 0.205078 0.379883 0.115885 0.083984 0.008617024739848485 0.06922141493452443 0.0 0.1836942724184919 0.0 0.2676797508839562 0.0 0.2825796266096841 0.0 0.2472423509660064 0.0 0.2647338026474125 0.0
0 0.757161 0.284668 0.097656 0.073242 0.0 0.2877178022588818 0.0 0.10811971657346593 0.0282318291705536 0.18281329307184946 0.0 0.19963064437264033 0.27301409800005805 0.8975741834383331 0.0 0.8840621922211989 0.9778241933529399
0 0.614583 0.594727 0.140625 0.107422 0.0 0.1356764401461015 0.0 0.23851192139556915 0.0 0.2806754867030893 0.0 0.24288627002534827 0.0 0.2525292209475595 0.0 0.2506287031014286 0.0
0 0.774740 0.944824 0.125000 0.110352 0.0 0.023028942851544828 0.21393614305945133 0.0 0.20777117951569568 0.12026388894366513 0.14745635281300853 0.0 0.14422063438935054 0.4597825079566661 0.7144822829025682 0.0 0.7444721463972883
0 0.085938 0.331055 0.104167 0.087891 0.0 0.21944416600940647 0.0 0.26625432296052126 0.0 0.252253975443349 0.0 0.26323733296844093 0.0 0.2453335407659602 0.0 0.265644266863775 0.0
0 0.133464 0.024414 0.180990 0.046875 0.4310739705007507 0.0 0.0 0.0 0.0 0.0 0.0 0.0 0.0 0.0 0.0 0.0 0.0
0 0.824870 0.250000 0.100260 0.072266 0.0 0.2346212110449296 0.0 0.23421885071550044 0.0 0.1858759065341789 0.0 0.18530238916296543 0.0 0.8985027856014918 0.0 0.824235351025205 0.0
0 0.756510 0.617676 0.072917 0.075195 0.0 0.06406619527954877 0.0 0.0 0.0 0.12208402297312446 0.0 0.0 0.0 0.6397065384947547 0.0 0.0 0.0
0 0.289062 0.151367 0.151042 0.101562 0.0 0.1050318122385239 0.0 0.08660564200355028 0.0 0.16987244623651823 0.0 0.15757752089984917 0.0 0.6325500939553876 0.0 0.5828208728822789 0.0
0 0.406901 0.155273 0.079427 0.085938 0.0 0.29814123670208925 0.0 0.15010193919141196 0.0 0.15793071976568485 0.0 0.16528770530779996 0.0 0.6055715297527543 0.0 0.6010508754500152 0.0
0 0.655599 0.295410 0.097656 0.073242 0.396843077847389 0.0 0.0 0.0 0.0 0.0 0.0 0.0 0.0 0.0 0.0 0.0 0.0
0 0.031250 0.300781 0.059896 0.109375 0.0 0.25634345703869105 0.0 0.20463288576534328 0.0 0.26720562980927215 0.0 0.2753454076049437 0.0 0.25941473464984927 0.0 0.2732524688094524 0.0
0 0.960938 0.542480 0.078125 0.090820 0.0 0.21765822568804874 0.0 0.07888032602939635 0.0 0.12405736921046952 0.0 0.13959664860410306 0.0 0.7088199325592706 0.0 0.7512776988228337 0.0
0 0.425130 0.461426 0.102865 0.081055 0.02436542772646553 0.1415677892018514 0.0 0.20072475101470033 0.0 0.2670914868482847 0.0 0.262576440019649 0.0 0.23688116413304722 0.0 0.2445005814871021 0.0
