0 0.103027 0.618652 0.106445 0.124023 0.0 0.0 0.1493170379982302 0.0 0.16653012114491522 0.0 0.2149387833407504 0.0 0.19803550981128698 0.0 0.3401536520366221 0.0 0.23959044197538554
0 0.052734 0.841797 0.097656 0.111328 0.0 0.0 0.18648960234531214 0.0 0.19210164473479904 0.0 0.22055998264061952 0.0 0.20049950845124395 0.0 0.346687088459946 0.0 0.2338122537195362
0 0.075684 0.734863 0.102539 0.108398 0.0 0.0 0.18033601764212415 0.0 0.17601987773540984 0.0 0.22123885033093052 0.0 0.2167947728688665 0.0 0.34770291783063006 0.0 0.3405656587757012
0 0.564941 0.074219 0.092773 0.080078 0.016986114715821454 0.14576471138435385 0.0 0.1671436242582262 0.0 0.2501060177096495 0.0 0.2687305302279419 0.0 0.2595566851168873 0.0 0.2631414358989084 0.0
0 0.645020 0.463867 0.110352 0.154297 0.046301936141599595 0.0 0.19737573271455647 0.0 0.19804748745504033 0.0 0.16110963270964737 0.0 0.16108492772034746 0.0 0.548524742192084 0.0 0.5447434511238123
0 0.741699 0.670410 0.122070 0.155273 0.03760059106992705 0.0 0.15489030747647245 0.0 0.1730363509651968 0.0 0.1814819760188496 0.0 0.1770617934893048 0.0 0.5452383207819416 0.0 0.5449633832150867
0 0.822754 0.202637 0.083008 0.081055 0.07677270258544033 0.1704436959449321 0.0 0.17470079896975316 0.0 0.26703349484593836 0.0 0.2647000090379988 0.0 0.23368374792855118 0.0 0.24357326947078692 0.0
0 0.062988 0.210938 0.102539 0.164062 0.024736634193762378 0.0 0.17679943223338515 0.0 0.19716572391208553 0.0 0.16900265405060538 0.0 0.16731994063765432 0.0 0.5463060927926261 0.0 0.544977954285316
0 0.332031 0.933105 0.113281 0.129883 0.02301813915393887 0.0 0.1911613116215417 0.0 0.19852258043713014 0.0 0.1793293100048241 0.0 0.18179407544137705 0.0 0.5480257968732146 0.0 0.5466848944498929
0 0.376953 0.784668 0.109375 0.151367 0.036492208438718136 0.0 0.19424717785857923 0.0 0.2015046847670133 0.0 0.17902998488327163 0.0 0.17616260757414479 0.0 0.548115571172118 0.0 0.5443054083250423
0 0.035156 0.946777 0.068359 0.106445 0.0 0.0 0.2520689788875627 0.0 0.16133192761711185 0.0 0.21629931813678502 0.0 0.21473077208022906 0.0 0.34233427530651345 0.0 0.21604419961266502
0 0.702148 0.828125 0.111328 0.150391 0.0417590393599835 0.0 0.19299077449489946 0.0 0.20115481478656108 0.0 0.17974163902493992 0.0 0.1789465625345923 0.0 0.5463721653864723 0.0 0.5442065982550494
0 0.661621 0.125488 0.073242 0.075195 0.06489411937415196 0.14608753805347224 0.0 0.26015423168592566 0.0 0.27331773104464563 0.0 0.2831310293905031 0.0 0.25261110732660874 0.0 0.25393937168312436 0.0
0 0.728516 0.148926 0.085938 0.075195 0.03042096965395993 0.1540190594665698 0.0 0.21482876302530826 0.0 0.26360017977674977 0.0 0.280673352623808 0.0 0.2334786650117015 0.0 0.2528816789446523 0.0
0 0.286621 0.279297 0.112305 0.150391 0.014729957670173632 0.0 0.1814957644592734 0.0 0.18616878898908007 0.0 0.15741993274787464 0.0 0.15806418603796177 0.0 0.5515395355166715 0.0 0.5458323350594939
0 0.416992 0.623047 0.101562 0.160156 0.044590146439057315 0.0 0.1789907734565934 0.0 0.20486276615953325 0.0 0.17670445958252978 0.0 0.17797071822531924 0.0 0.547221200588987 0.0 0.5422089955957928
0 0.491699 0.050293 0.096680 0.086914 0.0 0.1675634359741294 0.0 0.1631142018550715 0.0 0.271759302444955 0.0 0.27000884060058233 0.0 0.24941708319773853 0.0 0.25911468190823383 0.0
0 0.951660 0.350098 0.096680 0.112305 0.0 0.12975524180386228 0.0 0.26863374008818397 0.0 0.289084886328286 0.0 0.24244001540427007 0.0 0.2501032136453617 0.0 0.25020690097468457 0.0
0 0.877930 0.949707 0.167969 0.100586 0.25823605449071174 0.0 0.0 0.0 0.0 0.0 0.0 0.0 0.0 0.0 0.0 0.0 0.0
0 0.664062 0.955566 0.103516 0.088867 0.03630180368937659 0.0 0.2454776862409188 0.0 0.20209144672281668 0.0 0.17482455138229733 0.0 0.17265454163224103 0.0 0.5400016337180406 0.0 0.5469136298960977
0 0.881348 0.233887 0.079102 0.088867 0.046454059836215374 0.178136131577717 0.0 0.19355464965211208 0.0 0.27009848139717185 0.0 0.2545342097236908 0.0 0.2588386652575793 0.0 0.2587991271685793 0.0
0 0.986816 0.589844 0.026367 0.121094 0.0 0.0 0.0 0.0 0.25914716818987626 0.0 0.0 0.0 0.14619794269502542 0.0 0.0 0.0 0.7074019776959611
0 0.958496 0.054199 0.083008 0.106445 0.3491902375956986 0.0 0.0 0.0 0.0 0.0 0.0 0.0 0.0 0.0 0.0 0.0 0.0
