0 0.125977 0.805664 0.115234 0.074219 0.0 0.0 0.20607500111388485 0.0 0.21854936340472433 0.0 0.2627833856472534 0.0 0.2646082179556155 0.0 0.6883928200354827 0.0 0.7649906417919327
0 0.419922 0.720215 0.115234 0.075195 0.0 0.0 0.20512765594835336 0.0 0.15934496002704787 0.0 0.2607395523415161 0.0 0.24802410538969424 0.0 0.6914660636525299 0.0 0.699020424892466
0 0.379395 0.589844 0.118164 0.080078 0.0 0.0 0.14026996510309928 0.0 0.14931559347108073 0.0 0.33970991966788977 0.0 0.27754987912122875 0.0 0.6853967196105613 0.0 0.690758172726474
0 0.763672 0.695801 0.066406 0.059570 0.0 0.2758497004755787 0.0 0.21883201937050584 0.0 0.28633725887070816 0.0 0.2573413064767255 0.0 0.05500458977375118 0.0 0.07263025467234804 0.0
0 0.604492 0.786621 0.093750 0.104492 0.0 0.0 0.17179989508975899 0.0 0.16046086278002283 0.0 0.35578178322811477 0.0 0.35928199716744885 0.0 0.6864596867728922 0.0 0.6868062252727046
0 0.047363 0.480469 0.092773 0.103516 0.0 0.0 0.2512866466078989 0.0 0.13394517703073877 0.0 0.268819766041176 0.0 0.28793300482292916 0.0 0.6836626294440336 0.0 0.6777358858369091
0 0.501953 0.946777 0.087891 0.088867 0.0 0.04985256733589874 0.08277806822265349 0.1526659314627245 0.046754553761902254 0.2940257827787802 0.3172701767983003 0.3035756025598315 0.30518822183097954 0.6768878116065806 0.6841472693111413 0.7176136695696009 0.6842327617754254
0 0.572266 0.688965 0.089844 0.098633 0.0 0.0 0.13601158987450213 0.0 0.18820155877385805 0.0 0.3346927738224206 0.0 0.35246903131179885 0.0 0.7047236687295363 0.0 0.6932112731123794
0 0.108887 0.744141 0.110352 0.070312 0.0 0.0 0.21224936756656737 0.0 0.20898059649500328 0.0 0.2879383880873527 0.0 0.2651814398054797 0.0 0.6817446554068509 0.0 0.6829403382024775
0 0.436523 0.792480 0.119141 0.075195 0.0 0.0 0.18502773915529633 0.0 0.1547420620662599 0.0 0.25215190325016545 0.0 0.2415983270896412 0.0 0.7095093364374573 0.0 0.6766266631156991
0 0.149902 0.877441 0.120117 0.081055 0.0 0.02748626442843624 0.16154266874293816 0.0275428117895481 0.1851242557828665 0.31233669060890834 0.3267521037380628 0.3024125807011641 0.328777663733257 0.6666970175829402 0.6857593077917504 0.7214394861966974 0.6687344554207401
0 0.237305 0.982422 0.058594 0.035156 0.0 0.3320716640611555 0.0 0.0 0.0 0.296183909419017 0.0 0.0 0.0 0.6788844276829571 0.0 0.0 0.0
0 0.486816 0.865234 0.083008 0.080078 0.0 0.018099037057933785 0.11940711542427383 0.024243444515687496 0.09608402385882307 0.2526723772461487 0.25551213331765127 0.2426282005251116 0.24741293837394895 0.7084892755124511 0.6892710874990079 0.6773883329266817 0.6805556974346327
0 0.397949 0.660645 0.116211 0.075195 0.0 0.0 0.20346555041424022 0.0 0.12921951725230732 0.0 0.24967254399617053 0.0 0.23951187532860468 0.0 0.6556292848196994 0.0 0.6806214130882672
0 0.091309 0.680176 0.116211 0.075195 0.0 0.0 0.1744907937739544 0.0 0.21971055107806242 0.0 0.26296078047294436 0.0 0.26860089275019006 0.0 0.6883599782092236 0.0 0.6377150754141364
0 0.031250 0.215332 0.060547 0.079102 0.08605764775042982 0.2439343144729289 0.0 0.10136821028645991 0.0 0.33055749169202225 0.0 0.3301917084116969 0.0 0.12594980262816904 0.0 0.11713789225189292 0.0
0 0.059570 0.560059 0.107422 0.077148 0.0 0.0 0.12243479323568006 0.0 0.23373817587848658 0.0 0.33969746117365424 0.0 0.23211827332871218 0.0 0.6958807564225677 0.0 0.6895864317406611
0 0.213867 0.325684 0.076172 0.096680 0.0 0.21472846331057913 0.0 0.08659619539045478 0.0 0.31357466985128485 0.0 0.28187342521460684 0.0 0.11953617910653623 0.0 0.12328551785084901 0.0
0 0.953125 0.969727 0.093750 0.058594 0.0 0.24374965291201783 0.0 0.0710322735752154 0.0 0.2081844791824526 0.0 0.19294533888778664 0.0 0.6745319275798618 0.0 0.6798184383423814 0.0
0 0.653809 0.894531 0.129883 0.117188 0.0 0.05896310116053875 0.05589001029766653 0.11146194490637186 0.1268795635862763 0.3107868137169888 0.3241063619211638 0.336626035345031 0.3209470321425339 0.68142313310646 0.656752376619474 0.6979626081995478 0.7014703378567588
0 0.071289 0.621094 0.111328 0.062500 0.0 0.0 0.19563024644914198 0.0 0.22242600100192253 0.0 0.26777651431438015 0.0 0.2672124271605908 0.0 0.6835416592047334 0.0 0.6809946449809132
0 0.709473 0.662109 0.081055 0.072266 0.06449239445057925 0.2500675246962034 0.0 0.12099253209185028 0.0 0.34777883682205046 0.0 0.3365620290589378 0.0 0.09798040564993914 0.0 0.08866280498118088 0.0
0 0.153809 0.294922 0.075195 0.093750 0.0 0.29876315596274344 0.0 0.0659909326040749 0.0 0.3710442469427415 0.0 0.3216790891954059 0.0 0.11864741971353601 0.0 0.13437152200170568 0.0
0 0.259766 0.375000 0.091797 0.089844 0.0 0.2653613116622373 0.0 0.20013971569464079 0.0 0.2593547688103186 0.0 0.3054056696943522 0.0 0.009950195551146774 0.0 0.17686850367158072 0.0
0 0.094727 0.250000 0.074219 0.087891 0.0 0.26389266246128995 0.0 0.06921317014831535 0.0 0.4061964629860316 0.0 0.346958230706337 0.0 0.1327004580398465 0.0 0.12144519762890534 0.0
0 0.534668 0.537109 0.102539 0.099609 0.0 0.13174345350988229 0.07521664481257574 0.04241117629665542 0.10146329247998423 0.36212762885737526 0.38805000590252614 0.3824960665389921 0.3705679397248491 0.33344105326647655 0.5674439554428193 0.13062933724644665 0.6686186457688131
0 0.538574 0.615234 0.061523 0.056641 0.0 0.0 0.12070598716234937 0.0 0.17895827672107492 0.0 0.3627828057755554 0.0 0.35682962635751164 0.0 0.6977372896990668 0.0 0.6845848959726349
0 0.763672 0.876465 0.095703 0.086914 0.0 0.13804157551312582 0.025213985727625184 0.14643929323941524 0.022575119732194154 0.36264174036540486 0.36498909800054896 0.4057870873576539 0.37637269580810556 0.6815451012874708 0.7038048762791488 0.6844062005168882 0.6559554750476094
0 0.871094 0.795898 0.105469 0.085938 0.0 0.0 0.11905763519493615 0.03234347250097845 0.10925951143870873 0.0 0.36972343465744534 0.35019163091582667 0.36891964038679215 0.0 0.9712987242204755 0.9696259451197086 0.9889279559956388
0 0.153809 0.942871 0.090820 0.055664 0.0 0.0 0.07148355850805962 0.0 0.18521418854962804 0.0 0.3424592040046768 0.0 0.3441649733264048 0.0 0.6914110616569638 0.0 0.6918466013162108
0 0.327637 0.441406 0.094727 0.121094 0.0 0.11396570517639201 0.15933908100897 0.07075996104558963 0.12770005981411886 0.2700499617925727 0.3019708315366679 0.23842978983399427 0.2293929988426529 0.05393835929881677 0.7093556002628889 0.15247857272440002 0.694293326858891
0 0.858398 0.869141 0.101562 0.060547 0.0 0.11221963416520302 0.04984147763214217 0.17071309970456255 0.0 0.37533149662616955 0.3561205732409585 0.36439944395666807 0.0 0.6743595032488143 0.6779260104783829 0.6859642425575588 0.0
0 0.352539 0.523926 0.119141 0.081055 0.0 0.0 0.17671273431523524 0.0 0.15282345964039964 0.0 0.2727394777259486 0.0 0.257150311684094 0.0 0.6862530545777517 0.0 0.6915478943765089
0 0.626953 0.603516 0.091797 0.095703 0.0 0.19938341381456529 0.020118337519890103 0.08726666583162372 0.024041100945623388 0.34344144911373803 0.43754416921519995 0.40396405883583825 0.4374506199111866 0.1280973658852026 0.1261773339364816 0.12221940121240082 0.12449507605348219
0 0.869141 0.979980 0.076172 0.040039 0.0 0.2118428058381796 0.0 0.06341630963416962 0.0 0.31041542448770537 0.0 0.3026983556682256 0.0 0.6693253502665518 0.0 0.7043323667285109 0.0
0 0.946777 0.519043 0.106445 0.145508 0.03144168104556909 0.0 0.0 0.0 0.22550985205811835 0.0 0.0 0.0 0.0667126893065753 0.0 0.0 0.0 0.03153938887122144
0 0.164062 0.982422 0.074219 0.035156 0.0 0.0 0.08836432357712627 0.0 0.10755593537074797 0.0 0.39825665006786326 0.0 0.39691590140827054 0.0 0.6773224873742214 0.0 0.6815905410405012
0 0.811035 0.734863 0.069336 0.071289 0.0 0.12914317551157609 0.0 0.08281671921051664 0.0 0.3688759137530552 0.0 0.34534804142997755 0.0 0.005460863991678938 0.0 0.036878008916870104 0.0
0 0.425293 0.975098 0.061523 0.049805 0.0 0.11229159201465183 0.0 0.16402669203785739 0.0 0.29710061188695824 0.0 0.2897749539757497 0.0 0.6630682139679032 0.0 0.6791324596767399 0.0
0 0.012207 0.940430 0.022461 0.072266 0.0 0.0 0.08674566974623821 0.0 0.0 0.0 0.2745382413233586 0.0 0.0 0.0 0.6872294490923526 0.0 0.0
0 0.299316 0.965332 0.065430 0.069336 0.0 0.4118091176707861 0.0 0.05256487169412405 0.0 0.2577476535564516 0.0 0.27010194598990994 0.0 0.6542362481341412 0.0 0.6792771079051622 0.0
0 0.362793 0.965332 0.065430 0.069336 0.0 0.20544648270504878 0.0 0.17326085726982224 0.0 0.28911914942596173 0.0 0.27825449079215697 0.0 0.6748707808536852 0.0 0.6734678043430942 0.0
0 0.334473 0.073730 0.061523 0.094727 0.1552379739409703 0.023923061822386404 0.0 0.0 0.0 0.1709462811391107 0.0 0.0 0.0 0.10832852169746232 0.0 0.0 0.0
0 0.271973 0.047852 0.061523 0.093750 0.19921455067342794 0.0 0.0 0.0 0.0 0.0 0.0 0.0 0.0 0.0 0.0 0.0 0.0
