0 0.756836 0.501953 0.117188 0.188802 0.017784572303186058 0.0 0.09456547780743682 0.0 0.17241795749492655 0.0 0.30980329249180155 0.0 0.29862279199329006 0.0 0.7048463900411709 0.0 0.7103575660034886
0 0.799805 0.671875 0.125000 0.218750 0.013404594934336387 0.0 0.10161169967216553 0.0 0.1673851769638752 0.0 0.30949291173294996 0.0 0.3041032063963781 0.0 0.7107287784099641 0.0 0.7091647736297505
0 0.152832 0.458333 0.112305 0.195312 0.0 0.01710163469729118 0.08911843982742464 0.04286275586745632 0.0813858410762803 0.2671260980260734 0.29078138994475494 0.288938657455164 0.29222745464291233 0.7451179863204231 0.7176716401685947 0.7179755178136298 0.7173001733781421
0 0.448242 0.497396 0.119141 0.200521 0.013762201774780752 0.0 0.16157804749674165 0.0 0.12035147143150701 0.0 0.07333188850730596 0.0 0.07059698190836665 0.0 0.7140308268042673 0.0 0.7085205147422446
0 0.713867 0.341146 0.123047 0.192708 0.0 0.0 0.11568036672789243 0.0 0.10602727979822735 0.0 0.29108658359121803 0.0 0.31137867427817345 0.0 0.7156955317138998 0.0 0.7121214866340634
0 0.198242 0.685547 0.126953 0.196615 0.0 0.025877275778886998 0.05707481597535699 0.026710294034846694 0.06388511836715954 0.28438116760032084 0.2929570307873298 0.29375476259127437 0.2881924333848513 0.7170147365581268 0.7158893097825907 0.705813776893314 0.7073601965431767
0 0.050293 0.691406 0.098633 0.143229 0.0 0.02000492608632915 0.07081177372037092 0.0 0.089548858279798 0.2606613175185705 0.34303983064917654 0.0 0.31733329920169195 0.7629277383613553 0.7733473430678091 0.0 0.7633698516793277
0 0.494141 0.690104 0.136719 0.276042 0.0 0.0 0.14221894685309316 0.0 0.1408706687355823 0.0 0.07807063893671981 0.0 0.07675844567388758 0.0 0.7218134668812907 0.0 0.6897789121107365
0 0.401367 0.313802 0.144531 0.273438 0.02229820261917273 0.0 0.12062619357083841 0.0 0.10592041202904065 0.0 0.08385313755665799 0.0 0.0886471628548897 0.0 0.7159424228955457 0.0 0.7195360728278665
0 0.268555 0.900391 0.093750 0.180990 0.0 0.02828203674879097 0.1097138174769862 0.027249148430102073 0.09421271769824674 0.27384323353042583 0.2806278219868436 0.2822751617994086 0.29038856014605813 0.7123378594367809 0.7130631787263534 0.71883794303283 0.7079584104403447
0 0.060059 0.199870 0.118164 0.100260 0.0 0.015455128207753875 0.03964296132195749 0.10276388786698169 0.025440600679250053 0.2548812191356599 0.29327784209312646 0.24332030013800324 0.26307579987318674 0.7134123240842146 0.7179155348402073 0.7310583363528963 0.7714186087108226
0 0.673340 0.180990 0.120117 0.174479 0.02693848931357323 0.0 0.10302614873659557 0.0 0.12449754341125162 0.0 0.2924426963252119 0.0 0.2997309263653295 0.0 0.7076102590047669 0.0 0.714897427291133
0 0.098633 0.841146 0.085938 0.078125 0.07414305565311297 0.0 0.13702171209617617 0.0 0.06623721589273646 0.0 0.2867451793575603 0.0 0.3034251875384406 0.0 0.7846968746491084 0.0 0.7719633542426265
0 0.545898 0.892578 0.132812 0.178385 0.0 0.0 0.13245012802693168 0.0 0.08332327246377523 0.0 0.07421032240695448 0.0 0.08329509580334515 0.0 0.7060645050890787 0.0 0.7081354143831439
0 0.080566 0.785807 0.083008 0.084635 0.052914248382761965 0.0 0.07202251414980539 0.0 0.1634407373716029 0.0 0.3403349162698504 0.0 0.32864100674893704 0.0 0.7220846232921785 0.0 0.7184148229317079
0 0.849609 0.847656 0.121094 0.171875 0.04601704233990796 0.0 0.16690752487931482 0.0 0.12559170257487012 0.0 0.285637530213489 0.0 0.3077292244797607 0.0 0.711006456985281 0.0 0.7122556619021537
0 0.019531 0.534505 0.037109 0.152344 0.0 0.0 0.12102666177690692 0.04172970867102377 0.0 0.0 0.25727685226974484 0.27219906618965073 0.0 0.0 0.7690190861012335 0.7492120978358401 0.0
0 0.055176 0.100911 0.108398 0.102865 0.0 0.07000125155607378 0.08905086202022003 0.0 0.1412041140891938 0.2584288423326787 0.2729190875336268 0.0 0.16831989975164163 0.7225410236919184 0.7213006524838566 0.0 0.7047933149283625
0 0.133789 0.931641 0.111328 0.128906 0.0 0.0 0.12575767577970362 0.036537734922205696 0.10832985652002154 0.0 0.2821459462881363 0.31297408794540044 0.28864066325232124 0.0 0.8167468917758721 0.7745105872846314 0.762824964009728
0 0.640625 0.057943 0.119141 0.113281 0.0 0.0 0.1253574656987607 0.0 0.1442685915935222 0.0 0.287038689807724 0.0 0.28534933180390787 0.0 0.7377981396231238 0.0 0.6881013809213206
0 0.884766 0.961589 0.109375 0.076823 0.0 0.0 0.052496156974234966 0.13247291358850127 0.1262032592461962 0.0 0.3020181732648163 0.2868683153010183 0.2721131256935557 0.0 0.7285741778492462 0.7043740308824479 0.7014272317739969
