0 0.394531 0.386719 0.078125 0.072266 0.0 0.04873636240770843 0.08132806847848091 0.044281277022396495 0.21438289075845263 0.2630674845300139 0.26160012918207154 0.33074708599700214 0.24823587907627315 0.7883102812478051 0.7699476518200775 0.7867614422529389 0.7702155640406958
0 0.098633 0.529785 0.066406 0.069336 0.0 0.0 0.23224591672611297 0.0 0.21032323694948757 0.0 0.3903337708419423 0.0 0.34723723550701285 0.0 0.7611706105897104 0.0 0.7698616291440228
0 0.036621 0.393066 0.071289 0.088867 0.0 0.10020690266067171 0.10097911718984164 0.10246799560329903 0.07629854720067972 0.32526915867354583 0.3127874658065016 0.322831480527209 0.30422666275387067 0.8685766912080347 0.9002129233056416 0.8726210561789963 0.8716461706294236
0 0.613770 0.289062 0.092773 0.080078 0.0 0.0 0.19601544787132 0.0 0.08974475209864265 0.0 0.3337742186815232 0.0 0.2633346800226993 0.0 0.7799520232199241 0.0 0.7816564551487454
0 0.646973 0.369141 0.098633 0.095703 0.0 0.0 0.10244931643139321 0.16762125387785234 0.04957971571557244 0.0 0.2995386380874915 0.2534999775105183 0.29281666990842325 0.0 0.7557101589395007 0.7572793860465235 0.7902596096453121
0 0.137207 0.594238 0.098633 0.075195 0.0 0.02772377045226745 0.039136154255299586 0.14854612759842437 0.22641253245130757 0.33944499448625093 0.14916276717806698 0.3415013648345641 0.3302911947750642 0.8019903912454328 0.6339513268679499 0.762365827921432 0.8293263185320247
0 0.650879 0.055664 0.133789 0.109375 0.056682886434202495 0.0 0.14651270464498595 0.05235916648050322 0.08048849477918381 0.0 0.21835816873703268 0.2862156577376769 0.28264164391480073 0.0 0.2175677744573368 0.38036319385138406 0.7720398398180282
0 0.773926 0.643066 0.102539 0.098633 0.0 0.0 0.1295663422368924 0.0 0.15443229901509847 0.0 0.2668449506688852 0.0 0.25201673773814115 0.0 0.7790418005530488 0.0 0.775028136014202
0 0.281250 0.458008 0.099609 0.076172 0.0 0.0 0.1450728065521975 0.0 0.14335685492239192 0.0 0.07137112203964488 0.0 0.07756680759534425 0.0 0.772840557969108 0.0 0.7763377109510656
0 0.121094 0.854980 0.113281 0.073242 0.0 0.025131152464197844 0.18081938313751333 0.018833555675266393 0.11089913673599452 0.21659270165841393 0.2500421089443628 0.2753424419998773 0.2578809900471892 0.7919359683351859 0.7749859773056522 0.768363568813602 0.7825902117830572
0 0.578125 0.218262 0.103516 0.073242 0.0 0.020384068807134184 0.11583874224033072 0.01379015630661802 0.06900808633812651 0.270770372225574 0.29600984632652494 0.2787295766369665 0.11555347726826072 0.7826579202546657 0.7618021683034965 0.7549291938441128 0.805716808370127
0 0.261230 0.859863 0.086914 0.073242 0.0 0.012061678362509405 0.1613476927496893 0.02054648270890222 0.19053068505735474 0.37954817044458605 0.4098143748641757 0.36159060942968646 0.21247825735193288 0.7793272164514042 0.7902866066021084 0.8052278452569485 0.7782580565817101
0 0.719238 0.567383 0.098633 0.089844 0.0 0.0 0.21296159917390883 0.0 0.17126759946302322 0.0 0.30146764834037215 0.0 0.2904881271767335 0.0 0.7726490849993753 0.0 0.7683781120562959
0 0.819336 0.731445 0.101562 0.109375 0.0 0.0 0.18196623302964526 0.0 0.17542923534209243 0.0 0.3519881054171501 0.0 0.32418706308250533 0.0 0.7219252732834541 0.0 0.7810849733951065
0 0.555664 0.760742 0.078125 0.078125 0.0 0.03582020563278037 0.1563739758975598 0.02336683301849375 0.14098760559593831 0.27588384779288927 0.233898485277606 0.3010027786171149 0.3636351781410112 0.769322583028142 0.7509812015766515 0.7591771920529071 0.6937586725499557
0 0.587402 0.397949 0.045898 0.073242 0.20987382980653496 0.0 0.0 0.26078835168895836 0.0 0.0 0.0 0.30726607042015674 0.0 0.0 0.0 0.7746370216752679 0.0
0 0.477051 0.239258 0.084961 0.076172 0.44271354195595697 0.0 0.0 0.0 0.0 0.0 0.0 0.0 0.0 0.0 0.0 0.0 0.0
0 0.214355 0.705566 0.135742 0.145508 0.002482320581121611 0.07582074588490266 0.0682418878374152 0.03430084341467867 0.1295456251125706 0.31026048321453703 0.2271262673769755 0.3001845857009358 0.2700948482951391 0.740468819697262 0.7662413420018007 0.7472816587034218 0.7781077924199701
0 0.243164 0.110352 0.078125 0.078125 0.0 0.0 0.14598256209755633 0.10460545629684408 0.0 0.0 0.23723311471194888 0.22080145331708417 0.0 0.0 0.8060172193082435 0.02946482515570147 0.0
0 0.617676 0.825684 0.116211 0.122070 0.0 0.06881066532099124 0.10907707547919095 0.04097287454943907 0.05744204271040785 0.2131530767663744 0.17895873635082096 0.15546184813098812 0.20536125299727956 0.7535444450183291 0.7974982808100142 0.7805903456284207 0.7623236805940151
0 0.853516 0.818848 0.083984 0.086914 0.0 0.0 0.11686427101240454 0.03095460586948726 0.11023959659582958 0.0 0.27352157302153685 0.32224733712164255 0.2913515485269816 0.0 0.7607190402218341 0.9024273566435107 0.766649011722412
0 0.203613 0.572754 0.067383 0.065430 0.0 0.2206516639679449 0.0 0.13414814555706822 0.0 0.23641626565038984 0.0 0.3056817970263558 0.0 0.7657724024795508 0.0 0.7665084135440358 0.0
0 0.466797 0.551758 0.070312 0.042969 0.0 0.22404913103207347 0.0 0.09915411663199274 0.04820025653204546 0.2887108705185261 0.0 0.30856518114216147 0.30663915675083214 0.7581043008803592 0.0 0.7615266253454099 0.780557250038318
0 0.317871 0.524902 0.114258 0.073242 0.017448739889649695 0.0 0.14942754255019156 0.0 0.12886004927924893 0.0 0.276009245773877 0.0 0.21741213425036376 0.0 0.7626434270477376 0.0 0.7642832415832235
0 0.758301 0.312012 0.088867 0.083008 0.0 0.0 0.23264653284289136 0.0 0.1549954168289226 0.0 0.2729773204903674 0.0 0.25282222918225583 0.0 0.7701209473963382 0.0 0.7679264088791857
0 0.781250 0.099609 0.093750 0.089844 0.0 0.0 0.10781708713407365 0.0 0.11668952431336538 0.0 0.3560893959948052 0.0 0.3667778751782865 0.0 0.17732490197215864 0.0 0.17960605108253655
0 0.516602 0.639648 0.101562 0.074219 0.0 0.025111731053642977 0.08298240404127635 0.023104323157508284 0.07613918522336008 0.2596892790580601 0.2327620069607773 0.2656107382066172 0.23845014973911458 0.7778367173925259 0.7487137514224734 0.7652070348341756 0.749022571843817
0 0.291016 0.912109 0.087891 0.074219 0.0 0.0 0.13890768375713508 0.0 0.1190093933137314 0.0 0.17196793955589215 0.0 0.3435931456638129 0.0 0.7762529773966894 0.0 0.7814922270447021
0 0.201172 0.065430 0.056641 0.056641 0.0 0.18542388068188287 0.08250846659442372 0.0 0.0 0.3162359891695833 0.2643995147895567 0.0 0.0 0.9958229636633907 0.03355598451409239 0.0 0.0
0 0.180176 0.028809 0.100586 0.055664 0.0 0.0 0.17103170896963008 0.08997498568350504 0.12489967662572439 0.0 0.27020424395028125 0.31028378604717105 0.30089943965883187 0.0 0.012503178598876098 0.009704328976946877 0.018859370350065144
0 0.721191 0.238281 0.088867 0.074219 0.0 0.0 0.10673647043398653 0.0 0.15159928622912747 0.0 0.2569803356523536 0.0 0.2269171146760498 0.0 0.678074235472009 0.0 0.5421674752660689
0 0.298340 0.171875 0.088867 0.097656 0.0 0.08243669813998115 0.036410907045013576 0.040779721303660976 0.0536594483457528 0.26883561245314014 0.31644278792727304 0.24039524585093797 0.31984919996094163 0.761078444841622 0.768121845890014 0.7754326813977284 0.76827468224432
0 0.432129 0.457520 0.092773 0.079102 0.0 0.034342965355688336 0.08444973890495297 0.1181713633046358 0.14556434199848334 0.35847435473434286 0.16598818213164782 0.32207653509879186 0.2820621017182058 0.8344453252335916 0.7442767637783578 0.7727520412463258 0.7690573364237584
0 0.039062 0.957520 0.076172 0.083008 0.0 0.12410047982111352 0.0 0.15809466081541237 0.09696929526140642 0.2823304458790071 0.0 0.2834579846076171 0.26671504609806457 0.7925943276772186 0.0 0.7806352179133822 0.7556841295928365
0 0.978516 0.150391 0.042969 0.082031 0.0 0.0517503842500665 0.0 0.0 0.13819390941807566 0.09980133693037863 0.0 0.0 0.2594602028291687 0.9994874360440933 0.0 0.0 0.19802529787543036
0 0.394043 0.666992 0.084961 0.072266 0.03324623389775826 0.0 0.27693838924064496 0.0 0.06179447355812345 0.0 0.295053121313307 0.0 0.21860124026839048 0.0 0.7607897706252391 0.0 0.7701635037736814
0 0.368164 0.605469 0.074219 0.054688 0.0 0.16114278150450068 0.05895268547885053 0.12305827352269656 0.0 0.21375655750570768 0.2528144785911326 0.14432584666998607 0.0 0.7634579549337966 0.7688680630295855 0.7922850162347281 0.0
0 0.349609 0.300293 0.070312 0.051758 0.0 0.0 0.1598702039807343 0.0 0.19635757999254574 0.0 0.3525984775560417 0.0 0.25112428844744117 0.0 0.7645801082141468 0.0 0.7713888594424377
0 0.823730 0.038574 0.102539 0.071289 0.0 0.0 0.10376732482392466 0.0 0.1987330892569278 0.0 0.1850837036075855 0.0 0.2729441893749641 0.0 0.1813972884282925 0.0 0.18031274798866043
0 0.547363 0.146973 0.086914 0.081055 0.0 0.0 0.13912741846249888 0.0 0.11965308214010943 0.0 0.34291824583505565 0.0 0.3322296935983838 0.0 0.771537832194162 0.0 0.7866461360104122
0 0.736816 0.170410 0.100586 0.079102 0.0 0.0 0.08161528745372336 0.0 0.07798941726684912 0.0 0.15534070519658988 0.0 0.34010067065589217 0.0 0.16623214352312252 0.0 0.18091440172432463
0 0.087891 0.485352 0.076172 0.044922 0.0 0.0 0.20172389854683395 0.0 0.06729426870229989 0.0 0.13628671160189854 0.0 0.3931088007664705 0.0 0.7896528788836176 0.0 0.7720453221859218
0 0.158691 0.167480 0.092773 0.081055 0.0 0.0 0.29344881043136734 0.026003312593599996 0.109564236997345 0.0 0.40529485266659276 0.3069209404441515 0.28454300637387875 0.0 0.9820152834529766 0.9503361311757418 0.7199693187331239
0 0.072266 0.739258 0.093750 0.080078 0.0 0.0 0.2043980946117337 0.0 0.11540026958135301 0.0 0.10839113794993133 0.0 0.1069102307039019 0.0 0.7581477206450444 0.0 0.7918282675786654
0 0.417969 0.727539 0.074219 0.048828 0.0 0.0 0.22358179686426424 0.0 0.17057964907679904 0.0 0.2929820313646219 0.0 0.1691993843738038 0.0 0.7617794460632262 0.0 0.614733006676859
0 0.788086 0.385742 0.080078 0.076172 0.0 0.0 0.1944102440894299 0.0 0.19201910091719293 0.0 0.25232937360571817 0.0 0.2525223428890603 0.0 0.7683760996818677 0.0 0.7712689516770085
0 0.941406 0.279785 0.099609 0.083008 0.0 0.03440890984213873 0.09056787855598676 0.035204775971117555 0.16353960673964857 0.23103494813928988 0.3877752782470551 0.24940326664635903 0.2119396881709023 0.1988849152646553 0.18423088726921089 0.1872835880183158 0.18672993838685967
0 0.107910 0.794434 0.081055 0.069336 0.0 0.0 0.19957217808092212 0.0 0.06276615376764515 0.0 0.18381115714713545 0.0 0.16919750630152608 0.0 0.7651280980858066 0.0 0.8010479693303378
0 0.628906 0.587402 0.078125 0.063477 0.12286961346601022 0.06134355196852329 0.0 0.0 0.0 0.08666042791976693 0.0 0.0 0.0 0.918558649516354 0.0 0.0 0.0
0 0.477539 0.845215 0.076172 0.063477 0.0 0.0 0.19098861760187458 0.0 0.12810428064486826 0.0 0.26799322667053427 0.0 0.2534716947704397 0.0 0.7727456183396447 0.0 0.7809952928370882
0 0.622559 0.494629 0.055664 0.049805 0.0 0.1530456084725085 0.0 0.2437337030705431 0.0 0.2644459613666401 0.0 0.24468490137944546 0.0 0.7784163727800878 0.0 0.7735992882673707 0.0
0 0.981934 0.405762 0.036133 0.108398 0.0 0.0 0.0 0.054606323757056464 0.04657701806289726 0.0 0.0 0.25363802096126364 0.41946830015651937 0.0 0.0 0.24406064141356232 0.19056152272925525
0 0.033691 0.023926 0.065430 0.045898 0.0 0.0 0.06869964878643345 0.04743409929475993 0.0 0.0 0.30130968259098956 0.30405813660564784 0.0 0.0 0.015094746412364501 0.9918725922108529 0.0
0 0.019043 0.257324 0.036133 0.063477 0.0 0.18745459734548367 0.0 0.08578946499675141 0.09737252968216245 0.29736995501690944 0.0 0.32596407624142376 0.3242310613793924 0.0073012205180435314 0.0 0.9687171505051431 0.9976417595567597
0 0.528809 0.527344 0.051758 0.046875 0.0 0.14188609284178758 0.0 0.10461572451557807 0.0 0.29353832576049277 0.0 0.29641751491540536 0.0 0.7638770249848723 0.0 0.7694761307384061 0.0
0 0.769531 0.883301 0.109375 0.104492 0.0 0.1031186671617057 0.0 0.10757560650066714 0.0 0.4081746703445854 0.0 0.3248103169916473 0.0 0.9472044628953875 0.0 0.9382562522996744 0.0
0 0.958984 0.695312 0.082031 0.093750 0.0 0.0 0.1096571386120047 0.04118048942504722 0.18020444190788568 0.0 0.29943650650852316 0.35621137380269263 0.2893270076902572 0.0 0.02528500488416133 0.23378059958476707 0.036505998871691585
0 0.014160 0.327637 0.026367 0.061523 0.0 0.0 0.21462819726956425 0.12802136928592786 0.0 0.0 0.315984049452867 0.3338730840795147 0.0 0.0 0.9193106255164373 0.8986741297490931 0.0
0 0.307129 0.633789 0.057617 0.066406 0.0 0.10751922622002358 0.0 0.12303758967865631 0.0 0.22856035220864243 0.0 0.1405289443505067 0.0 0.7880288397914073 0.0 0.7687198770153044 0.0
0 0.507324 0.901855 0.102539 0.079102 0.0 0.0 0.22612264945647928 0.0 0.14593476198049854 0.0 0.25166844627158214 0.0 0.18103805831510125 0.0 0.7637045728262897 0.0 0.8129812985465067
0 0.526367 0.701660 0.076172 0.065430 0.0 0.03003093574972262 0.13555574098011822 0.01604697393900452 0.09837890337068494 0.3780375584370381 0.3191593200087055 0.4492740386370843 0.27480761505729634 0.7420477645317702 0.7488534079227157 0.7800151126277355 0.9068705948101432
0 0.522949 0.968262 0.094727 0.045898 0.03856039399615249 0.02001579323140991 0.015426862652623732 0.03337090126609553 0.14460245173383507 0.3180942479944994 0.30001179014938256 0.3184857356033068 0.2613221049074562 0.7881704900427922 0.8170459976233752 0.7407506318190561 0.7720789459593019
0 0.457520 0.800781 0.079102 0.048828 0.0 0.022710466115465334 0.17409795114504636 0.0 0.049333177055605214 0.32138115150966395 0.2603232057915505 0.0 0.2502934020607196 0.8274683628874143 0.7808836938719766 0.0 0.7867414550948291
0 0.255371 0.362305 0.086914 0.060547 0.0 0.0 0.13705674541434662 0.0 0.15831320077447625 0.0 0.29908910162205715 0.0 0.25970267798654595 0.0 0.7796216646408353 0.0 0.79477041835517
0 0.234375 0.805176 0.091797 0.065430 0.0 0.0 0.09978564973771975 0.0 0.08906291293893817 0.0 0.2854022132891171 0.0 0.2783301218945163 0.0 0.7477146066878497 0.0 0.7303061884555742
0 0.658203 0.937012 0.128906 0.118164 0.0 0.16514840640971876 0.0 0.112026025523211 0.06248847300745303 0.22901624283478822 0.0 0.2794988196270654 0.30187227727170796 0.9458950397405052 0.0 0.9454902194861208 0.7711617935980302
0 0.162109 0.943848 0.130859 0.112305 0.0 0.0 0.1879082212437586 0.0 0.1600598329206814 0.0 0.24498050548964861 0.0 0.2681708336850602 0.0 0.7709891525517204 0.0 0.7796568938797156
0 0.700684 0.476074 0.106445 0.096680 0.0 0.04897008554385757 0.12571679908269828 0.0 0.059831094289800435 0.1700054317151255 0.25361715166225907 0.0 0.22824407737055605 0.759831048950733 0.7593286833087936 0.0 0.7609936150896411
0 0.823730 0.474121 0.088867 0.127930 0.0 0.0 0.10944873053450416 0.0 0.07360724034649746 0.0 0.2479251233149632 0.0 0.18504677074787457 0.0 0.7883538699545588 0.0 0.7659120262129129
0 0.251465 0.546387 0.051758 0.055664 0.1416059769911398 0.0 0.0 0.12370589196013013 0.0 0.0 0.0 0.09213493193094671 0.0 0.0 0.0 0.7894923795560822 0.0
0 0.877441 0.429199 0.065430 0.098633 0.0 0.0 0.15467346155353773 0.0 0.04909650235626214 0.0 0.41884059894761144 0.0 0.27174692958959995 0.0 0.45923250117695874 0.0 0.7875985679446751
0 0.964355 0.225098 0.071289 0.077148 0.0 0.0 0.06456141633026305 0.0 0.24459451684907432 0.0 0.22216221863482247 0.0 0.17810667416181283 0.0 0.17464742987201842 0.0 0.18386505348499327
0 0.508301 0.043457 0.069336 0.059570 0.0 0.0 0.2136410407230018 0.0 0.08516840124483321 0.0 0.3184680149954251 0.0 0.31450774061212583 0.0 0.7700436144767355 0.0 0.7640019339640781
0 0.259277 0.402344 0.086914 0.048828 0.0 0.0 0.19648448400355936 0.0 0.10214702757631079 0.0 0.22419141536066092 0.0 0.2405433780852087 0.0 0.7799696248629419 0.0 0.7431650696583443
0 0.437988 0.759277 0.083008 0.041992 0.0 0.0 0.17173322610263012 0.0 0.07870568620809666 0.0 0.26994806187490966 0.0 0.2527907348736769 0.0 0.7748235136671443 0.0 0.8062641089084859
0 0.490234 0.008301 0.080078 0.014648 0.0 0.0 0.26542356780535215 0.0 0.3438059302976096 0.0 0.36537751457072176 0.0 0.3133935143360278 0.0 0.8064721817692785 0.0 0.7834386791761742
0 0.201172 0.271973 0.117188 0.122070 0.00835639742784549 0.05929043717984722 0.06501362921990818 0.07355894420844292 0.09346988281926875 0.49673131387065533 0.33804814008476153 0.2908531803932085 0.20986921524103128 0.9956746726674106 0.7577237769761902 0.7852016842562582 0.5950049390049169
0 0.920898 0.366211 0.074219 0.103516 0.0 0.009477737035324224 0.1341360609412165 0.010644138539975818 0.0867231267619528 0.2811438171688196 0.28819197811011066 0.29293418373051056 0.21161642493588476 0.20525467373524237 0.18603403475306066 0.15739472365598506 0.21539092996404874
0 0.332031 0.259766 0.072266 0.039062 0.0 0.0 0.12001390718065817 0.0 0.16486024287274348 0.0 0.10358583825417761 0.0 0.16249389335339404 0.0 0.7467749434127853 0.0 0.7865595646312954
0 0.314453 0.962891 0.089844 0.062500 0.0 0.0 0.03366160659761228 0.0 0.08485121423771354 0.0 0.22419115100587084 0.0 0.33755494831319044 0.0 0.7143968300800414 0.0 0.8098349318065683
0 0.017090 0.558105 0.032227 0.077148 0.0 0.07170844747085858 0.15597715165602902 0.04579655405427659 0.0 0.26128324049107204 0.32611150868585825 0.15632869257191206 0.0 0.7761069041455162 0.7835035647101165 0.796737085317724 0.0
0 0.047363 0.680176 0.071289 0.081055 0.06834964788486395 0.02318707526694154 0.253022923397359 0.0 0.10998926512575061 0.27981796622067134 0.3052705628800202 0.0 0.2910571152784728 0.043156602129988564 0.782682575971881 0.0 0.7545776157197424
0 0.083496 0.111816 0.094727 0.106445 0.0 0.11305825008106288 0.05132026631717444 0.007171773559063058 0.20034750576148427 0.3312176479308796 0.3477330908669478 0.27348558836497316 0.280265010632171 0.005853200951563086 0.46954482673848064 0.10543125157845389 0.37075291040315217
0 0.696777 0.016113 0.069336 0.030273 0.022675837835769024 0.0 0.13701421167721675 0.1691045585731242 0.0261502498295399 0.0 0.30508660398504506 0.30409082519982716 0.281000756549946 0.0 0.17072223399249853 0.169974717851296 0.1602060371099769
0 0.634766 0.639648 0.076172 0.064453 0.25192358961289674 0.0 0.0 0.0 0.06617076553476717 0.0 0.0 0.0 0.1799847321658749 0.0 0.0 0.0 0.7219032282138057
0 0.037598 0.181152 0.073242 0.110352 0.0 0.1093623446070862 0.12168821722139249 0.0 0.0 0.18317988824163997 0.18104280514051124 0.0 0.0 0.9826431270769711 0.003269142295972769 0.0 0.0
0 0.312012 0.059082 0.049805 0.057617 0.0 0.08833160725161934 0.0 0.053614266919516616 0.0 0.2961715606943244 0.0 0.2878834222887035 0.0 0.9788563184191345 0.0 0.9933791801597762 0.0
0 0.576660 0.513184 0.055664 0.049805 0.0 0.3342245999288486 0.0 0.1890536500676078 0.0 0.2137909885130724 0.0 0.22594213507908845 0.0 0.7945181642934389 0.0 0.6469633311598506 0.0
0 0.480469 0.586914 0.070312 0.042969 0.0 0.041049452530421984 0.27002755447904697 0.0372609899722304 0.05251181506431189 0.3057581023732807 0.1589867799913183 0.3437024863217449 0.3041462611617073 0.719083202479104 0.502752807841599 0.8162499491935705 0.7550640276660641
0 0.547363 0.416992 0.051758 0.074219 0.0 0.1496467949302889 0.0 0.1864326057224505 0.0 0.2283434370420497 0.0 0.3051605782845192 0.0 0.7779094209616911 0.0 0.756887409079156 0.0
0 0.514648 0.433594 0.037109 0.072266 0.0 0.10170897810607289 0.0 0.09032333114317444 0.0 0.2617566546211158 0.0 0.41594572827801873 0.0 0.7582894293224192 0.0 0.7655398927197274 0.0
0 0.489258 0.446289 0.035156 0.064453 0.0 0.1501867960943199 0.0 0.1086027036021362 0.0 0.14569233067716852 0.0 0.14861736648986754 0.0 0.7986299381737865 0.0 0.699967799957882 0.0
0 0.524902 0.083496 0.069336 0.059570 0.0 0.0 0.20602381078311383 0.0 0.12194656861469964 0.0 0.34004517422883584 0.0 0.2927767479787863 0.0 0.7444341047749881 0.0 0.7789410754987115
0 0.369141 0.342285 0.066406 0.041992 0.0 0.0 0.17876049561229654 0.0 0.22575200967576423 0.0 0.27631528912302833 0.0 0.217197933430819 0.0 0.7766368909462873 0.0 0.747762020847511
0 0.322266 0.236328 0.072266 0.039062 0.0 0.0 0.13121102718820113 0.0 0.0606108620424376 0.0 0.16011738393030342 0.0 0.33823283498775714 0.0 0.7422426821317901 0.0 0.8237950220614187
0 0.074219 0.459961 0.076172 0.044922 0.0 0.0 0.33253757978688964 0.0 0.23187338160490903 0.0 0.33006767234393325 0.0 0.3245744982268762 0.0 0.7654732882573599 0.0 0.7793830646290022
0 0.030762 0.627930 0.059570 0.050781 0.0 0.0 0.1881373097057664 0.0 0.03715164215751643 0.0 0.30799134748891666 0.0 0.18901699193877125 0.0 0.8076833705773032 0.0 0.716031898962658
