0 0.721680 0.510417 0.085938 0.132812 0.0 0.17728379218531246 0.0 0.18852021729292112 0.0 0.2520284399775417 0.0 0.2570121212308415 0.0 0.6372125328648198 0.0 0.642661753911567 0.0
0 0.640625 0.524740 0.085938 0.122396 0.0 0.21865913588268446 0.0 0.1760996766851653 0.0 0.2858760898423504 0.0 0.28316418195109416 0.0 0.6372209784030287 0.0 0.6507998484166465 0.0
0 0.914551 0.442708 0.168945 0.127604 0.0 0.1443390357922587 0.03521731368702207 0.179288064058221 0.0 0.2953553172966769 0.286142296273967 0.26592145699352665 0.0 0.6431333202923408 0.6397624802729182 0.6489191178831883 0.0
0 0.797852 0.486979 0.089844 0.111979 0.0 0.16068826805532335 0.0 0.24064385959128434 0.0 0.2873832447974281 0.0 0.3257427360961691 0.0 0.6490980486035222 0.0 0.6007895068777764 0.0
0 0.548340 0.537760 0.102539 0.091146 0.0 0.22360954550576598 0.0 0.23306170647960167 0.0 0.29494267438580746 0.0 0.3074544651222462 0.0 0.6604611307617093 0.0 0.6620699641111312 0.0
0 0.178711 0.705078 0.085938 0.079427 0.0 0.16866032627315183 0.0 0.24573911751214936 0.0 0.23974486564329978 0.0 0.24413804488446675 0.0 0.721457148561628 0.0 0.7263046299424976 0.0
0 0.541504 0.363281 0.081055 0.114583 0.0 0.14556235861808164 0.0 0.11085472683357249 0.0 0.2526089567869787 0.0 0.26578775879836447 0.0 0.6588243138726112 0.0 0.6519351017476935 0.0
0 0.628418 0.330078 0.104492 0.113281 0.0 0.1317308082484545 0.0 0.06348440432413713 0.0 0.3164750972975592 0.0 0.3089757650537366 0.0 0.6574763842450512 0.0 0.6522345494585671 0.0
0 0.811523 0.897135 0.087891 0.085938 0.0 0.26686001615825655 0.0 0.0 0.0 0.3079269183461483 0.0 0.0 0.0 0.5762804838897065 0.0 0.0 0.0
0 0.436523 0.406250 0.132812 0.117188 0.0 0.1539587046687995 0.0 0.09751149845166204 0.005929898761094368 0.25476330159475136 0.0 0.27878264531411995 0.2470923246610985 0.7716118347649579 0.0 0.6903842097514554 0.627748463377254
0 0.260742 0.677083 0.083984 0.096354 0.0 0.17308591698943412 0.0 0.2197584174079549 0.0 0.2773468172208633 0.0 0.2976523750020936 0.0 0.7204533384266085 0.0 0.7393996204012271 0.0
0 0.330078 0.640625 0.066406 0.117188 0.0 0.26999998028101563 0.0 0.11454569320404152 0.0 0.2575447003440935 0.0 0.2776936049767963 0.0 0.7306898947176882 0.0 0.7358127086130998 0.0
0 0.329590 0.774740 0.032227 0.083333 0.0 0.12245966504267994 0.0 0.05338240734581835 0.0 0.22780928402278502 0.0 0.1872650704810766 0.0 0.7433632348316561 0.0 0.7156019511860595 0.0
0 0.186035 0.529948 0.067383 0.104167 0.0 0.149167871664795 0.0 0.25818451371962714 0.0 0.2949248430772331 0.0 0.2738543429316628 0.0 0.7331927795935439 0.0 0.7123394733835078 0.0
0 0.262695 0.472656 0.089844 0.143229 0.0 0.08717821831048332 0.06442949379772002 0.08709006143554461 0.03672746754708443 0.23778814454718333 0.36387018318772046 0.3345370738922954 0.38418906218084176 0.7371007102726621 0.7188868067129309 0.7120087404456974 0.7133396942900452
0 0.134766 0.855469 0.101562 0.106771 0.012712085851644432 0.0 0.0 0.0 0.0 0.0 0.0 0.0 0.0 0.0 0.0 0.0 0.0
0 0.723145 0.921224 0.090820 0.100260 0.0 0.08980854039132292 0.0 0.0 0.0 0.22464361022119306 0.0 0.0 0.0 0.5831230304126386 0.0 0.0 0.0
0 0.450684 0.565755 0.104492 0.087240 0.0 0.193194705976402 0.0 0.17865944854835233 0.029563016931787818 0.3060586354770588 0.0 0.3070580997271206 0.29063458656771474 0.6225013678664834 0.0 0.6538909643620223 0.6426915512434078
0 0.894531 0.875000 0.078125 0.085938 0.0 0.2546887688239568 0.0 0.0 0.0 0.30413556039409806 0.0 0.0 0.0 0.5717979897998291 0.0 0.0 0.0
0 0.011719 0.809245 0.021484 0.126302 0.0 0.17073297086425174 0.0 0.3056403197688736 0.0 0.2875100388445678 0.0 0.2822066061111409 0.0 0.7433512440551131 0.0 0.7277236396880628 0.0
0 0.643066 0.937500 0.069336 0.091146 0.0 0.2765128504162311 0.0 0.0 0.0 0.28199942921657467 0.0 0.0 0.0 0.5840363986456487 0.0 0.0 0.0
0 0.011719 0.630859 0.021484 0.084635 0.0 0.1392273245631666 0.1076613516909478 0.11901665330012437 0.0 0.43032814112338535 0.46184821458789194 0.4456031349465747 0.0 0.40534734220048924 0.6856577656460896 0.6580811336358434 0.0
0 0.108887 0.562500 0.096680 0.104167 0.0 0.11206811468122777 0.0 0.15889277477847324 0.053910328519216684 0.27846283725015425 0.0 0.26639297356815583 0.2483633639057601 0.692251411452635 0.0 0.7806397713728289 0.7225578639002562
0 0.878418 0.279948 0.233398 0.158854 0.20335264936653766 0.0 0.0 0.0 0.0 0.0 0.0 0.0 0.0 0.0 0.0 0.0 0.0
0 0.040527 0.969401 0.049805 0.061198 0.0 0.0 0.36791137734521256 0.0 0.0 0.0 0.0888742882147491 0.0 0.0 0.0 0.6855182590322921 0.0 0.0
0 0.084473 0.115234 0.166992 0.227865 0.4593142774870405 0.0 0.0 0.0 0.0 0.0 0.0 0.0 0.0 0.0 0.0 0.0 0.0
0 0.020996 0.457031 0.040039 0.085938 0.0 0.13494658000943005 0.0 0.13078205023253262 0.0 0.25129158481121305 0.0 0.2650198032083307 0.0 0.4472324148117216 0.0 0.2883765024594115 0.0
0 0.398926 0.119792 0.069336 0.083333 0.0 0.4426600988026507 0.0 0.0 0.0 0.15987270819053132 0.0 0.0 0.0 0.8771470607965851 0.0 0.0 0.0
0 0.448730 0.075521 0.069336 0.083333 0.0 0.4844859032822772 0.0 0.0 0.0 0.1612161400046473 0.0 0.0 0.0 0.8944873932794319 0.0 0.0 0.0
0 0.499023 0.029948 0.074219 0.057292 0.0 0.5840043804131613 0.0 0.0 0.0 0.15709605897153373 0.0 0.0 0.0 0.8933245915187327 0.0 0.0 0.0
0 0.728516 0.098958 0.177734 0.187500 0.26222922212497923 0.0 0.0 0.0 0.0 0.0 0.0 0.0 0.0 0.0 0.0 0.0 0.0
0 0.906250 0.048828 0.158203 0.095052 0.20921243408083912 0.0 0.0 0.0 0.0 0.0 0.0 0.0 0.0 0.0 0.0 0.0 0.0
0 0.557129 0.955078 0.096680 0.089844 0.0 0.21240477400309687 0.0 0.0 0.0 0.29257082645613297 0.0 0.0 0.0 0.5583337137799738 0.0 0.0 0.0
0 0.462402 0.963542 0.098633 0.072917 0.0 0.0 0.3859680634172285 0.0 0.0 0.0 0.11436759122316899 0.0 0.0 0.0 0.9702716534967825 0.0 0.0
0 0.968262 0.864583 0.063477 0.091146 0.0 0.21028940309724378 0.0 0.0 0.0 0.2705028745685685 0.0 0.0 0.0 0.6007250403978541 0.0 0.0 0.0
0 0.299316 0.789062 0.032227 0.083333 0.0 0.14237503388143027 0.0 0.04106205626907535 0.0 0.2062761427576137 0.0 0.2343972390125485 0.0 0.8610166911684822 0.0 0.7290046037214034 0.0
0 0.273926 0.798177 0.032227 0.083333 0.0 0.16180239381994743 0.0 0.059141750535840615 0.0 0.1719244170493727 0.0 0.19516236883469182 0.0 0.7415499713889993 0.0 0.7028967368559651 0.0
0 0.229004 0.822917 0.059570 0.098958 0.0 0.17397206074545557 0.0 0.16540960058928064 0.0 0.18781762880243208 0.0 0.19318180223739445 0.0 0.7172969562291641 0.0 0.8061208545454324 0.0
0 0.089844 0.958333 0.052734 0.083333 0.028131073408134203 0.0 0.35572646556158266 0.0 0.0 0.0 0.15311870745229167 0.0 0.0 0.0 0.7376769227381037 0.0 0.0
