0 0.887207 0.437988 0.088867 0.133789 0.0 0.0 0.23472176792868427 0.0 0.09906539181256635 0.0 0.2954157729648843 0.0 0.5177889901670136 0.0 0.7087223468630903 0.0 0.71205728285226
0 0.443848 0.113770 0.137695 0.104492 0.3487438798556631 0.0 0.0 0.0 0.0 0.0 0.0 0.0 0.0 0.0 0.0 0.0 0.0
0 0.617188 0.038086 0.115234 0.074219 0.0 0.0 0.1432757651231468 0.0 0.1642102623784184 0.0 0.1657696030906443 0.0 0.14534283985562677 0.0 0.54741526333878 0.0 0.51058582686656
0 0.393555 0.775391 0.138672 0.144531 0.38477566868995994 0.0 0.0 0.0 0.0 0.0 0.0 0.0 0.0 0.0 0.0 0.0 0.0
0 0.843750 0.281250 0.082031 0.175781 0.0 0.0 0.16789295495969414 0.0 0.15219461220234687 0.0 0.22597160383485343 0.0 0.21618105735399945 0.0 0.6397875810842986 0.0 0.6453055153702134
0 0.403809 0.236328 0.114258 0.115234 0.09001537334033924 0.09151752604702247 0.0 0.1228669718600164 0.0 0.09960013866620411 0.0 0.0814384944248658 0.0 0.5025521659564058 0.0 0.5142183010766896 0.0
0 0.781738 0.797852 0.079102 0.123047 0.0 0.0 0.1611107547919363 0.0 0.1329603878300936 0.0 0.3597798503399061 0.0 0.33171153517434276 0.0 0.5281706954596749 0.0 0.5602194666114896
0 0.400391 0.907715 0.105469 0.116211 0.0 0.03801161236385753 0.13679326137507997 0.087113303757566 0.0664867620485134 0.10980231888929978 0.1037342400054088 0.10060527375021586 0.10199686461084764 0.4960558971458159 0.4971265165895886 0.522280656372973 0.4846087555973819
0 0.721680 0.931152 0.107422 0.133789 0.4050390854123549 0.0 0.0 0.0 0.0 0.0 0.0 0.0 0.0 0.0 0.0 0.0 0.0
0 0.512695 0.610840 0.130859 0.100586 0.09238633001115072 0.1424366544296832 0.0 0.11418026594240788 0.08931862084119681 0.1569889919120303 0.0 0.15014562821459962 0.13407896627177843 0.5263523395742692 0.0 0.5232012899820998 0.5262775034657472
0 0.385254 0.982422 0.114258 0.035156 0.0 0.1476682615020418 0.1032493272824486 0.0 0.12237326087229279 0.11436206627279455 0.0999009355467409 0.0 0.10333419754582876 0.505457500756357 0.5179132916762691 0.0 0.462761864300161
0 0.020996 0.624512 0.040039 0.133789 0.16818189269626702 0.0 0.0 0.0 0.0 0.0 0.0 0.0 0.0 0.0 0.0 0.0 0.0
0 0.641602 0.604004 0.136719 0.098633 0.30039967196840384 0.020790490523910226 0.04965038371373419 0.03813188286023968 0.0 0.09414410812130662 0.12130071474823233 0.08764996611146059 0.0 0.5250073235447121 0.5259671080502929 0.5180903353171699 0.0
0 0.724609 0.695801 0.093750 0.116211 0.3863421316968631 0.0 0.006919468518240433 0.0 0.0 0.0 0.25041718075319847 0.0 0.0 0.0 0.6180006532899851 0.0 0.0
0 0.290527 0.200195 0.100586 0.093750 0.20789477690886465 0.029247132752364683 0.0 0.10029983720468787 0.06782594079117914 0.18078498035846877 0.0 0.16286720980460254 0.11208336715941705 0.48965100108812265 0.0 0.5234315432481196 0.5116774428779097
0 0.032715 0.236328 0.063477 0.121094 0.0847100845455335 0.04937730974850006 0.18625365049510548 0.0 0.029289523510579632 0.07814288226487917 0.0675524450936305 0.0 0.11218173238197016 0.541990209460995 0.5085669178375947 0.0 0.5286175248491283
0 0.098145 0.181641 0.096680 0.134766 0.3188571167778988 0.0 0.0 0.0 0.0 0.0 0.0 0.0 0.0 0.0 0.0 0.0 0.0
0 0.187500 0.396973 0.089844 0.079102 0.05561687326723979 0.12604068849081237 0.0 0.10213280494398805 0.0 0.31543455944007215 0.0 0.2937244851870858 0.0 0.5269379875366946 0.0 0.5232434786242874 0.0
0 0.094727 0.402832 0.089844 0.079102 0.06996294821357156 0.10703351539036082 0.0 0.18247316585396606 0.0 0.3083976434519899 0.0 0.24644497885781386 0.0 0.5353189208789084 0.0 0.5223319282779387 0.0
0 0.023926 0.401855 0.045898 0.081055 0.10154468733184872 0.046379789816311544 0.0 0.22358864472414378 0.0 0.3945936028798708 0.0 0.34582102661642317 0.0 0.5604977453820061 0.0 0.5017056980811895 0.0
0 0.800781 0.099609 0.109375 0.197266 0.0 0.0 0.1202366921730943 0.0 0.10462377629941416 0.0 0.18988561276119276 0.0 0.1877666727840389 0.0 0.6809037012068051 0.0 0.7218190863478327
