0 0.627441 0.648926 0.135742 0.112305 0.10271580864919694 0.07360520776539155 0.028598821520181405 0.0841447963339292 0.0 0.33036455283321275 0.3308044698751192 0.34991773475829707 0.0 0.8846777594773879 0.8971805090416328 0.8947032095476295 0.0
0 0.455078 0.771973 0.140625 0.114258 0.03819866714587852 0.10242374917631547 0.0 0.09012409325378731 0.0721537844141492 0.3479706389673214 0.0 0.3600950335432394 0.21974595398378244 0.9105413748074427 0.0 0.9018104387794766 0.9052689294218236
0 0.379883 0.477051 0.125000 0.112305 0.01795913516931447 0.2277277248052978 0.0 0.15024020793378282 0.0 0.3111610999572058 0.0 0.39541259841892834 0.0 0.8966591858667193 0.0 0.898294447122231 0.0
0 0.292480 0.549316 0.145508 0.110352 0.09767618775314764 0.08437503042006227 0.0 0.14299483861666007 0.04086986198379565 0.36978799844010396 0.0 0.38992058311631117 0.3874527047953936 0.9049567432722231 0.0 0.896205168146115 0.8991120308838422
0 0.799805 0.885254 0.113281 0.094727 0.09123392738625333 0.13709380634894885 0.05640626157110085 0.12149200503656815 0.0 0.31761437911019286 0.35116983968425525 0.31366276483931715 0.0 0.8979893071578883 0.9056587849128742 0.8960261792443652 0.0
0 0.894531 0.480469 0.117188 0.103516 0.0 0.13011102315352208 0.0 0.13756585466208213 0.052404863067853254 0.29434775757337994 0.0 0.3156682076987339 0.3144795709661544 0.9173852230169459 0.0 0.874251536170365 0.901736796690887
0 0.056152 0.037109 0.110352 0.072266 0.07127603193401072 0.11310674079048329 0.0 0.2262301472073075 0.0 0.3597136402671368 0.0 0.3686222641781066 0.0 0.9005897313717254 0.0 0.9023259662798314 0.0
0 0.546875 0.715820 0.119141 0.099609 0.1118984719599878 0.15604980622203266 0.0 0.1565434764977033 0.0 0.33667584647200677 0.0 0.35779263649284526 0.0 0.8996420511475703 0.0 0.8951282370414813 0.0
0 0.719727 0.934570 0.109375 0.097656 0.045589358078656175 0.20419566618614177 0.0 0.16164580224093597 0.0 0.3209486719762478 0.0 0.31706514336421254 0.0 0.8966609112553116 0.0 0.894651755455882 0.0
0 0.459961 0.426270 0.134766 0.102539 0.05130125802852259 0.1094248508385586 0.0446626282781841 0.09422396999547486 0.0 0.32453506626369066 0.43094221927461934 0.39716383933840904 0.0 0.8884481355056337 0.8962833636941515 0.8957723238802133 0.0
0 0.221680 0.942871 0.181641 0.114258 0.06756400533945664 0.10965450738917878 0.046676553966048376 0.13197539683685458 0.009340145706285717 0.3893431276209693 0.4177530011595237 0.4147801175382907 0.41260686466017193 0.8984100266536362 0.8894872875244937 0.897182757943821 0.9117796032825108
0 0.283203 0.209961 0.158203 0.111328 0.05317981617261023 0.09827517096811864 0.038193420981745864 0.11151777085391633 0.0 0.38216112899285676 0.3782648933078239 0.3847654016873822 0.0 0.9029107433545601 0.8936267995619706 0.8969700354966701 0.0
0 0.652344 0.124023 0.138672 0.160156 0.2732250480830214 0.0 0.0 0.0 0.004561756552713852 0.0 0.0 0.0 0.49518817521988423 0.0 0.0 0.0 0.9053531541834366
0 0.958984 0.421387 0.082031 0.114258 0.0 0.16051004940590968 0.0 0.12486703125426538 0.0 0.31536404992936024 0.0 0.31626194531174084 0.0 0.9099095050793761 0.0 0.9057972201980136 0.0
0 0.619629 0.972168 0.145508 0.055664 0.0758581521614447 0.10386342058820369 0.0 0.01564371444026502 0.0 0.35580389634958703 0.0 0.33143604677346455 0.0 0.908726819879093 0.0 0.9451806221892424 0.0
0 0.153809 0.298828 0.178711 0.140625 0.03423640048700903 0.1188344438737903 0.0 0.12931043719840457 0.03214121104311799 0.3976213797566933 0.0 0.3834732746973939 0.3840450550342651 0.8826434069291909 0.0 0.8930555781923456 0.9045304958434041
0 0.073730 0.735840 0.145508 0.145508 0.04825691914858381 0.11749342107329752 0.03513624397770089 0.13566551822892303 0.00627553932427233 0.3351759347919381 0.31797392700084376 0.34220064712148734 0.3409478929602612 0.8985003570897867 0.8958343925927095 0.9020085142654074 0.8835662167689299
0 0.757324 0.243652 0.165039 0.202148 0.23217013986957744 0.0 0.0 0.011620547667498619 0.0 0.0 0.0 0.25822190940545775 0.0 0.0 0.0 0.9098762148044688 0.0
0 0.589355 0.028809 0.163086 0.055664 0.26441021414089216 0.0 0.0 0.0 0.0 0.0 0.0 0.0 0.0 0.0 0.0 0.0 0.0
