0 0.455078 0.814941 0.113281 0.120117 0.0 0.12188332936315567 0.04929607784132184 0.05342141074285471 0.11303784925130418 0.32214698932044017 0.36764893370230517 0.352352392211718 0.3297790331037567 0.6915049476673434 0.7103967297926235 0.6943913299555208 0.6683229744687423
0 0.736328 0.748047 0.154297 0.113281 0.022646628280672796 0.07818407876380008 0.11888749636436773 0.0571725950130979 0.05210952811061172 0.20932943194950618 0.19369036038753346 0.19008115745958853 0.189183098739487 0.6733963706848518 0.9082978182261856 0.694470408367911 0.8299900611373684
0 0.285645 0.856445 0.102539 0.089844 0.0 0.0834434851691711 0.1000612244672836 0.03768879798032974 0.07125331908317314 0.33468280994340965 0.34298192907954517 0.3888405872213276 0.2852628981879902 0.6747311414306539 0.6866628659279524 0.6636230732374012 0.6755713229979414
0 0.624023 0.752441 0.080078 0.090820 0.0 0.18295569106949006 0.027831985048787054 0.09308521690149135 0.021460081347443847 0.32951033410238484 0.3023427161597603 0.2997395465369 0.30930278802467415 0.6760168865964135 0.6885304483472585 0.6878224086798495 0.6286284953063147
0 0.170410 0.470215 0.114258 0.075195 0.0 0.0 0.20688088377697175 0.0 0.16070688276232176 0.0 0.2607395523415161 0.0 0.24802410538969424 0.0 0.6914660636525299 0.0 0.699020424892466
0 0.129883 0.340332 0.119141 0.079102 0.0 0.0 0.14083774476350444 0.0 0.14991998769682888 0.0 0.33970991966788977 0.0 0.27754987912122875 0.0 0.6853967196105613 0.0 0.690758172726474
0 0.508789 0.444336 0.083984 0.070312 0.0 0.18479078772168933 0.0 0.14659483468166315 0.0 0.28633725887070816 0.0 0.2573413064767255 0.0 0.05500458977375118 0.0 0.07263025467234804 0.0
0 0.217285 0.882324 0.067383 0.106445 0.0 0.2004870437846149 0.0 0.1580249717672878 0.0 0.3141528900855796 0.0 0.3075971003018445 0.0 0.673138948444133 0.0 0.6679553863369493 0.0
0 0.354492 0.536621 0.093750 0.104492 0.0 0.0 0.17179989508975899 0.0 0.16046086278002283 0.0 0.35578178322811477 0.0 0.35928199716744885 0.0 0.6864596867728922 0.0 0.6868062252727046
0 0.322266 0.438965 0.089844 0.098633 0.0 0.0 0.13601158987450213 0.0 0.18820155877385805 0.0 0.3346927738224206 0.0 0.35246903131179885 0.0 0.7047236687295363 0.0 0.6932112731123794
0 0.186523 0.542480 0.119141 0.075195 0.0 0.0 0.18502773915529633 0.0 0.1547420620662599 0.0 0.25215190325016545 0.0 0.2415983270896412 0.0 0.7095093364374573 0.0 0.6766266631156991
0 0.165527 0.902344 0.061523 0.113281 0.0 0.17816126751010317 0.0 0.21518237100540025 0.0 0.264466886843488 0.0 0.2711190690723445 0.0 0.6619206117784873 0.0 0.7616717289197772 0.0
0 0.120117 0.739746 0.064453 0.102539 0.0 0.20445835038935506 0.0 0.23029392049105663 0.0 0.29107326063886496 0.0 0.28247799559880427 0.0 0.6769880636053983 0.0 0.6634622602279427 0.0
0 0.227539 0.610352 0.083984 0.080078 0.0 0.017888583138655486 0.11801866059375903 0.023961543998063224 0.09496676776744141 0.2526723772461487 0.25551213331765127 0.2426282005251116 0.247412938373949 0.7084892755124511 0.6892710874990079 0.6773883329266817 0.680555697434633
0 0.792969 0.833984 0.109375 0.070312 0.0 0.052317558010645686 0.16601769780855113 0.02949371322559341 0.0668744804980434 0.3387858509045416 0.3294635501595166 0.37427464541816813 0.32488975584766333 0.7887006603012585 0.8220388659066545 0.8112313662170357 0.818482052146076
0 0.865723 0.965820 0.098633 0.068359 0.0 0.0 0.2406356359670402 0.0 0.16461842732542686 0.0 0.2646894870207287 0.0 0.2606555897490114 0.0 0.7371238291973142 0.0 0.733383561952745
0 0.826660 0.901855 0.114258 0.094727 0.0 0.0 0.2214039960317632 0.0 0.17935032610385843 0.0 0.330649386021768 0.0 0.32219004374462895 0.0 0.7363651279897597 0.0 0.7663346712386098
0 0.147461 0.410645 0.117188 0.075195 0.0 0.0 0.20177000416078822 0.0 0.12814268794187145 0.0 0.24967254399617053 0.0 0.23951187532860468 0.0 0.6556292848196994 0.0 0.6806214130882672
0 0.108887 0.913086 0.061523 0.097656 0.0 0.15995765312473026 0.0 0.15273628631241176 0.0 0.2612148277022107 0.0 0.24682900119589846 0.0 0.6880597243589983 0.0 0.6763677508827003 0.0
0 0.173828 0.739258 0.054688 0.076172 0.0 0.16457189098859573 0.0 0.14119575395952338 0.0 0.29210826640553894 0.0 0.28384952403866603 0.0 0.6709054765855389 0.0 0.6868272749046854 0.0
0 0.031250 0.125488 0.060547 0.108398 0.0 0.29976913886878503 0.0 0.1359231262471204 0.0 0.26244624199694055 0.0 0.33003910974157524 0.0 0.10997803779683707 0.0 0.2976489396036486 0.0
0 0.404297 0.644043 0.130859 0.116211 0.0 0.059014868589125705 0.055939079665794415 0.11155980438390159 0.12699095916449074 0.3107868137169888 0.3241063619211638 0.336626035345031 0.3209470321425339 0.68142313310646 0.656752376619474 0.6979626081995478 0.7014703378567588
0 0.053223 0.932129 0.065430 0.092773 0.0 0.18139139239078533 0.0 0.15759233607149387 0.0 0.2673688225293294 0.0 0.26733093565899735 0.0 0.6709107889548933 0.0 0.6915130882392772 0.0
0 0.287109 0.974121 0.146484 0.051758 0.018929914370412304 0.0 0.07496896912131756 0.05549377384506374 0.11865139245915765 0.0 0.28383557616719385 0.30240387837647176 0.3256754111302032 0.0 0.6779349688587373 0.6824071559288067 0.6896513284487586
0 0.052246 0.743164 0.069336 0.117188 0.0 0.2209993498933081 0.0 0.13338030016879954 0.0 0.2557452411467271 0.0 0.2662320213301285 0.0 0.6810023934535873 0.0 0.6782676818368253 0.0
0 0.454102 0.408203 0.093750 0.082031 0.04912106730102402 0.19046561714832358 0.0 0.09215477828722028 0.0 0.34777883682205046 0.0 0.3365620290589378 0.0 0.09798040564993914 0.0 0.08866280498118088 0.0
0 0.284668 0.287109 0.102539 0.099609 0.0 0.13174345350988229 0.07521664481257574 0.04241117629665542 0.10146329247998423 0.36212762885737526 0.38805000590252614 0.3824960665389921 0.3705679397248491 0.33344105326647655 0.5674439554428193 0.13062933724644665 0.6686186457688131
0 0.513184 0.625488 0.092773 0.088867 0.0 0.1392710956189107 0.025438563738154632 0.14774361083102133 0.02277619367312867 0.36264174036540486 0.36498909800054896 0.4057870873576539 0.37637269580810556 0.6815451012874708 0.7038048762791488 0.6844062005168882 0.6559554750476094
0 0.288574 0.365234 0.061523 0.056641 0.0 0.0 0.12070598716234937 0.0 0.17895827672107492 0.0 0.3627828057755554 0.0 0.35682962635751164 0.0 0.6977372896990668 0.0 0.6845848959726349
0 0.622070 0.545898 0.107422 0.085938 0.0 0.0 0.11689295091866458 0.031755409364597025 0.10727297486709586 0.0 0.36972343465744534 0.35019163091582667 0.36891964038679215 0.0 0.9712987242204755 0.9696259451197086 0.9889279559956388
0 0.607910 0.619141 0.100586 0.060547 0.0 0.11330914517651565 0.05032537547323092 0.17237050843955828 0.0 0.37533149662616955 0.3561205732409585 0.36439944395666807 0.0 0.6743595032488143 0.6779260104783829 0.6859642425575588 0.0
0 0.247070 0.698730 0.097656 0.094727 0.0 0.04209201303927945 0.06989199780861156 0.12890041017316636 0.03947626755772985 0.2940257827787802 0.3172701767983003 0.3035756025598315 0.30518822183097954 0.6768878116065806 0.6841472693111413 0.7176136695696009 0.6842327617754254
0 0.509277 0.965820 0.141602 0.068359 0.01352185316679046 0.020167674606025816 0.147157260531405 0.020190864559425998 0.13786184517741862 0.3971150550317235 0.34302015461663554 0.409933977400083 0.3733720276045335 0.6808955389385719 0.6608243944955059 0.6797615959902885 0.6860827527918882
0 0.082031 0.191406 0.115234 0.123047 0.0 0.09219663047226549 0.1289030445504366 0.057243799532980366 0.10330752753862132 0.2700499617925727 0.3019708315366679 0.23842978983399427 0.2293929988426529 0.05393835929881677 0.7093556002628889 0.15247857272440002 0.694293326858891
0 0.495605 0.906250 0.143555 0.072266 0.007577136496402509 0.01933475942296811 0.11737752180514945 0.01752094923618009 0.11439722277665687 0.37771661585822197 0.314681417444845 0.3509842079774644 0.375052592469366 0.681066369558813 0.7013109506063306 0.6685892278919268 0.6685943417903635
0 0.379395 0.347168 0.102539 0.100586 0.0 0.16983079131389509 0.017136396230534225 0.07433199497373257 0.020477727407404774 0.34344144911373803 0.43754416921519995 0.40396405883583825 0.4374506199111866 0.1280973658852026 0.1261773339364816 0.12221940121240082 0.12449507605348219
0 0.102539 0.274414 0.119141 0.080078 0.0 0.0 0.178867767660543 0.0 0.15468716036772162 0.0 0.2727394777259486 0.0 0.257150311684094 0.0 0.6862530545777517 0.0 0.6915478943765089
0 0.700684 0.257324 0.110352 0.124023 0.03558249194210073 0.0 0.0 0.0 0.2552090800136506 0.0 0.0 0.0 0.0667126893065753 0.0 0.0 0.0 0.03153938887122144
0 0.548828 0.782715 0.085938 0.084961 0.0 0.19411414436657065 0.0 0.19127608959030815 0.0 0.3176381702393361 0.0 0.30596376832411726 0.0 0.6799497095205066 0.0 0.6874943567136231 0.0
0 0.548828 0.482422 0.099609 0.074219 0.0 0.14880375777691177 0.024755826982007206 0.08272903879186258 0.0 0.3342812349245689 0.334226155767528 0.32490654313401696 0.0 0.008462542404422634 0.725331629070309 0.04101859212939668 0.0
0 0.011230 0.365723 0.020508 0.083008 0.1743521070521748 0.0 0.0 0.0 0.0 0.0 0.0 0.0 0.0 0.0 0.0 0.0 0.0
0 0.327637 0.920898 0.073242 0.052734 0.0 0.0 0.10766778041017853 0.0 0.1506937815828099 0.0 0.3017332699350871 0.0 0.32667017884279737 0.0 0.6828610459326534 0.0 0.6655547746891269
0 0.796875 0.377441 0.158203 0.153320 0.0 0.17229128247163372 0.0 0.09204857735707081 0.0 0.09441977901058896 0.0 0.12209099088228076 0.0 0.03493146065848683 0.0 0.036142928780195246 0.0
0 0.869629 0.489258 0.077148 0.105469 0.0 0.0 0.24649378858286072 0.0 0.19856367289729857 0.0 0.07478635688191045 0.0 0.12248672077365279 0.0 0.6512469026389853 0.0 0.6762945641400551
