0 0.605469 0.863770 0.151042 0.137695 0.027308095709504772 0.05918978626865869 0.1334987392498633 0.10366175641682333 0.05049164742311515 0.2666021589113798 0.299879959125114 0.2806868682032145 0.29162358333427885 0.6820489302164147 0.5252573541601967 0.6867380270995302 0.5527716554742451
0 0.551432 0.405762 0.173177 0.108398 0.0 0.0 0.21446618416435778 0.0 0.1437973747149723 0.0 0.33157013136747976 0.0 0.30099983988249873 0.0 0.6362941481578811 0.0 0.6301760002148812
0 0.490885 0.222168 0.143229 0.083008 0.0 0.0 0.18195657179539831 0.0 0.12447617980649923 0.0 0.2646894870207287 0.0 0.2606555897490114 0.0 0.7371238291973142 0.0 0.733383561952745
0 0.204427 0.699219 0.161458 0.080078 0.0 0.0 0.1327439294926715 0.0 0.127693056643063 0.0 0.26769536780231484 0.0 0.26996567651476056 0.0 0.6876929722912765 0.0 0.6947309143117164
0 0.436198 0.154785 0.179688 0.100586 0.0 0.0 0.1767773991110511 0.0 0.14320014429102923 0.0 0.330649386021768 0.0 0.32219004374462895 0.0 0.7363651279897597 0.0 0.7663346712386098
0 0.572917 0.554199 0.158854 0.077148 0.0 0.0 0.1053603283293206 0.0 0.22074567094383069 0.0 0.3238686734833476 0.0 0.3142045552256052 0.0 0.5648909995787355 0.0 0.5611407621552527
0 0.395833 0.084961 0.140625 0.070312 0.0 0.05425524534437331 0.17216650143109005 0.03058607297468946 0.06935131310908203 0.3387858509045416 0.3294635501595166 0.37427464541816813 0.32488975584766333 0.7887006603012585 0.8220388659066545 0.8112313662170357 0.8184820521460761
0 0.520182 0.302246 0.180990 0.088867 0.0 0.0 0.19315867113254676 0.0 0.21731782348098075 0.0 0.27519946029911113 0.0 0.2541965128282106 0.0 0.7109111568736116 0.0 0.5418246836184936
0 0.873047 0.498047 0.118490 0.089844 0.0 0.1365939090623369 0.05787071197646669 0.07666026991467914 0.09867421177467217 0.32179225570938036 0.28210450420403826 0.2799162286485357 0.34847216384536644 0.5144678863094378 0.6056119423369299 0.4896608871528441 0.5811037354974028
0 0.171224 0.635254 0.154948 0.075195 0.0 0.0 0.18877134691018138 0.0 0.20472983951063375 0.0 0.25681480534140416 0.0 0.25716480076302345 0.0 0.6734351041808564 0.0 0.7128222640393015
0 0.346354 0.913574 0.104167 0.112305 0.0 0.16952906352906089 0.0 0.14369086840150705 0.0 0.2896245587367551 0.0 0.291201738520763 0.0 0.6736892340182639 0.0 0.6829325492579623 0.0
0 0.432292 0.893066 0.098958 0.118164 0.0 0.16746077181339677 0.0 0.14119536832563148 0.0 0.29500932066377167 0.0 0.3007150981807828 0.0 0.682690588543442 0.0 0.6791683561153775 0.0
0 0.504557 0.878906 0.082031 0.113281 0.0 0.19794153077316987 0.0 0.1480129119016082 0.0 0.3052156162819824 0.0 0.3030700400448408 0.0 0.6749396898733114 0.0 0.6754654951750512 0.0
0 0.236979 0.822754 0.153646 0.063477 0.0 0.0 0.182157801398826 0.0 0.16776581082904451 0.0 0.3034767945085229 0.0 0.3046057380604635 0.0 0.6860095962793361 0.0 0.678648399110023
0 0.236979 0.757812 0.192708 0.070312 0.0 0.02085310054325981 0.09942796484364108 0.010965443580769353 0.17095555923264413 0.36463227180750124 0.33163351920485457 0.3128262298695213 0.31745504045090817 0.6932577499614545 0.6999736113133631 0.6936531382882234 0.6839362783028436
0 0.245443 0.919434 0.113281 0.129883 0.3180159912556264 0.0 0.0 0.0 0.0 0.0 0.0 0.0 0.0 0.0 0.0 0.0 0.0
0 0.583984 0.680176 0.186198 0.073242 0.0 0.010088473603239079 0.152826136617696 0.023510631360907492 0.12455864227856844 0.3342042442010933 0.3474559939335647 0.32403819641167564 0.3426089064686164 0.5550110544217348 0.51822928548411 0.5756783850657545 0.5625257473451588
0 0.868490 0.572754 0.096354 0.049805 0.0 0.0 0.1353686981516142 0.0 0.1623957713233271 0.0 0.27562393777663263 0.0 0.33678050137565685 0.0 0.5446196906274285 0.0 0.5626590373167558
0 0.128255 0.522949 0.152344 0.069336 0.0 0.0 0.17429872525648007 0.0 0.13190250182902466 0.0 0.23052123304556404 0.0 0.23127256572883512 0.0 0.6683718090581352 0.0 0.6906824335176778
0 0.364583 0.028809 0.111979 0.055664 0.0 0.0 0.1594153214190282 0.0 0.1655685143269502 0.0 0.21334216717815277 0.0 0.1901442259409709 0.0 0.8689346032385035 0.0 0.8317350985793158
0 0.144531 0.579590 0.151042 0.065430 0.0 0.0 0.21233969431606206 0.0 0.15667719050951728 0.0 0.26048329599979253 0.0 0.2564995950908162 0.0 0.6858160552801047 0.0 0.673387483847316
0 0.614583 0.750488 0.132812 0.081055 0.0 0.0 0.19743517274768382 0.0 0.1308507062277488 0.0 0.31781770944020993 0.0 0.2880020860489276 0.0 0.5475488568440896 0.0 0.5401497541623489
0 0.577474 0.621094 0.180990 0.054688 0.0 0.0198702655811765 0.17663848620520398 0.020311903350753453 0.11974492226945657 0.3235544188768836 0.34980541272030374 0.3131323271368233 0.3361945321784645 0.564714704175572 0.5437657733638325 0.5586635562618147 0.5340238026991426
0 0.388672 0.375488 0.100260 0.049805 0.09836994891953911 0.0 0.0 0.0 0.0 0.0 0.0 0.0 0.0 0.0 0.0 0.0 0.0
0 0.886719 0.634766 0.127604 0.078125 0.0 0.036046864266698814 0.10247424578174658 0.041899499733313236 0.15807171536717435 0.3209225130167634 0.35593143622552625 0.32542594336537795 0.4021337177302894 0.5473089536586746 0.5374114347381874 0.5572723226188739 0.5499601978298864
0 0.066406 0.970703 0.122396 0.058594 0.0 0.0 0.15830952486193467 0.0 0.10832652033200435 0.0 0.33385565432805253 0.0 0.3408392433373902 0.0 0.6814452275027365 0.0 0.6939146308149092
0 0.110677 0.040039 0.216146 0.078125 0.0 0.10752481767586489 0.01736528185500148 0.18564333944489844 0.018106961526455568 0.320744228780161 0.3040561553745025 0.30376795913354826 0.3011477312405115 0.679819959840433 0.6919483888444191 0.6922982519667124 0.6679571798931928
0 0.570312 0.487793 0.156250 0.055664 0.41146027844119426 0.0 0.0 0.0 0.0 0.0 0.0 0.0 0.0 0.0 0.0 0.0 0.0
0 0.103516 0.464355 0.162760 0.071289 0.0 0.0462965799139673 0.12987851761785718 0.053687346682366625 0.08614217937347762 0.3187948309078728 0.3208058392480832 0.3149471212022713 0.3163942435329799 0.67726332022895 0.6889468476512037 0.6821769785537772 0.6817259305680491
0 0.848958 0.341797 0.156250 0.085938 0.0320515757353758 0.058365404814355995 0.04021858995506017 0.13759151336974165 0.1040571488096769 0.33908163135453206 0.32149065892896866 0.31814809774644043 0.3216041310243471 0.510466533820672 0.6475953222403411 0.5000119629490074 0.6496061311951655
0 0.072917 0.402832 0.143229 0.077148 0.0 0.0 0.2047143686644056 0.0 0.21457509046716497 0.0 0.23803615111277562 0.0 0.24520828012606202 0.0 0.6979091897968277 0.0 0.6555676720847341
0 0.062500 0.039551 0.109375 0.077148 0.0 0.22395085733430756 0.0 0.220676573523719 0.0 0.3176381702393361 0.0 0.30596376832411726 0.0 0.6799497095205066 0.0 0.6874943567136231 0.0
0 0.807292 0.269043 0.093750 0.055664 0.2090264051919721 0.0 0.0 0.0 0.0 0.0 0.0 0.0 0.0 0.0 0.0 0.0 0.0
0 0.813802 0.198730 0.171875 0.096680 0.0 0.1006631361411925 0.04824518558154181 0.09047189178782772 0.043850093250655656 0.31007288445324155 0.32109105881309336 0.29299518732856417 0.24947937420901514 0.6600884753356749 0.6709187676268853 0.7489488197027303 0.7121843243708226
0 0.055339 0.348145 0.108073 0.073242 0.0 0.0 0.2371295141312049 0.0 0.1920211412972316 0.0 0.2619524964415546 0.0 0.2516066587308488 0.0 0.652163580430218 0.0 0.7240958707193617
0 0.049479 0.284668 0.096354 0.073242 0.0 0.0 0.276781440955579 0.0 0.06918652639602912 0.0 0.21107457303526983 0.0 0.21105883537871944 0.0 0.6883675103900583 0.0 0.6856734763443535
0 0.049479 0.216309 0.096354 0.073242 0.020670922306472692 0.030362899353737614 0.10653114961456077 0.038133722358295374 0.06205437092987935 0.39660520473274036 0.3844640093889682 0.4055925105383922 0.3634184763808277 0.6742965896174594 0.6796085516894248 0.6868650686180925 0.7258479867206695
0 0.042318 0.146484 0.082031 0.068359 0.0 0.03561752789547199 0.08222202282826463 0.018171980189691326 0.03414827527175683 0.3740296067947041 0.3293003726526408 0.36177481611832246 0.3228982886190741 0.6602290561119105 0.6669240176543171 0.642559680528971 0.6725457009776072
0 0.048177 0.904297 0.093750 0.083984 0.0 0.0 0.1747124394206348 0.0 0.13584641377207266 0.0 0.32238818293496513 0.0 0.2732221800852542 0.0 0.6763302126698002 0.0 0.7052208191081628
0 0.035156 0.840332 0.067708 0.083008 0.0 0.0 0.1703407208084413 0.0 0.0 0.0 0.26990996998281047 0.0 0.0 0.0 0.6876745687260128 0.0 0.0
0 0.023438 0.761230 0.044271 0.077148 0.0 0.0 0.13088876578718475 0.0 0.0 0.0 0.2253510915627853 0.0 0.0 0.0 0.6892893962005331 0.0 0.0
0 0.917318 0.720215 0.165365 0.088867 0.0 0.04263054069918018 0.12469507189408532 0.043027067829989794 0.1352414253323673 0.3314056178522247 0.3384148433233341 0.336509579400698 0.3483217965564845 0.5416324593304678 0.5431870860762364 0.5582828870520732 0.5446919970320648
0 0.917318 0.806152 0.165365 0.086914 0.039064739795511574 0.041509608580054154 0.08914046295803923 0.009528057491885341 0.11553356437221282 0.32222370081733703 0.23372995461663307 0.09725407364555151 0.3328653546650153 0.5273507614489436 0.5539707730911434 0.46520364933682573 0.5602349058978182
0 0.923828 0.892578 0.152344 0.087891 0.18838436394053798 0.0 0.05587580638439446 0.06040260374171241 0.11532910650225212 0.0 0.33793203866382754 0.33607164036130244 0.3425690188860891 0.0 0.5357939422570122 0.5491755128127781 0.5387530716577481
0 0.925781 0.969238 0.148438 0.059570 0.02143315870105141 0.14207429660694432 0.09698186001349057 0.0 0.045291177907106364 0.10299647233440713 0.10054763028832968 0.0 0.1759153461932196 0.5261124481524201 0.31482645682056865 0.0 0.5614279336643563
0 0.962240 0.335938 0.075521 0.105469 0.0 0.10844809620043154 0.04817598995301923 0.17962603057616092 0.05569994210635321 0.33060983232424834 0.3047234868377229 0.3249646727453976 0.30303025828523034 0.5144750877878627 0.5297446058321985 0.5012077772906953 0.48734781323653886
