0 0.050130 0.431641 0.097656 0.175781 0.0 0.05762672262318462 0.0 0.10800714949878396 0.0 0.3177866471672709 0.0 0.2983540234795852 0.0 0.31603456499889226 0.0 0.3452872323347644 0.0
0 0.661458 0.169271 0.109375 0.080729 0.0 0.0 0.11203211895121974 0.0 0.1440089995216088 0.0 0.398329286499428 0.0 0.38523031084657094 0.0 0.6378500747371839 0.0 0.5652790978823725
0 0.860677 0.136719 0.114583 0.125000 0.0 0.016534918014240153 0.14390447154994546 0.009769308306845517 0.14488880926801653 0.3142247385583339 0.4079235563101262 0.29787759399351066 0.356041634827847 0.694272084973088 0.5516420215565301 0.6554015745334564 0.6237619290226369
0 0.429036 0.098958 0.118490 0.135417 0.0 0.11762012372185324 0.08537559881515175 0.15400602543136915 0.0 0.3074070406577905 0.39160603103084696 0.30522918926898973 0.0 0.423212016108778 0.4550001696124757 0.4131302871046488 0.0
0 0.069661 0.254557 0.136719 0.105469 0.0 0.20532325624316608 0.0 0.1230757710531867 0.02353588535091821 0.36044831307664144 0.0 0.3296415270177623 0.41107069643369787 0.3076307096027664 0.0 0.2588043636469428 0.3029577681896114
0 0.960286 0.564453 0.079427 0.175781 0.0 0.21188444972558826 0.0 0.15309175577456033 0.0 0.3702763516532893 0.0 0.36588187392073107 0.0 0.6619915484817368 0.0 0.6714091094362616 0.0
0 0.710938 0.061198 0.234375 0.119792 0.0 0.03820890334807132 0.0 0.21135813327928155 0.0 0.12122014415174838 0.0 0.12920529685345727 0.0 0.5467044060261377 0.0 0.540550198146904 0.0
0 0.967448 0.191406 0.065104 0.260417 0.0 0.03138787892773455 0.08472210524472405 0.014643802676261157 0.20304438315026524 0.2226213068455475 0.4066809834441474 0.42650160948849575 0.4445875104827145 0.6057368962216594 0.5544615400844825 0.5719869786027864 0.4949691092603574
0 0.144531 0.457031 0.114583 0.158854 0.0 0.08073144392167987 0.0 0.0700680750722694 0.0 0.17748946017150113 0.0 0.2512331638072594 0.0 0.41177720639414855 0.0 0.4479606091041559 0.0
0 0.823568 0.289062 0.196615 0.179688 0.0 0.13575596248589794 0.04941941553268261 0.13094634329421592 0.020721205075675347 0.3132417416781925 0.3676709251982445 0.2952512524101871 0.41760197068401966 0.7922039444206571 0.47966783847966155 0.8225041257435787 0.43874008898922595
0 0.168620 0.880859 0.100260 0.188802 0.0 0.0 0.21323599670759258 0.06830449313656829 0.1813721585767498 0.0 0.3192032162656797 0.31875325462158377 0.32167994168317854 0.0 0.6636187373329664 0.6617104684878162 0.6616298444280744
0 0.175130 0.055339 0.191406 0.108073 0.0 0.19636629241202672 0.0 0.15639164166402097 0.020942583813329484 0.1494431411311934 0.0 0.13975721891413886 0.20545519372877613 0.47598007390037905 0.0 0.27526458830973805 0.3397694336598887
0 0.318359 0.078125 0.115885 0.109375 0.0 0.17839504148799593 0.0 0.1842454240230213 0.0 0.17758060140980902 0.0 0.34475626490578787 0.0 0.4760077186870383 0.0 0.4075652007509038 0.0
0 0.317708 0.511719 0.231771 0.093750 0.0 0.0 0.0 0.16694500362062314 0.0 0.0 0.0 0.2134876865227667 0.0 0.0 0.0 0.49114630066227516 0.0
0 0.076172 0.776693 0.149740 0.095052 0.0 0.2973985191702636 0.0 0.1617169352083111 0.0 0.3214327717171736 0.0 0.32603284430888646 0.0 0.5116725934461147 0.0 0.5091953799610621 0.0
0 0.502604 0.423177 0.148438 0.164062 0.0 0.18999993258599052 0.0 0.2166072538583869 0.0 0.20723212128468485 0.0 0.18595235109794553 0.0 0.7087823749312938 0.0 0.7259002827436323 0.0
0 0.378906 0.018229 0.221354 0.033854 0.0 0.0 0.027172624135114804 0.2527775442436487 0.0 0.0 0.30777224746816684 0.3222277051376029 0.0 0.0 0.42824312825602534 0.5722331694950487 0.0
0 0.409505 0.230469 0.134115 0.096354 0.0 0.12732249305391935 0.03123513581050103 0.09925766001259144 0.02276989583289214 0.17549816804536775 0.20780258148231978 0.1255962361988186 0.1943662488138127 0.40911798607729016 0.4313559964566328 0.4878341151138291 0.4232753264524648
0 0.184245 0.177734 0.076823 0.097656 0.0 0.2418643789485212 0.0 0.0 0.0 0.18921036871992714 0.0 0.0 0.0 0.3607873990249036 0.0 0.0 0.0
0 0.860677 0.040365 0.096354 0.078125 0.0 0.0 0.24150698855984223 0.0 0.11446195653032744 0.0 0.32178411552141883 0.0 0.31515157043851666 0.0 0.69117680514118 0.0 0.7280815137730362
0 0.629557 0.350911 0.178385 0.128906 0.0 0.16565627729473278 0.0 0.17256300785285122 0.0 0.2006149923163876 0.0 0.2067552179930651 0.0 0.8791551364125689 0.0 0.8734196570749526 0.0
0 0.662109 0.255208 0.126302 0.085938 0.0 0.0 0.041600082626113255 0.0 0.13852417021513513 0.0 0.4734133223836993 0.0 0.395731014193034 0.0 0.7574659539293909 0.0 0.7006491973365419
0 0.041667 0.927734 0.080729 0.108073 0.0 0.08662650777468447 0.16486901392873987 0.06885562587772179 0.016296877597166772 0.21545676648150142 0.2575047982117779 0.3031582791655383 0.29436791799692 0.2943966109579405 0.5776630604453136 0.09352601034498327 0.06975338658555345
0 0.278646 0.306641 0.122396 0.319010 0.0029516921088355917 0.0 0.22028503934083035 0.0 0.21515507452885843 0.0 0.16551325362004082 0.0 0.16439140311079595 0.0 0.42364966477083627 0.0 0.42934083799939915
0 0.074219 0.117188 0.145833 0.156250 0.0 0.10603217917494555 0.05256884056319491 0.0 0.2730000581138917 0.23286622263440954 0.22059160493256288 0.0 0.21150307122416145 0.15867976556690697 0.31757593049820987 0.0 0.29861369827960693
0 0.972005 0.029297 0.055990 0.055990 0.0 0.0 0.0 0.15926755641555757 0.06995020950966686 0.0 0.0 0.3410607483896386 0.43065275920057444 0.0 0.0 0.5710300691000675 0.5637357786939128
