0 0.470052 0.799805 0.111979 0.078125 0.0 0.12571613796454098 0.0879141414976682 0.12027461400506513 0.0 0.30915737229776696 0.2351488190973248 0.32033904665975116 0.0 0.2923766963473953 0.5219539094521853 0.3124508702269556 0.0
0 0.223958 0.329590 0.098958 0.063477 0.0 0.14446802480720075 0.0 0.1348446928070662 0.061008613256830664 0.24834610209785898 0.0 0.2544920939227564 0.2582616849803882 0.3024626090217808 0.0 0.29889962313166873 0.3008923004681394
0 0.426432 0.640625 0.079427 0.068359 0.0 0.18593735788243224 0.1237508495684238 0.15698200418337105 0.0 0.35384293023114405 0.4036189851489957 0.35282739363716475 0.0 0.29112335663469807 0.2967435689384552 0.3129123633418759 0.0
0 0.613281 0.907227 0.091146 0.064453 0.07268347408068891 0.0 0.0 0.23965161546053862 0.0 0.0 0.0 0.19819809672912944 0.0 0.0 0.0 0.5512018781575395 0.0
0 0.497396 0.270508 0.093750 0.062500 0.0 0.1600958562889571 0.0 0.1042158583620956 0.06472232242122436 0.32411227873933396 0.0 0.3345750449223304 0.3308075265568569 0.2747980661535059 0.0 0.2631852469805892 0.26814321299972527
0 0.499349 0.160156 0.214844 0.111328 0.0 0.07406790906703331 0.015942322300411028 0.05838582470551879 0.03232417560622288 0.3079973490723389 0.27065640753967063 0.32079565692597184 0.3207399745054587 0.6189528831703761 0.603040195873317 0.6262214966129144 0.6240074928778471
0 0.278646 0.759277 0.109375 0.071289 0.0 0.11004213955857536 0.05577666671032766 0.08515931230725661 0.0 0.2864011311489595 0.2693389085619853 0.3143507068934737 0.0 0.30209992597685315 0.2976342445789726 0.31033381514821484 0.0
0 0.337240 0.619141 0.091146 0.072266 0.0 0.18741656073378488 0.0 0.15299375339922822 0.09400614726158248 0.35848658122985416 0.0 0.36650251812538764 0.36780397227901673 0.3075287121111608 0.0 0.30624898256959343 0.3033983727656079
0 0.376302 0.780273 0.101562 0.076172 0.0 0.11305429422676093 0.0 0.10030939802651129 0.06870239260595672 0.32552591149389093 0.0 0.3370936087630078 0.3193815077834303 0.3061125862232449 0.0 0.3129044706788351 0.31029215858589254
0 0.492839 0.510254 0.118490 0.073242 0.0 0.16281184884535546 0.0 0.15713458874462577 0.0 0.40563014391828545 0.0 0.3896066272983172 0.0 0.6284232177678752 0.0 0.6242570947064988 0.0
0 0.298177 0.469727 0.101562 0.074219 0.0 0.14497483062586347 0.0 0.10485798217397432 0.054445047014445414 0.36144985929720874 0.0 0.28372829613753014 0.3562328197351473 0.2871511462863909 0.0 0.32088259753184667 0.31013476067101886
0 0.240234 0.599121 0.079427 0.073242 0.0 0.120713566467939 0.13440355293370893 0.06957413627096062 0.0 0.28691605753723154 0.27505830361273037 0.29059205302618457 0.0 0.298287314382152 0.3028339158121222 0.3005198957847774 0.0
0 0.387370 0.492676 0.092448 0.081055 0.0 0.114325584615886 0.03695250097021496 0.1219286061953414 0.0 0.3401339338788014 0.3329295683723357 0.35203384035205526 0.0 0.2968403008609894 0.31162977182172213 0.30663678553246837 0.0
0 0.587240 0.289062 0.096354 0.070312 0.0 0.09055918668932066 0.05925912506250631 0.06605662588365764 0.0 0.24179951244894327 0.24380417228323523 0.24685991162389098 0.0 0.2665281489974452 0.3150372061019589 0.26432042442064524 0.0
0 0.720052 0.330566 0.127604 0.090820 0.0 0.11150616164143151 0.0 0.05718920990252814 0.043263319759377986 0.2049926282643909 0.0 0.2791384893761314 0.2692006118617237 0.19105513012134517 0.0 0.178269147797378 0.19062861036510317
0 0.518880 0.034668 0.100260 0.067383 0.0 0.122672182354643 0.05780957033490234 0.14625932573506623 0.0 0.24163683006484973 0.272422447287332 0.22481605865288337 0.0 0.6362531189594054 0.5653049944198029 0.6228972355103015 0.0
0 0.427083 0.039062 0.096354 0.076172 0.0 0.1485887844681088 0.0 0.1178281016601918 0.06163052836149454 0.24297940055533676 0.0 0.23784897189428122 0.22999342130155742 0.62235080014078 0.0 0.620993585897628 0.6209591035602797
0 0.807292 0.369141 0.125000 0.078125 0.0 0.0879597290344889 0.05290628927859989 0.06636326264336086 0.0 0.3299410762184273 0.31012072621523923 0.346156955913856 0.0 0.1860633599873221 0.18719718150750472 0.18653170352733292 0.0
0 0.496745 0.392090 0.115885 0.077148 0.0 0.09751086300704084 0.052962251111638756 0.12893411383895387 0.0 0.23970968524213715 0.22960696955175652 0.2386464663910662 0.0 0.29289571483332555 0.2960740775905606 0.3096027572340511 0.0
0 0.279948 0.199219 0.171875 0.087891 0.0 0.11124642032690582 0.02769942657396625 0.10763817811107929 0.017093819173450955 0.2841998785928099 0.2872455211985869 0.30112382682990424 0.25631294656562076 0.5976205065399425 0.6172818138253366 0.6473613794064805 0.6301236996066213
0 0.404297 0.376953 0.089844 0.054688 0.0 0.1576035098585864 0.0 0.14100451247435755 0.09254821536736056 0.30993577022635227 0.0 0.289660221580959 0.28249540785540544 0.29338301088511054 0.0 0.31210184756036796 0.299912699559178
0 0.158203 0.578613 0.079427 0.079102 0.0 0.1462065307110186 0.0 0.18225060942953744 0.06206762445104636 0.28879556340429663 0.0 0.2905540857816858 0.44862154435032114 0.30064555102958507 0.0 0.28190292505506453 0.30911569644685305
0 0.189453 0.457520 0.097656 0.059570 0.0 0.08922910713380616 0.0572867578287206 0.09363172272371018 0.0 0.3185745623747404 0.3102309542164456 0.3230588555008406 0.0 0.28520089960537987 0.3129098298484728 0.31902363715624976 0.0
0 0.242188 0.876953 0.080729 0.066406 0.0 0.1808523500919943 0.0 0.17096033476336922 0.11507675356892504 0.2671369953832384 0.0 0.2712474495706931 0.27060359506476545 0.30114840473447957 0.0 0.30435626125959186 0.30544378674905426
0 0.626953 0.651855 0.074219 0.071289 0.0 0.1171061029011068 0.08584936010314126 0.11688494777456374 0.0 0.24963600654826526 0.2853474930449024 0.2646700390412815 0.0 0.6344822785805935 0.6440197087234656 0.6228267327798689 0.0
0 0.671224 0.970703 0.170573 0.054688 0.0 0.16170700317634593 0.038766918267739106 0.10978916323230667 0.014326022239156891 0.2856578329447801 0.26865379708210696 0.28863698350939193 0.28761800753798944 0.6254933701779029 0.610895511060384 0.6267627431255746 0.6158193103188542
0 0.672526 0.123047 0.105469 0.093750 0.0 0.12886843214459037 0.0 0.10959648977722158 0.07529697481328369 0.2938792836822474 0.0 0.3018252376852285 0.3141184423275803 0.6155581770112022 0.0 0.6460918749127479 0.6127038333654392
0 0.255208 0.052734 0.210938 0.103516 0.0 0.061100304327506814 0.02931615866581163 0.06818159998174955 0.04625326077722883 0.3038622219765086 0.3002213261688089 0.30304748591403446 0.2523929588583671 0.6047370411004734 0.6283108940856872 0.6250005592136576 0.6211413937201282
0 0.192708 0.743164 0.088542 0.058594 0.0 0.1611613570519549 0.0 0.1340835325609836 0.05008356632436301 0.38527313306663885 0.0 0.34413916730511346 0.35045960460320763 0.2878765123762463 0.0 0.3100899015038547 0.29576358731136765
0 0.127604 0.303223 0.093750 0.071289 0.0 0.1507575966641326 0.08995777686726686 0.06753873576719897 0.0 0.3234179369561093 0.32883867384707893 0.3127786990478981 0.0 0.2605317741431095 0.3192343383741843 0.2779255541193843 0.0
0 0.123698 0.177246 0.080729 0.086914 0.0 0.14384231626958255 0.03111487932293143 0.06538312426204125 0.0 0.1664203642135813 0.2516041948147905 0.28413395408142283 0.0 0.3001066432298001 0.2751669064866468 0.288325427822618 0.0
0 0.809896 0.531250 0.072917 0.074219 0.4100374253128945 0.0 0.0 0.0 0.0 0.0 0.0 0.0 0.0 0.0 0.0 0.0 0.0
0 0.317057 0.343750 0.118490 0.072266 0.0 0.16611782258599048 0.011497904884852554 0.12874437203201242 0.0 0.3331813230624529 0.3611014074818362 0.2012872699649902 0.0 0.2986425601099836 0.3051278917631142 0.42649157905001783 0.0
0 0.759115 0.504883 0.098958 0.074219 0.2479454845866943 0.0 0.0 0.0 0.0 0.0 0.0 0.0 0.0 0.0 0.0 0.0 0.0
0 0.857422 0.556152 0.074219 0.077148 0.32470924520744265 0.0 0.0 0.0 0.0 0.0 0.0 0.0 0.0 0.0 0.0 0.0 0.0
0 0.124349 0.872559 0.079427 0.069336 0.0 0.1339851254972911 0.08716310073890735 0.14147211754215652 0.0 0.28156913406158296 0.30629962059250976 0.2948801755055692 0.0 0.6146757924614275 0.6268154772462051 0.6277431788354344 0.0
0 0.128255 0.966797 0.097656 0.066406 0.0 0.0 0.20460550830780697 0.0 0.05286818585908776 0.0 0.15775816215803792 0.0 0.15086656872239632 0.0 0.5373851518869575 0.0 0.5676382452216949
0 0.651693 0.027344 0.100260 0.052734 0.0 0.1216177024788809 0.0 0.13618113465733214 0.03919874072570385 0.3514398108920887 0.0 0.3367807515467969 0.3592755413171512 0.6227219829766747 0.0 0.6417580762878707 0.6355312362635112
0 0.331380 0.907227 0.089844 0.064453 0.0 0.14472492134886708 0.06543591196621538 0.09742481664244722 0.03486677957113433 0.3936366635574474 0.3512942029834661 0.3774967937284361 0.39851001785000745 0.29601437920835344 0.3007333480511275 0.3005983670692419 0.31363363890984414
0 0.587240 0.511719 0.093750 0.060547 0.0 0.08888266715770056 0.035728159710033944 0.11552554964943877 0.0 0.2806275551854276 0.30866468501392663 0.2584082775883006 0.0 0.6225514559203967 0.6391827774534872 0.6195213765675274 0.0
0 0.507812 0.948730 0.093750 0.077148 0.0 0.13556988183328486 0.11291270194094315 0.029644260268781555 0.0 0.2767884444956228 0.24053297705214657 0.2910179860483474 0.0 0.3487712915944673 0.2636968370042104 0.29442099220190066 0.0
0 0.666016 0.802734 0.095052 0.072266 0.0 0.1279607798295672 0.0728824650137237 0.1356261638984048 0.0 0.3022047687308718 0.2588833706582658 0.2723860603439975 0.0 0.6451958097487124 0.6300484429397184 0.6280689788588442 0.0
0 0.108724 0.438965 0.079427 0.051758 0.0 0.15762929503277298 0.0 0.20880197297307274 0.0 0.36025253299939103 0.0 0.33947067428127886 0.0 0.2998422448922009 0.0 0.30181148455682677 0.0
0 0.901693 0.578613 0.074219 0.083008 0.3935960818944223 0.0 0.0 0.0 0.0 0.0 0.0 0.0 0.0 0.0 0.0 0.0 0.0
0 0.587891 0.827637 0.074219 0.053711 0.0 0.10990071921403646 0.0 0.14204121764651 0.06012161371843435 0.34593303565408345 0.0 0.35851558212703566 0.33870138533473976 0.6285289339180289 0.0 0.6278482119666712 0.6246809495300103
0 0.087891 0.030762 0.108073 0.059570 0.0 0.1367996253639743 0.08612367001394661 0.18165070560727878 0.0 0.2998041222949795 0.39478019128026703 0.3140194858832962 0.0 0.05190998284279994 0.07430584173977321 0.07786005462883609 0.0
0 0.203776 0.679688 0.110677 0.058594 0.0 0.060293652452932917 0.0 0.18193180008893156 0.0 0.27361921028217334 0.0 0.2457940859986492 0.0 0.3290153488751593 0.0 0.30844597963617654 0.0
0 0.205729 0.401367 0.093750 0.060547 0.0 0.0 0.24661360936205498 0.0 0.04091047603200242 0.0 0.1498496282504496 0.0 0.2575008403552982 0.0 0.2959880172070181 0.0 0.3816831171746445
0 0.049479 0.153320 0.096354 0.076172 0.0 0.12558034670603527 0.0 0.1648699873582346 0.07900245383023083 0.27230831664516264 0.0 0.269522769413546 0.2838019008644528 0.3064777736708682 0.0 0.30127334154122043 0.32497373003653673
0 0.764323 0.015625 0.122396 0.029297 0.0 0.02491767642630263 0.0 0.4094013411695407 0.0 0.23858572913992013 0.0 0.23019837793875564 0.0 0.625971028073859 0.0 0.6143526688586153 0.0
0 0.957031 0.063965 0.085938 0.108398 0.0 0.0 0.19677052506041956 0.0 0.05822974091092266 0.0 0.3247492491076141 0.0 0.27339671235872864 0.0 0.6775556592657779 0.0 0.6599403987694437
0 0.957031 0.178223 0.085938 0.108398 0.008938733714631903 0.03913831002994614 0.057709586870306445 0.0 0.3168806906206737 0.3154287817718441 0.3342205218493715 0.0 0.3283978738897331 0.66985977462361 0.7139088889548348 0.0 0.6625456439910111
0 0.774089 0.107910 0.105469 0.094727 0.0 0.04178321554275428 0.06182167387592144 0.05179519404873192 0.0 0.2803661537854118 0.27566457780596954 0.28120631269050717 0.0 0.6252195554831761 0.6208393820302446 0.6078367442814138 0.0
0 0.947917 0.431641 0.104167 0.076172 0.0 0.13552696685587592 0.0 0.14994070297522585 0.02308707500755448 0.2923459280974733 0.0 0.2979584357366346 0.5193876644614184 0.19311666867022198 0.0 0.18523609253277237 0.16064787445828585
0 0.047526 0.282715 0.092448 0.071289 0.0 0.14685455147432494 0.0 0.08764183103056326 0.056890797369883436 0.3215456351202156 0.0 0.33134441685811056 0.32987811641147496 0.2896213980362121 0.0 0.2851499210954974 0.2888918098784084
0 0.535156 0.659180 0.096354 0.085938 0.0 0.12618591049889386 0.021712285294296103 0.07280725792117905 0.10919862955632635 0.2747121821759204 0.21570977285456713 0.2143867483728468 0.27969569175771913 0.6310750997333608 0.8611012869523882 0.6580528350298139 0.6338716520771795
0 0.046875 0.573242 0.091146 0.060547 0.0 0.09209933187598807 0.04927914804435948 0.14188284788506586 0.0 0.38210168117667037 0.3830801733919416 0.38100677265341015 0.0 0.6367408703571351 0.618409402166315 0.6260955854256458 0.0
0 0.087240 0.721191 0.091146 0.075195 0.0 0.14169732763435594 0.07367685558658119 0.1541530424985887 0.0 0.284805724948675 0.3790686998392744 0.28282816950716216 0.0 0.6203012121528407 0.6347121435368723 0.6334561767302059 0.0
0 0.429688 0.925293 0.093750 0.077148 0.0 0.12560222223099066 0.0 0.1604971665087336 0.09087017643729434 0.27159749706444497 0.0 0.2683770377174981 0.273658183198704 0.31666765700261945 0.0 0.28637017233621564 0.3082748242690337
0 0.040365 0.885254 0.078125 0.069336 0.0 0.15804573386379955 0.026102853426573636 0.19585205692535093 0.0965690368168821 0.2589173250545188 0.3349080042679476 0.28317238348267065 0.3697304197944614 0.622914182998935 0.6443039299703028 0.6282571885159737 0.5998929787761818
0 0.211589 0.973633 0.069010 0.048828 0.3567346599948693 0.0 0.0 0.0 0.0 0.0 0.0 0.0 0.0 0.0 0.0 0.0 0.0
0 0.022135 0.736816 0.041667 0.071289 0.0 0.06288382843867198 0.0 0.21482403729314603 0.0 0.29080840414262005 0.0 0.2757158139364494 0.0 0.6308169713989923 0.0 0.6112755927465338 0.0
0 0.951172 0.595215 0.074219 0.083008 0.2423423698738338 0.0 0.0 0.0 0.0 0.0 0.0 0.0 0.0 0.0 0.0 0.0 0.0
