0 0.821289 0.625488 0.101562 0.112305 0.0 0.0 0.08135969397999969 0.07328947942462397 0.18014788936109594 0.0 0.2756328915378881 0.28848889664970645 0.27471507415351093 0.0 0.4928088679417619 0.757064007414696 0.5574057612125143
0 0.146973 0.537109 0.106445 0.074219 0.0 0.0 0.22719961627522792 0.0 0.13200586060127692 0.0 0.23824404077991415 0.0 0.30385309855202697 0.0 0.8402885242410024 0.0 0.8468685210503407
0 0.648926 0.045898 0.110352 0.089844 0.0 0.0 0.20737889259347642 0.0 0.18932958492330806 0.0 0.304471705504356 0.0 0.2935906866754103 0.0 0.5082795487900075 0.0 0.5264904535858701
0 0.817871 0.157715 0.110352 0.073242 0.0 0.0 0.20387227562209548 0.0 0.16578087911315947 0.0 0.25768666782432476 0.0 0.26320172814451404 0.0 0.51816060025667 0.0 0.517347258798928
0 0.936035 0.645020 0.127930 0.139648 0.02238153938721417 0.06658103260926089 0.0030540796496646336 0.14176002207831728 0.016463807383021486 0.3350348396711113 0.29255884074236 0.29849703435016706 0.2827712187316837 0.5259700312534914 0.5313284508097337 0.5220253014545103 0.5030563781075197
0 0.816895 0.083008 0.116211 0.074219 0.0 0.0 0.22069685629290084 0.0 0.1801431835173611 0.0 0.270866089830984 0.0 0.290231048510464 0.0 0.5247998998689416 0.0 0.5214474972486774
0 0.818359 0.455078 0.089844 0.064453 0.0 0.0 0.1293598741135499 0.0 0.17506297058274395 0.0 0.20185017217218681 0.0 0.3375569246135132 0.0 0.5075955961093729 0.0 0.5032104490489062
0 0.821289 0.394531 0.091797 0.054688 0.0 0.0 0.16307763799479225 0.0 0.14931403026574314 0.0 0.28337567535046526 0.0 0.28111744797813376 0.0 0.5178270225925024 0.0 0.529066497376836
0 0.192383 0.600586 0.107422 0.066406 0.0 0.0 0.12521304975652914 0.0 0.15435874509024222 0.0 0.3392639170412245 0.0 0.29953453670242536 0.0 0.8640276815022803 0.0 0.837295631473614
0 0.816895 0.292969 0.102539 0.056641 0.0 0.0 0.12668464102476987 0.0 0.19967838724259418 0.0 0.30501088456860503 0.0 0.3771245969133132 0.0 0.536243013820091 0.0 0.5302774140256885
0 0.815918 0.345215 0.094727 0.055664 0.0 0.0 0.13477494874144927 0.0 0.15802975239132147 0.0 0.26097186521175203 0.0 0.26817377858827457 0.0 0.5166597978099968 0.0 0.5271683119154984
0 0.817871 0.229492 0.102539 0.068359 0.07424845465095896 0.036026242132038776 0.04493714910447672 0.034479808770022116 0.16981360090016925 0.19716349721108076 0.33579816136140217 0.19133318394999171 0.2896932902548101 0.5813849951008406 0.5141112151107139 0.5074555789974783 0.521008847321981
0 0.960938 0.346680 0.078125 0.134766 0.0 0.07878911987394321 0.1386708960514872 0.0 0.23650949108772992 0.31187934956935487 0.37056447729931524 0.0 0.30982236253028245 0.5190744694496574 0.5164763503125389 0.0 0.5185522559504998
0 0.026855 0.137695 0.051758 0.083984 0.012177162972485021 0.0 0.365954232389155 0.0 0.0 0.0 0.2485005199031942 0.0 0.0 0.0 0.5413798141105676 0.0 0.0
0 0.651367 0.389648 0.103516 0.111328 0.0 0.0 0.25013219445554646 0.0 0.23103645211121585 0.0 0.31324190231985727 0.0 0.34885467414727267 0.0 0.520657354563427 0.0 0.5196098727979808
0 0.812988 0.022949 0.110352 0.043945 0.0 0.0 0.23967500101205585 0.0 0.12885150326388517 0.0 0.20694932225665022 0.0 0.30053090250948583 0.0 0.5252078281739336 0.0 0.5266466372448911
0 0.651367 0.245117 0.119141 0.072266 0.0 0.0 0.119956211274087 0.0 0.13023162242382605 0.0 0.3269735937441196 0.0 0.25892941510762146 0.0 0.5199532426941763 0.0 0.5203516313418444
0 0.033691 0.905762 0.065430 0.186523 0.3864607513778144 0.0 0.03545896095265362 0.0 0.0 0.0 0.0837953838097622 0.0 0.0 0.0 0.6016983482926249 0.0 0.0
0 0.650879 0.303711 0.110352 0.054688 0.0 0.0 0.17213858805594132 0.0 0.13860286789494308 0.0 0.24491907209867175 0.0 0.24205719538600698 0.0 0.5291421594314687 0.0 0.5127059175849319
0 0.543945 0.686035 0.125000 0.129883 0.2988082750775494 0.0 0.0 0.0 0.0 0.0 0.0 0.0 0.0 0.0 0.0 0.0 0.0
0 0.665527 0.665527 0.118164 0.125977 0.27510614224112645 0.0 0.0 0.0 0.0 0.0 0.0 0.0 0.0 0.0 0.0 0.0 0.0
0 0.640137 0.958496 0.104492 0.083008 0.3599216808567626 0.0 0.0 0.0 0.0 0.0 0.0 0.0 0.0 0.0 0.0 0.0 0.0
0 0.965820 0.470215 0.068359 0.116211 0.0 0.0 0.1626442392141733 0.043907226287883586 0.32201957085349003 0.0 0.3280164767558616 0.32576435707912654 0.3136705462739794 0.0 0.5195064641308896 0.5229530505512646 0.5198270728135873
0 0.820312 0.537598 0.083984 0.075195 0.0 0.0 0.13218797891440787 0.0 0.21902427860126822 0.0 0.3069294740756251 0.0 0.27949355268136294 0.0 0.5239380485753591 0.0 0.4951474339227486
0 0.749023 0.930664 0.136719 0.125000 0.01405157031324688 0.07685069134348402 0.13331714670331496 0.04534292649436548 0.1255582390287548 0.09443995626146669 0.10529145113802528 0.10168146049192697 0.10740556533455839 0.5219238114554141 0.5122611381981884 0.5374080075647353 0.5292784539722746
0 0.651367 0.113770 0.099609 0.053711 0.04474527811081329 0.0 0.17525043068096 0.0 0.1672117835857605 0.0 0.29454509876641605 0.0 0.2995051021824628 0.0 0.5306968423513283 0.0 0.5090587751885973
0 0.649902 0.172363 0.102539 0.057617 0.0 0.0 0.20529258812304432 0.0 0.12593690949271005 0.0 0.31299080738844104 0.0 0.2898195145020992 0.0 0.474685193988191 0.0 0.5152452898214817
0 0.027344 0.056152 0.052734 0.081055 0.0 0.0 0.23117975024833745 0.0 0.0 0.0 0.3158132502473117 0.0 0.0 0.0 0.5282752329278779 0.0 0.0
0 0.986328 0.146973 0.027344 0.079102 0.0 0.13316975339673023 0.0 0.15477781433990673 0.0 0.3441758113356893 0.0 0.3298276153240416 0.0 0.54058394940188 0.0 0.4979415808295951 0.0
0 0.023926 0.390137 0.045898 0.122070 0.2852585960159888 0.0 0.0 0.0 0.0 0.0 0.0 0.0 0.0 0.0 0.0 0.0 0.0
0 0.025391 0.017090 0.048828 0.032227 0.0 0.0 0.17837771262057445 0.0 0.0 0.0 0.3239153519696037 0.0 0.0 0.0 0.5562498348996509 0.0 0.0
0 0.658203 0.482910 0.099609 0.075195 0.0 0.015172667561694922 0.10048849030415374 0.012628845801884734 0.21717591474208028 0.18839893205258915 0.32372358790524686 0.22742947594897586 0.3056665995698631 0.5312215814335712 0.4095163724513076 0.4939410631417281 0.5693898092888493
0 0.655762 0.549805 0.096680 0.062500 0.0 0.030602670772781337 0.07437915222030872 0.012645600200721764 0.19441516219649746 0.40388044088849023 0.30130568948068154 0.3038985267679919 0.29999275087691135 0.5138681486106288 0.5224919718336138 0.5236205118151569 0.5201160958002291
0 0.651855 0.146973 0.106445 0.110352 0.0 0.005586802296502475 0.23444100813456914 0.0 0.23723722673136657 0.49928761740116934 0.30788692117046207 0.0 0.2707834350222928 0.8587192104158908 0.48493537982689583 0.0 0.5387726246148561
0 0.989258 0.223145 0.021484 0.065430 0.0 0.058832984161726 0.0 0.0 0.11724694631374812 0.17630228091679906 0.0 0.0 0.17968537987161531 0.5514215623399208 0.0 0.0 0.5163746398611181
0 0.862793 0.887207 0.112305 0.092773 0.3786001841666157 0.0 0.0 0.0 0.0 0.0 0.0 0.0 0.0 0.0 0.0 0.0 0.0
