0 0.130859 0.455078 0.101562 0.108073 0.0 0.0 0.1612324598879693 0.0 0.17162990250464122 0.0 0.33970991966788977 0.0 0.27754987912122875 0.0 0.6853967196105613 0.0 0.690758172726474
0 0.172852 0.628255 0.115234 0.100260 0.0 0.0 0.20512765594835336 0.0 0.15934496002704787 0.0 0.2607395523415161 0.0 0.24802410538969424 0.0 0.6914660636525299 0.0 0.699020424892466
0 0.510254 0.580078 0.075195 0.087240 0.0 0.22179192819784846 0.0 0.17594790004823765 0.0 0.28633725887070816 0.0 0.2573413064767255 0.0 0.05500458977375118 0.0 0.07263025467234804 0.0
0 0.321289 0.584635 0.089844 0.130208 0.0 0.0 0.13737170577324717 0.0 0.19008357436159665 0.0 0.3346927738224206 0.0 0.35246903131179885 0.0 0.7047236687295362 0.0 0.6932112731123794
0 0.355957 0.713542 0.096680 0.138021 0.0 0.0 0.1681654776407475 0.0 0.1570663219436244 0.0 0.35578178322811477 0.0 0.35928199716744885 0.0 0.6864596867728922 0.0 0.6868062252727046
0 0.191406 0.728516 0.117188 0.097656 0.0 0.0 0.19312784240276154 0.0 0.16151632567227173 0.0 0.25215190325016545 0.0 0.2415983270896412 0.0 0.7095093364374573 0.0 0.6766266631156991
0 0.152344 0.547526 0.103516 0.097656 0.0 0.0 0.23451004257178407 0.0 0.1489356524003638 0.0 0.24967254399617053 0.0 0.23951187532860468 0.0 0.6556292848196994 0.0 0.6806214130882672
0 0.453125 0.543620 0.095703 0.108073 0.04869833866676392 0.18882649823999031 0.0 0.09136170790609102 0.0 0.34777883682205046 0.0 0.3365620290589378 0.0 0.09798040564993914 0.0 0.08866280498118088 0.0
0 0.283691 0.381510 0.106445 0.138021 0.0 0.12211981885847664 0.06972219715619579 0.039313112180818725 0.09405157196301117 0.36212762885737526 0.38805000590252614 0.3824960665389921 0.3705679397248491 0.33344105326647655 0.5674439554428193 0.13062933724644665 0.6686186457688131
0 0.229980 0.819661 0.081055 0.102865 0.0 0.019239025208753775 0.12692810652847167 0.025770445062428222 0.10213598387921256 0.2526723772461487 0.25551213331765127 0.2426282005251116 0.24741293837394895 0.7084892755124511 0.6892710874990079 0.6773883329266817 0.6805556974346328
0 0.379883 0.464193 0.105469 0.139323 0.0 0.15894081066630109 0.016037567084910664 0.06956563911742106 0.019164643640626745 0.34344144911373803 0.43754416921519995 0.40396405883583825 0.4374506199111866 0.1280973658852026 0.1261773339364816 0.12221940121240082 0.12449507605348219
0 0.289062 0.486328 0.062500 0.076823 0.0 0.0 0.11680605855170145 0.0 0.17317625612786225 0.0 0.3627828057755554 0.0 0.35682962635751164 0.0 0.6977372896990668 0.0 0.6845848959726349
0 0.031250 0.165365 0.060547 0.145833 0.0 0.2970926287003137 0.0 0.13470952690562826 0.0 0.26244624199694055 0.0 0.33003910974157524 0.0 0.10997803779683707 0.0 0.2976489396036486 0.0
0 0.628418 0.722656 0.106445 0.114583 0.0 0.0 0.11796536331241379 0.032046743395464886 0.10825713059982149 0.0 0.36972343465744534 0.35019163091582667 0.36891964038679215 0.0 0.9712987242204755 0.9696259451197086 0.9889279559956388
0 0.514160 0.835286 0.092773 0.115885 0.0 0.14240078316090873 0.026010216855865975 0.1510636919732915 0.023288018250052913 0.36264174036540486 0.36498909800054896 0.4057870873576539 0.37637269580810556 0.6815451012874708 0.7038048762791488 0.6844062005168882 0.6559554750476094
0 0.072266 0.251302 0.101562 0.156250 0.0 0.10983810111070859 0.15356814634422206 0.06819718040515642 0.12307502559649212 0.2700499617925727 0.3019708315366679 0.23842978983399427 0.2293929988426529 0.05393835929881677 0.7093556002628889 0.15247857272440005 0.694293326858891
0 0.401855 0.859375 0.135742 0.153646 0.0 0.05737416745044498 0.054383890034798064 0.10845827586304688 0.1234604215849878 0.3107868137169888 0.3241063619211638 0.336626035345031 0.3209470321425339 0.68142313310646 0.656752376619474 0.6979626081995478 0.7014703378567588
0 0.566895 0.639323 0.069336 0.088542 0.0 0.13863899724036843 0.0 0.08890618385834874 0.0 0.3688759137530552 0.0 0.34534804142997755 0.0 0.005460863991678938 0.0 0.036878008916870104 0.0
0 0.104004 0.363932 0.108398 0.105469 0.0 0.0 0.19902048133423111 0.0 0.1721154879678219 0.0 0.2727394777259486 0.0 0.257150311684094 0.0 0.6862530545777517 0.0 0.6915478943765089
0 0.615234 0.824870 0.101562 0.079427 0.0 0.11405930029905881 0.05065855103594778 0.1735116751095554 0.0 0.37533149662616955 0.3561205732409585 0.36439944395666807 0.0 0.6743595032488143 0.6779260104783829 0.6859642425575588 0.0
0 0.700684 0.346354 0.100586 0.197917 0.032616526690156335 0.0 0.0 0.0 0.23393622299922712 0.0 0.0 0.0 0.0667126893065753 0.0 0.0 0.0 0.03153938887122144
0 0.011230 0.487630 0.020508 0.110677 0.1743521070521748 0.0 0.0 0.0 0.0 0.0 0.0 0.0 0.0 0.0 0.0 0.0 0.0
0 0.798828 0.507812 0.148438 0.203125 0.0 0.18480332651752412 0.0 0.09873327920461113 0.0 0.09441977901058896 0.0 0.12209099088228076 0.0 0.03493146065848683 0.0 0.036142928780195246 0.0
0 0.873047 0.654948 0.083984 0.140625 0.0 0.0 0.22643034067495343 0.0 0.18240151347542544 0.0 0.07478635688191045 0.0 0.12248672077365279 0.0 0.6512469026389853 0.0 0.6762945641400551
0 0.245117 0.934245 0.097656 0.131510 0.0 0.04042500262188225 0.06712399789539922 0.12379544343363504 0.03791285102079005 0.2940257827787802 0.3172701767983003 0.3035756025598315 0.30518822183097954 0.6768878116065806 0.6841472693111413 0.7176136695696009 0.6842327617754254
0 0.175781 0.964193 0.048828 0.071615 0.0 0.13119741277930047 0.0 0.19164282237004934 0.0 0.29710061188695824 0.0 0.2897749539757497 0.0 0.6630682139679032 0.0 0.6791324596767399 0.0
0 0.048340 0.955729 0.069336 0.088542 0.0 0.4057531012344511 0.0 0.05179185887509282 0.0 0.2577476535564516 0.0 0.27010194598990994 0.0 0.6542362481341412 0.0 0.6792771079051622 0.0
0 0.117676 0.953125 0.069336 0.088542 0.0 0.20242521090056279 0.0 0.17071290348644252 0.0 0.28911914942596173 0.0 0.27825449079215697 0.0 0.6748707808536852 0.0 0.6734678043430942 0.0
0 0.733398 0.957682 0.146484 0.084635 0.024947955746562174 0.10402354868149585 0.15316927561768084 0.07488337056370803 0.014858977003995348 0.2097441888039133 0.1853487940250128 0.1945546326426105 0.1885543544897106 0.6670957488484873 0.9174779339801413 0.6861064622742763 0.8729214428384557
0 0.623535 0.975260 0.067383 0.049479 0.0 0.25838035586212754 0.0 0.07734758131581787 0.0 0.31041542448770537 0.0 0.3026983556682256 0.0 0.6693253502665518 0.0 0.7043323667285109 0.0
