0 0.337891 0.513184 0.173177 0.170898 0.0 0.07926869466056742 0.11220099307046198 0.07006866131541045 0.11622985690412876 0.302268804194711 0.3020218919475609 0.28623193553196113 0.341933088701242 0.8203131882477405 0.6797343779776729 0.7878355238866175 0.7997283767826913
0 0.287760 0.743164 0.166667 0.117188 0.017758397781196523 0.10311056017428717 0.1475028270290696 0.019387514143579105 0.05648653865965611 0.34391199911658493 0.33495000717990847 0.3327605231478875 0.34575625448395647 0.8012017320692687 0.6923734353110185 0.5754914979559053 0.8124846677536741
0 0.325521 0.839355 0.109375 0.079102 0.0 0.0 0.20182307360755933 0.0 0.22300750559106453 0.0 0.16636150174231526 0.0 0.20403820730663916 0.0 0.6776021267024904 0.0 0.6825906325169727
0 0.564453 0.500488 0.126302 0.112305 0.0 0.25731399826642987 0.0 0.0 0.17007130554629973 0.2698989934157173 0.0 0.0 0.2762693577377857 0.010496269175289305 0.0 0.0 0.9899717606827984
0 0.798177 0.713867 0.119792 0.101562 0.0 0.22995862133886752 0.0 0.1771902004149152 0.0 0.2566392070928832 0.0 0.27013080402858436 0.0 0.01316129515294209 0.0 0.025525020260456523 0.0
0 0.799479 0.918457 0.104167 0.090820 0.0 0.1843717779004482 0.0 0.28597346376859983 0.0 0.28529456845918055 0.0 0.22916322444543438 0.0 0.22720299027178062 0.0 0.17993207118730367 0.0
0 0.728516 0.866211 0.100260 0.085938 0.0 0.20180024766914478 0.0 0.17960661349125437 0.0 0.3787772933261959 0.0 0.3766130886977888 0.0 0.07875630699400275 0.0 0.08158098990667718 0.0
0 0.166667 0.788086 0.096354 0.089844 0.0 0.26703970633204854 0.0 0.26922707616115443 0.0 0.24465008634535937 0.0 0.25975536727185083 0.0 0.8042092920337977 0.0 0.8301155367726595 0.0
0 0.362630 0.921875 0.128906 0.101562 0.0 0.0 0.17995239853428585 0.0 0.2144008070728812 0.0 0.18635410578487183 0.0 0.25133598406135094 0.0 0.6796038654207442 0.0 0.688948324378402
0 0.496745 0.437988 0.102865 0.084961 0.0 0.05940858501337462 0.05963158332428528 0.0 0.0 0.3594753409778143 0.296720111330111 0.0 0.0 0.6330263858135099 0.9257955865694012 0.0 0.0
0 0.572266 0.901367 0.141927 0.091797 0.0 0.0 0.1969715710043719 0.0 0.12626090822059116 0.0 0.26144151459089193 0.0 0.2646163857051236 0.0 0.6891334022689891 0.0 0.6878286287004648
0 0.490885 0.707520 0.164062 0.125977 0.0 0.007296120588848929 0.17425151504021472 0.0 0.11174028676130955 0.22785337316410373 0.23297648017781128 0.0 0.2398860826370784 0.8505724643378626 0.7954785470798706 0.0 0.7096850822625239
0 0.244141 0.583984 0.105469 0.095703 0.0 0.1948828443159167 0.0 0.192931838717097 0.0 0.22596321539806863 0.0 0.22313055121715428 0.0 0.8096585687356154 0.0 0.8232242553550704 0.0
0 0.093099 0.832031 0.100260 0.095703 0.0 0.24994519598530116 0.0 0.1763317881096169 0.0 0.2529148264407766 0.0 0.29251597704261717 0.0 0.8087012797779427 0.0 0.8219546749703467 0.0
0 0.584635 0.972656 0.101562 0.052734 0.0 0.0 0.2621210801690718 0.0 0.1903728377700138 0.0 0.355309886950311 0.0 0.3673494056116846 0.0 0.6835420955779304 0.0 0.6788965626498668
0 0.714844 0.641113 0.127604 0.100586 0.0 0.2089905573631381 0.0 0.0 0.16348387618533278 0.2875081260153729 0.0 0.0 0.24794506824117526 0.031481683890694966 0.0 0.0 0.9697906766331524
0 0.637370 0.577637 0.131510 0.104492 0.0 0.0 0.18724117040197524 0.0 0.15168036168830795 0.0 0.2883238309096732 0.0 0.26270959550762263 0.0 0.9922934834141122 0.0 0.9549266671793892
0 0.869141 0.772949 0.105469 0.092773 0.0 0.12109410736994336 0.0 0.17534825321658945 0.0 0.19575460418477608 0.0 0.16560589392275651 0.0 0.17809452584668897 0.0 0.20498407631589888 0.0
0 0.053385 0.638672 0.104167 0.136719 0.0 0.2075013033761966 0.0 0.13780399698192458 0.06807565677951184 0.19001884288996457 0.0 0.19508929567653377 0.2848094003444439 0.8106193486788639 0.0 0.8246790856482834 0.8201688562388161
0 0.149740 0.609375 0.111979 0.134766 0.0 0.21439533051878992 0.007084308838854298 0.17353547260348096 0.0 0.20311067001375782 0.07008874808315121 0.20136572369632053 0.0 0.8186165895050594 0.4888530458971748 0.8257007301661354 0.0
0 0.965495 0.302246 0.069010 0.090820 0.2313528652205929 0.0 0.0 0.0 0.0 0.0 0.0 0.0 0.0 0.0 0.0 0.0 0.0
0 0.650391 0.821289 0.100260 0.070312 0.0 0.19241323334146865 0.0 0.0 0.10219919166323224 0.2500861236677661 0.0 0.0 0.2604445699354989 0.0041093972279057315 0.0 0.0 0.986961620424583
0 0.510417 0.822266 0.119792 0.091797 0.15826741215800239 0.0 0.0 0.0 0.025916263053525616 0.0 0.0 0.0 0.18520820647782998 0.0 0.0 0.0 0.6897177816678259
0 0.600260 0.779297 0.070312 0.058594 0.0 0.2514954647420882 0.0 0.11467601707267505 0.0 0.25914131176305805 0.0 0.2905243803000422 0.0 0.005903156685932645 0.0 0.020455350294509837 0.0
0 0.031250 0.865234 0.059896 0.093750 0.0 0.19496732346410062 0.030557148447354084 0.1695259332763251 0.0 0.2790577708340619 0.32967954544375744 0.23886690387267512 0.0 0.8233040724414484 0.06255945200453715 0.8132593888109757 0.0
0 0.942057 0.797363 0.079427 0.090820 0.0 0.1127938089773964 0.0 0.19259684014302364 0.0 0.32628597417763866 0.0 0.2909068055743841 0.0 0.2538388717754139 0.0 0.25568266363228404 0.0
0 0.893229 0.952637 0.104167 0.090820 0.3291343597271838 0.0 0.0 0.0 0.0 0.0 0.0 0.0 0.0 0.0 0.0 0.0 0.0
0 0.970703 0.961914 0.058594 0.074219 0.07329035919423635 0.08357007198966722 0.0 0.1710055991725173 0.07251686508505915 0.2890555747899567 0.0 0.25530779230224476 0.2682877134608037 0.5061014464566118 0.0 0.35455041077812616 0.33658383343099496
0 0.888672 0.085938 0.154948 0.169922 0.29820801619903725 0.0 0.0 0.0 0.0 0.0 0.0 0.0 0.0 0.0 0.0 0.0 0.0
