0 0.527995 0.255859 0.152344 0.154948 0.36637588284752665 0.0 0.0 0.0 0.0 0.0 0.0 0.0 0.0 0.0 0.0 0.0 0.0
0 0.421875 0.682943 0.085938 0.126302 0.0 0.21500186686319442 0.0 0.1459187013397124 0.0 0.27226256708805313 0.0 0.26705856234161235 0.0 0.46326476606851086 0.0 0.45283614991569276 0.0
0 0.481120 0.845703 0.154948 0.100260 0.0 0.0 0.1955023112256838 0.0 0.18850523500370928 0.0 0.3115449195684794 0.0 0.29413297379283143 0.0 0.45766115143897224 0.0 0.46116906418571374
0 0.287109 0.210938 0.123698 0.109375 0.023934395428890705 0.20405997987810762 0.0 0.1083916535922047 0.0 0.2656488477320641 0.0 0.27757889268088337 0.0 0.9908299435981298 0.0 0.9823980573581739 0.0
0 0.255208 0.812500 0.143229 0.075521 0.0 0.0 0.12263561618906997 0.0 0.10972582674668327 0.0 0.34034996987998684 0.0 0.3637523910069631 0.0 0.4529622658812185 0.0 0.4319782017109134
0 0.803385 0.773438 0.114583 0.109375 0.0 0.04847114080909496 0.13224451955785382 0.0 0.10574964618736787 0.26540821255682934 0.2611017001411629 0.0 0.2528612730427917 0.7124611064058043 0.7184571119231464 0.0 0.7240586841338803
0 0.250651 0.885417 0.149740 0.075521 0.0 0.0 0.19563407744073644 0.0 0.07126422915555478 0.0 0.24672099400373323 0.0 0.26505128114588333 0.0 0.45618207397420557 0.0 0.4210042534706533
0 0.555990 0.125651 0.106771 0.108073 0.0 0.0 0.1397933834466262 0.0 0.09583568913740004 0.0 0.22070844676475695 0.0 0.25875210153186645 0.0 0.4646004173070739 0.0 0.4737920126818052
0 0.141276 0.030599 0.141927 0.058594 0.0 0.10050000565388602 0.0 0.266526065046671 0.0 0.31290326236391 0.0 0.31738313328098194 0.0 0.9671826144356932 0.0 0.9829890963943525 0.0
0 0.944010 0.583984 0.111979 0.110677 0.0 0.0 0.014505165309906113 0.0 0.3369718033483386 0.0 0.1875576214360949 0.0 0.16997933667137233 0.0 0.5974874702646951 0.0 0.7215243803878426
0 0.873698 0.969401 0.111979 0.061198 0.0 0.0 0.1521599060091044 0.0 0.11571885949444664 0.0 0.3302553026649985 0.0 0.3136834614600609 0.0 0.7108164828626161 0.0 0.71035489614713
0 0.417318 0.461589 0.071615 0.128906 0.0 0.19266620780048727 0.0 0.1051378865138491 0.0 0.2257976270762066 0.0 0.3900496669042556 0.0 0.465363303745502 0.0 0.4584837297764131 0.0
0 0.907552 0.399089 0.184896 0.186198 0.04888489844219922 0.0906571872401533 0.05248828319723842 0.0 0.08899417496340595 0.2566408514356546 0.2953433604690464 0.0 0.24862245360946097 0.7179791403452669 0.7819741715184645 0.0 0.7001501381811863
0 0.845703 0.240234 0.173177 0.180990 0.0 0.0 0.1564302587301678 0.0 0.22717429859518007 0.0 0.28756684130193755 0.0 0.3054454056255505 0.0 0.7207175345535328 0.0 0.7066137392664105
0 0.336589 0.439453 0.110677 0.162760 0.0 0.20963711598820828 0.0 0.1764685200412315 0.0 0.2000246508978712 0.0 0.20722039388659677 0.0 0.4575594331638085 0.0 0.439026114541853 0.0
0 0.052083 0.095703 0.101562 0.121094 0.0 0.14135378989388117 0.0 0.20305777143691156 0.03228769508844064 0.32069276891971316 0.0 0.3525536740579567 0.3089659447335852 0.8648160202795292 0.0 0.9940183340841076 0.340117665327378
0 0.473958 0.927083 0.153646 0.065104 0.0 0.0 0.11825841233839868 0.0 0.19976624578587224 0.0 0.3505794185454204 0.0 0.19553295071238463 0.0 0.4386359440971167 0.0 0.4675320684164979
0 0.465495 0.977865 0.154948 0.044271 0.0 0.0 0.06578869777034503 0.0 0.0969946919825851 0.0 0.25088552949398724 0.0 0.34218641300438346 0.0 0.5413889637181432 0.0 0.5160945116957928
0 0.711589 0.522786 0.139323 0.149740 0.2669464222708203 0.0 0.0 0.0 0.0 0.0 0.0 0.0 0.0 0.0 0.0 0.0 0.0
0 0.247396 0.476562 0.078125 0.101562 0.0 0.17379305780767246 0.0 0.21805460261668827 0.0 0.24021823388635244 0.0 0.22459146833436688 0.0 0.43146636504157193 0.0 0.45744000098024457 0.0
0 0.285156 0.661458 0.187500 0.127604 0.0 0.13524882954409356 0.0 0.17195586579625916 0.02104418730142566 0.3253751260344768 0.0 0.2623056720580529 0.3416385636134921 0.4603642821015641 0.0 0.4533012880587194 0.35238142884789164
0 0.682292 0.967448 0.130208 0.065104 0.22215205877445224 0.0 0.0 0.0 0.0 0.0 0.0 0.0 0.0 0.0 0.0 0.0 0.0
0 0.038411 0.462891 0.074219 0.167969 0.04429317323119392 0.05697744187667326 0.06867049831434226 0.0 0.09421675094433905 0.30741140117721727 0.31247767735203613 0.0 0.3009533633527026 0.007327554691843435 0.018863298972010195 0.0 0.007164872235150849
0 0.819010 0.882812 0.132812 0.125000 0.0 0.0 0.1822873640865657 0.0 0.19396899971859038 0.0 0.29959621939730297 0.0 0.2992278737700236 0.0 0.7168780670507778 0.0 0.7169970274419948
0 0.056641 0.825521 0.110677 0.135417 0.0 0.15403036877888215 0.09698993072909096 0.11278159867745005 0.0 0.2358294773395233 0.23525862808508474 0.21865990966775045 0.0 0.030701448614507222 0.04874423822595494 0.04321839763240216 0.0
0 0.679688 0.765625 0.109375 0.093750 0.0 0.0 0.11146911901245281 0.0 0.06890769034812422 0.0 0.1949899017346684 0.0 0.3603161524598794 0.0 0.4410821573756089 0.0 0.45322737556476766
0 0.513021 0.434896 0.143229 0.190104 0.010306771410184094 0.04427340264997856 0.11522537527640189 0.06324925046413953 0.08517845060105118 0.290655658665216 0.3274008701208663 0.3556129346497362 0.3094459692368178 0.5135146498068035 0.4383675425944302 0.464621394235161 0.4649615108774684
0 0.177734 0.492188 0.074219 0.098958 0.0 0.0 0.0 0.27182524156262283 0.0 0.0 0.0 0.18028169946313685 0.0 0.0 0.0 0.45690284454751817 0.0
0 0.684896 0.884766 0.135417 0.128906 0.0 0.0 0.17650006413363073 0.0 0.189621644567143 0.0 0.22686607355067498 0.0 0.3421933101304574 0.0 0.47024189505781666 0.0 0.43676328046144275
0 0.073568 0.697266 0.118490 0.134115 0.0 0.0 0.15291812548075268 0.0 0.18033348603110216 0.0 0.2107027520063292 0.0 0.19851880267250038 0.0 0.45916134082873505 0.0 0.45671638797479186
0 0.517578 0.468750 0.134115 0.122396 0.02951218834464132 0.02709744082593263 0.06056096469757659 0.05102405945154334 0.031757531836572296 0.2904616881616365 0.34879148999270193 0.3743841308479498 0.2811478122992001 0.4499370938320559 0.4555438955272102 0.46055229051204694 0.4750182593107948
0 0.798177 0.101562 0.179688 0.138021 0.06335751647479561 0.0 0.0523775311808729 0.0 0.09703425694369831 0.0 0.2625415231009828 0.0 0.27216197494427663 0.0 0.7368208798394579 0.0 0.724556454765366
0 0.756510 0.024089 0.169271 0.045573 0.0 0.0 0.12010076614074151 0.28219552044319957 0.043815624281047134 0.0 0.22538294469460396 0.2622055973174441 0.23592180156254663 0.0 0.47591602253574855 0.4671637618466377 0.7336988131284363
0 0.513021 0.366536 0.135417 0.074219 0.0 0.023570061489943367 0.10089519444483622 0.020657118294609124 0.13342887417538463 0.3768060811045226 0.3231708870577654 0.29751435461868764 0.3176732988235117 0.49224806668353377 0.39977042997936696 0.45803528991190645 0.47122158482415716
0 0.171875 0.307292 0.156250 0.143229 0.04258754813265392 0.0 0.14540378725384906 0.0 0.15322610301373027 0.0 0.2834335701155509 0.0 0.2955614807913891 0.0 0.005048140956293739 0.0 0.004874937479417933
0 0.983073 0.805990 0.033854 0.057292 0.0 0.0 0.0 0.0 0.37557564753730815 0.0 0.0 0.0 0.2462223929569416 0.0 0.0 0.0 0.72315527777966
0 0.370443 0.117839 0.136719 0.095052 0.03547363970502886 0.204025881397175 0.0 0.07863914884613481 0.0 0.413391422985381 0.0 0.4159412336961785 0.0 0.9932299202904908 0.0 0.9648648858677606 0.0
0 0.729818 0.660156 0.188802 0.125000 0.0 0.015746809430234238 0.0750547045159132 0.08074166066634164 0.10057110888916856 0.27612664508047075 0.38756007365176093 0.35684452428693714 0.36989994693855216 0.40212478305908644 0.7121541045650073 0.579910438464218 0.45835858302448174
0 0.238932 0.960286 0.131510 0.079427 0.0 0.008182808705070047 0.17952043698172737 0.0 0.19645020183233605 0.3855813035722738 0.27422940205894647 0.0 0.36207682752765347 0.10621522322276501 0.46069461275904416 0.0 0.45838796293766615
0 0.445964 0.040365 0.118490 0.078125 0.18908984095677112 0.0 0.0 0.0 0.0 0.0 0.0 0.0 0.0 0.0 0.0 0.0 0.0
0 0.557292 0.035156 0.109375 0.067708 0.0 0.0 0.2620640723564991 0.0 0.0 0.0 0.29900736913354864 0.0 0.0 0.0 0.7226416083454069 0.0 0.0
0 0.973307 0.754557 0.053385 0.055990 0.0 0.0 0.0 0.0 0.1990512543686572 0.0 0.0 0.0 0.24957483468679828 0.0 0.0 0.0 0.7340465456481808
0 0.958333 0.673828 0.083333 0.105469 0.0 0.0 0.0 0.0 0.18754982859963604 0.0 0.0 0.0 0.1981681329779189 0.0 0.0 0.0 0.7103455183133742
0 0.944010 0.035156 0.111979 0.067708 0.08494504299981391 0.12515575429879244 0.0 0.15890321482219058 0.0 0.21990700426478388 0.0 0.22802044783425748 0.0 0.6710534268726936 0.0 0.6614715636488471 0.0
0 0.509115 0.667318 0.096354 0.089844 0.0 0.1610656071205421 0.15756541051068837 0.0 0.0 0.2730699398248687 0.2808843752660227 0.0 0.0 0.4386748708006125 0.47284956167600223 0.0 0.0
0 0.492839 0.754557 0.131510 0.082031 0.0 0.0 0.21476514680523637 0.0 0.16699231788953367 0.0 0.27491300757324794 0.0 0.273947502850929 0.0 0.4613830068950765 0.0 0.4583207235198371
