0 0.646973 0.787598 0.106445 0.073242 0.0 0.0 0.230228944492231 0.0 0.1337659387426273 0.0 0.23824404077991415 0.0 0.30385309855202697 0.0 0.8402885242410024 0.0 0.8468685210503407
0 0.259766 0.361328 0.126953 0.080078 0.0 0.12146064785363365 0.03347611415784063 0.10647309708989418 0.0 0.40723372401715835 0.39033785925081926 0.406117912256495 0.0 0.6857159828908038 0.7114987428697096 0.6682504079180361 0.0
0 0.692383 0.850098 0.107422 0.067383 0.0 0.0 0.12339836787599974 0.0 0.1521216618280648 0.0 0.3392639170412245 0.0 0.29953453670242536 0.0 0.8640276815022803 0.0 0.837295631473614
0 0.481445 0.243652 0.121094 0.075195 0.0 0.0 0.14137264308569625 0.0 0.16524920539335228 0.0 0.335236642062211 0.0 0.3353241366399428 0.0 0.53850254237605 0.0 0.5391340444314532
0 0.497559 0.384766 0.114258 0.085938 0.0 0.0 0.18089071427453357 0.0 0.17532552618417663 0.0 0.2462637433899887 0.0 0.24737060614978412 0.0 0.5441000792431328 0.0 0.5485191796969954
0 0.480469 0.164062 0.113281 0.087891 0.005312870685993458 0.0 0.20178058411958866 0.0 0.07173721218310855 0.0 0.27416653986865147 0.0 0.24248851651680392 0.0 0.547274115582307 0.0 0.5369450446633451
0 0.461426 0.037109 0.131836 0.072266 0.0 0.09322261650602529 0.06410692894366232 0.0 0.09693501617455613 0.340965585506258 0.34111738643614914 0.0 0.2953124063125448 0.5835351535544564 0.5459325146473349 0.0 0.6126962442663613
0 0.485352 0.094727 0.097656 0.052734 0.0 0.0 0.08992510849638281 0.0 0.08570489569740479 0.0 0.275338096526246 0.0 0.27274495805911186 0.0 0.5465548017989661 0.0 0.5434546703184215
0 0.490723 0.311523 0.122070 0.068359 0.0 0.0 0.15458994609531146 0.0 0.14397360930539857 0.0 0.3368135821587877 0.0 0.2845750430172488 0.0 0.5265821476123048 0.0 0.5422832604947201
0 0.308594 0.090332 0.068359 0.112305 0.009614962100712747 0.09113861565595688 0.0 0.06565982814430663 0.0 0.2288694934033204 0.0 0.2473133139710908 0.0 0.6690734274456235 0.0 0.7308745926001179 0.0
0 0.476562 0.638672 0.130859 0.128906 0.3178819450596887 0.0 0.0 0.0 0.0 0.0 0.0 0.0 0.0 0.0 0.0 0.0 0.0
0 0.322754 0.945312 0.159180 0.107422 0.5242820393202946 0.0 0.0 0.0 0.005623052332865263 0.0 0.0 0.0 0.07287752439533285 0.0 0.0 0.0 0.42023953503936645
0 0.306641 0.266113 0.078125 0.116211 0.0 0.0892074909455465 0.129865278086899 0.03614019456627256 0.13332473038247356 0.3069664574672596 0.3061862038347346 0.31519326222655436 0.30606766121602413 0.6291355198693 0.6689351478826797 0.6764961584390966 0.6867764760043198
0 0.052246 0.020996 0.100586 0.040039 0.0 0.05748679658003669 0.030783029584369723 0.1530967277399575 0.0 0.32809849054667006 0.361941249677882 0.32737859722693197 0.0 0.6842558402282366 0.14162300988906193 0.6874092829129609 0.0
0 0.247070 0.143066 0.099609 0.163086 0.0 0.08291167790692142 0.04808247604501484 0.05861616719251322 0.1394832210898071 0.29099382721475997 0.319290360815231 0.28397699633124684 0.32068958879052445 0.7328763900529909 0.6807573705350732 0.700153581103306 0.6707220404692139
0 0.055176 0.217773 0.108398 0.107422 0.0 0.15699112350419248 0.09043035048079368 0.14337463502962278 0.0 0.2573168002375328 0.2607789040043119 0.2634488850284899 0.0 0.6841034511187546 0.6859847799253517 0.7004329358403601 0.0
0 0.043457 0.625488 0.084961 0.112305 0.2016359614511682 0.0 0.0 0.0 0.0 0.0 0.0 0.0 0.0 0.0 0.0 0.0 0.0
0 0.377930 0.078613 0.068359 0.112305 0.0 0.19862289048046383 0.0 0.17004639231864302 0.0 0.22449579295240638 0.0 0.22482845644865485 0.0 0.6829985541840188 0.0 0.6849746240378143 0.0
