0 0.439941 0.447917 0.096680 0.109375 0.0 0.11787198554685333 0.052261928967092953 0.11617768405504655 0.0 0.3668569924774472 0.3471540643044175 0.3587678301137869 0.0 0.3517772578481899 0.36213045922368176 0.34215839856697194 0.0
0 0.186523 0.363932 0.101562 0.115885 0.0 0.1335712117208694 0.0 0.0835516776457205 0.07790829886059054 0.3298887553104434 0.0 0.3456805654961017 0.31762262688640613 0.3391710812610605 0.0 0.35096266418910005 0.34604379721344414
0 0.163574 0.475260 0.096680 0.122396 0.0 0.0 0.15147561109394056 0.0 0.12713599513498203 0.0 0.2846930688637993 0.0 0.41302612014300744 0.0 0.34075890166082434 0.0 0.342682281667927
0 0.350586 0.419271 0.087891 0.111979 0.0 0.19948207530003978 0.0 0.17161521137930477 0.0 0.29097878073586286 0.0 0.2891121431653905 0.0 0.3412489006975692 0.0 0.352999806054552 0.0
0 0.438965 0.261068 0.083008 0.123698 0.0 0.1418285538211911 0.05464528814189194 0.22501143074842464 0.055895409425568775 0.32659171435193246 0.3703273149281419 0.3184381094232335 0.30417790416562507 0.31985894905582185 0.3485975743744413 0.3513251954520462 0.3422471491525871
0 0.353027 0.884766 0.100586 0.110677 0.0 0.0 0.16565052949830816 0.0 0.20876257086888478 0.0 0.29446223815390477 0.0 0.29621909220995074 0.0 0.3449084882273269 0.0 0.34606292174312014
0 0.384766 0.714844 0.085938 0.070312 0.0 0.0 0.21047401943206973 0.0 0.31654554694393183 0.0 0.28729616330033275 0.0 0.2703706078040193 0.0 0.3450936242993293 0.0 0.355360630587286
0 0.919922 0.609375 0.160156 0.101562 0.0 0.17693220307400467 0.0 0.19600752846961836 0.0 0.23553760666028947 0.0 0.23542750187443773 0.0 0.3467521358938299 0.0 0.3453880155705172 0.0
0 0.368652 0.222656 0.081055 0.153646 0.0 0.19429097347016033 0.0 0.18946773046453236 0.0 0.20234506842327038 0.0 0.2567788440188846 0.0 0.33959227625987803 0.0 0.34853088917160324 0.0
0 0.123535 0.724609 0.088867 0.100260 0.0 0.0 0.22422631313316652 0.0 0.2296705561886875 0.0 0.2529993522643736 0.0 0.2554404420946443 0.0 0.3383168054685812 0.0 0.34528989611105615
0 0.769531 0.551432 0.115234 0.079427 0.0 0.0 0.0 0.4632624934603193 0.0 0.0 0.0 0.19672826875263874 0.0 0.0 0.0 0.33511305843810407 0.0
0 0.411133 0.557943 0.111328 0.118490 0.0 0.0 0.14785139549459134 0.0 0.18868577292453628 0.0 0.31898502263180495 0.0 0.31156590677883433 0.0 0.3417559290385428 0.0 0.3534921943943336
0 0.523926 0.276042 0.086914 0.143229 0.0 0.09299049077257088 0.033528036656802235 0.10241485202523055 0.04606703550204269 0.21088366307764742 0.4100849565298835 0.2434530867839276 0.44529980192618396 0.3314228387756073 0.3488370177333331 0.34550701264405714 0.33868621319415276
0 0.372070 0.791667 0.097656 0.083333 0.10278215049973699 0.11648363790612376 0.0 0.07039887009398184 0.010855225481575779 0.15704932486410644 0.0 0.2592532840429948 0.2670298664571923 0.33762300741893103 0.0 0.3593201622467288 0.36059619825907324
0 0.259277 0.455729 0.084961 0.236979 0.0 0.19210885586817944 0.0 0.17764122620938494 0.0 0.325075020775509 0.0 0.32517827955092493 0.0 0.34296818568484044 0.0 0.3491459923927428 0.0
0 0.100098 0.822266 0.094727 0.097656 0.0 0.0 0.21914469365356853 0.0 0.2077912744873074 0.0 0.21365173463433468 0.0 0.20224086542604336 0.0 0.3341935341031305 0.0 0.34992607673767934
0 0.041504 0.331380 0.081055 0.149740 0.0 0.05527209388576143 0.27006159048311834 0.03208750609868248 0.03780986354492025 0.25058999440912516 0.2606311872071778 0.13879772192727144 0.2659903505821786 0.332438646310794 0.3444256792303716 0.335900731031388 0.33474294683219774
0 0.398438 0.649089 0.085938 0.074219 0.0 0.0 0.1130106007457089 0.0 0.1535448770884194 0.0 0.3050204327544788 0.0 0.28935890177199625 0.0 0.32999319543654526 0.0 0.3670048888663053
0 0.031250 0.442708 0.060547 0.083333 0.0 0.0 0.29513829959156973 0.0 0.07834589440294204 0.0 0.2190506841593689 0.0 0.37871756605416096 0.0 0.301286953856105 0.0 0.36850935186748696
0 0.798828 0.375651 0.119141 0.141927 0.0 0.19313020366307684 0.0 0.15685569595775592 0.0 0.2703321113223462 0.0 0.2971890780597232 0.0 0.3508185269616924 0.0 0.3437168959535875 0.0
0 0.222656 0.194010 0.068359 0.135417 0.0 0.12341723632379749 0.0 0.2206747069247251 0.0 0.30718078786607383 0.0 0.3008526763338197 0.0 0.34398059691062033 0.0 0.3449226520150672 0.0
0 0.682129 0.270833 0.092773 0.072917 0.0 0.08807709949863173 0.0 0.2361971512082395 0.0 0.311399507094052 0.0 0.26654831174477334 0.0 0.31407484130269187 0.0 0.3333167945773814 0.0
0 0.301270 0.180339 0.084961 0.207031 0.0 0.0 0.12205694135500353 0.0 0.15293050792877913 0.0 0.20412972589027018 0.0 0.19869880206748705 0.0 0.34815367237035527 0.0 0.3580482341346952
0 0.270996 0.398438 0.083008 0.127604 0.0 0.24014807326185403 0.0 0.17862775823136848 0.0 0.32737952295569095 0.0 0.34468978467673184 0.0 0.35354695986214024 0.0 0.3452987677653621 0.0
0 0.605957 0.587891 0.151367 0.092448 0.0 0.298374761105226 0.0 0.20745081839799018 0.0 0.24144872986252297 0.0 0.2793975708915465 0.0 0.3515346343506729 0.0 0.35572717648112884 0.0
0 0.539062 0.777344 0.128906 0.294271 0.12841949159339336 0.0 0.1408970979696382 0.0 0.13656640964866446 0.0 0.24718595342507532 0.0 0.24632267103087221 0.0 0.34709205227311046 0.0 0.34553168480767465
0 0.927734 0.422526 0.144531 0.149740 0.2599310964083671 0.0 0.0 0.0 0.0 0.0 0.0 0.0 0.0 0.0 0.0 0.0 0.0
0 0.251465 0.514974 0.077148 0.118490 0.0 0.13320806752477005 0.0 0.20117183179538023 0.0 0.3128122367123472 0.0 0.3074949908198304 0.0 0.3445478061756946 0.0 0.338646922423678 0.0
0 0.073730 0.962891 0.094727 0.074219 0.0 0.0 0.17331062088783647 0.0 0.3076830957551114 0.0 0.28673489401437535 0.0 0.29225019456349544 0.0 0.34985827888696563 0.0 0.3911245635553437
0 0.139648 0.639323 0.095703 0.072917 0.0 0.0 0.21278048035239752 0.0 0.22234908592031313 0.0 0.2742534214836061 0.0 0.2712443279749781 0.0 0.339923303906864 0.0 0.3599535533491658
0 0.678711 0.362630 0.074219 0.123698 0.0 0.16802604339976185 0.0 0.20881746565236237 0.0 0.2851012622461958 0.0 0.28163482100127263 0.0 0.3108582016585697 0.0 0.3994656588691391 0.0
0 0.604980 0.328776 0.083008 0.102865 0.0 0.17793556462977175 0.0 0.24345357466151066 0.0 0.32173606398424753 0.0 0.3113781865290953 0.0 0.36984917948213586 0.0 0.3212656846968015 0.0
0 0.084961 0.900391 0.089844 0.061198 0.0 0.0 0.10420035138455203 0.0 0.04870225264438892 0.0 0.18514391937013452 0.0 0.20770350868706366 0.0 0.3795806344293055 0.0 0.2843275739110428
0 0.925293 0.731120 0.147461 0.079427 0.0 0.13484393203305983 0.03496392302405885 0.13241309728457626 0.026367200223895045 0.3544137475246671 0.34892233393250055 0.3445341772830837 0.36154376868552685 0.3448639680432753 0.33819693564864794 0.3450773178542723 0.320760410071817
0 0.148926 0.565104 0.100586 0.072917 0.0 0.0 0.12142529080412724 0.0 0.15579285020878883 0.0 0.2684569545144109 0.0 0.2637985798609054 0.0 0.34862379808547656 0.0 0.3341522860864703
0 0.104980 0.177083 0.057617 0.075521 0.0 0.0 0.12894521531007663 0.0 0.10763709817506517 0.0 0.31748603747714016 0.0 0.3036719015063982 0.0 0.35166046224496894 0.0 0.3356613025470984
0 0.909668 0.804688 0.135742 0.075521 0.0 0.11229278317635075 0.03469485333606648 0.18566554688032116 0.018873751988167528 0.3549398659958218 0.3735495930381828 0.34457041522822535 0.3610444803093224 0.3466206926978027 0.34078278835017134 0.3439544347547225 0.33777213456459537
0 0.954590 0.082031 0.084961 0.161458 0.0 0.0 0.19167563591891956 0.0 0.19404001560379894 0.0 0.3369828496108476 0.0 0.33836530241835805 0.0 0.2992589568550418 0.0 0.29836088057975113
0 0.041016 0.094401 0.080078 0.186198 0.0 0.0 0.09435842543920069 0.12350727764181209 0.13650179382123376 0.0 0.29876020166555745 0.10104148507392972 0.30526003489696185 0.0 0.33447996567507454 0.3612338267719742 0.35962585605098685
0 0.161621 0.195312 0.057617 0.075521 0.0 0.0 0.19750558342472466 0.0 0.14821724243783824 0.0 0.31250327575820325 0.0 0.3137632680897499 0.0 0.35299134357749407 0.0 0.3403770169320568
0 0.125977 0.063802 0.056641 0.109375 0.0 0.0 0.17977418274947077 0.0 0.17365615087278852 0.0 0.31648416464698353 0.0 0.3067582234396185 0.0 0.34641578765428876 0.0 0.34589414017963016
0 0.178711 0.089844 0.056641 0.109375 0.0 0.0 0.23714844820748757 0.0 0.14363207701463596 0.0 0.31322599842819165 0.0 0.31358647484515867 0.0 0.33584955141289596 0.0 0.33678934623402135
0 0.868164 0.058594 0.083984 0.114583 0.0 0.0 0.2085481079749012 0.0 0.1808453265478732 0.0 0.3379437058395879 0.0 0.33251290145970863 0.0 0.300888317454296 0.0 0.2993451867301407
0 0.787109 0.042969 0.080078 0.083333 0.0 0.0 0.19851884467295183 0.0 0.1219203992347348 0.0 0.33591800974389346 0.0 0.3353747064732182 0.0 0.3014965647726336 0.0 0.28871574277980366
0 0.703613 0.020833 0.083008 0.039062 0.0 0.0 0.16281141355919546 0.0 0.0 0.0 0.3377536521688826 0.0 0.0 0.0 0.2885019970674503 0.0 0.0
0 0.338379 0.968099 0.086914 0.063802 0.0 0.0 0.23907953603748733 0.0 0.20663924727675045 0.0 0.2961658936540766 0.0 0.2903133470499228 0.0 0.34757747002287387 0.0 0.35261018929951277
0 0.618652 0.508464 0.151367 0.092448 0.0 0.40661262457406566 0.09292763618631783 0.0 0.0 0.16491334344813166 0.21658720119748892 0.0 0.0 0.339680765155125 0.3248332531370686 0.0 0.0
0 0.500977 0.962240 0.105469 0.075521 0.0 0.0 0.1273116809284045 0.0 0.2378202177017798 0.0 0.24719567525362263 0.0 0.2550646747852006 0.0 0.33890036924216815 0.0 0.3453906793468093
0 0.754883 0.625651 0.115234 0.079427 0.0 0.0 0.0 0.44876042857182996 0.0 0.0 0.0 0.19985305667305522 0.0 0.0 0.0 0.33835238948846863 0.0
0 0.749023 0.686849 0.115234 0.079427 0.0 0.0 0.0 0.4246453123697993 0.0 0.0 0.0 0.19978853381541814 0.0 0.0 0.0 0.33988303488146854 0.0
0 0.733398 0.757161 0.115234 0.079427 0.0 0.0 0.0 0.4409724964281375 0.0 0.0 0.0 0.19954094776939033 0.0 0.0 0.0 0.3420343167970502 0.0
0 0.716797 0.827474 0.115234 0.079427 0.0 0.0 0.0 0.2950388991050094 0.0 0.0 0.0 0.19949626948422505 0.0 0.0 0.0 0.33871879119194453 0.0
0 0.704102 0.896484 0.115234 0.079427 0.0 0.0 0.0 0.3480661289239102 0.0 0.0 0.0 0.19530854378970916 0.0 0.0 0.0 0.33898038743715614 0.0
0 0.690430 0.959635 0.115234 0.080729 0.0 0.0 0.0 0.42775002426390646 0.0 0.0 0.0 0.19505684077054938 0.0 0.0 0.0 0.34013081896635844 0.0
0 0.912109 0.926432 0.097656 0.147135 0.0 0.0 0.19089185742484846 0.0 0.2908291755125813 0.0 0.35578285670897786 0.0 0.36436353018626866 0.0 0.3371399828473361 0.0 0.34553479206913806
0 0.407227 0.059896 0.083984 0.114583 0.0 0.23045190836569995 0.0 0.28426069239530394 0.0 0.37070718938324576 0.0 0.3497974268879543 0.0 0.3124740726342132 0.0 0.31010978494343816 0.0
0 0.482422 0.089844 0.083984 0.114583 0.0 0.23353242816182807 0.0 0.2810905724383429 0.0 0.36948247966595404 0.0 0.36470869263590877 0.0 0.30171371672478436 0.0 0.30254193534306417 0.0
0 0.561523 0.122396 0.083984 0.114583 0.0 0.25040472431491617 0.0 0.2593494016049363 0.0 0.3694275423674158 0.0 0.3672186778546908 0.0 0.30067385836914534 0.0 0.2998607066388805 0.0
0 0.617188 0.151042 0.083984 0.114583 0.0 0.26761754662063625 0.0 0.23876992032835564 0.0 0.36722431363683755 0.0 0.3599460537647331 0.0 0.29848804605275964 0.0 0.302547171821428 0.0
0 0.686523 0.171875 0.083984 0.114583 0.0 0.2623894172527661 0.0 0.23367401686161376 0.0 0.366069543955132 0.0 0.37774707558675574 0.0 0.299644017624289 0.0 0.29719215173015656 0.0
0 0.762695 0.199219 0.083984 0.114583 0.0 0.2856021351201726 0.0 0.1956095543147819 0.0 0.3653977119899023 0.0 0.36601008295275245 0.0 0.2967784497035055 0.0 0.30249313743599404 0.0
0 0.834961 0.230469 0.083984 0.114583 0.0 0.2707971701718255 0.0 0.17523970189717872 0.0 0.36507338514227633 0.0 0.3710063268326381 0.0 0.30298306943653586 0.0 0.3039387849193228 0.0
0 0.913086 0.278646 0.083984 0.114583 0.0 0.2819280083269001 0.0 0.2613865636220349 0.0 0.36958391493282433 0.0 0.3701742552675993 0.0 0.2968157121799774 0.0 0.2940994420739745 0.0
0 0.975098 0.302083 0.049805 0.114583 0.0 0.2939620596721299 0.0 0.25530617799718114 0.0 0.3672575701479853 0.0 0.37539434739313055 0.0 0.30166484292672335 0.0 0.29864903108011986 0.0
