0 0.125977 0.805664 0.115234 0.074219 0.0 0.0 0.20607500111388485 0.0 0.21854936340472433 0.0 0.2627833856472534 0.0 0.2646082179556155 0.0 0.6883928200354827 0.0 0.7649906417919327
0 0.416992 0.727539 0.091797 0.076172 0.0 0.0 0.2541993837897898 0.0 0.19746430807498047 0.0 0.2607395523415161 0.0 0.24802410538969424 0.0 0.6914660636525299 0.0 0.699020424892466
0 0.375977 0.593750 0.095703 0.083984 0.0 0.0 0.16513509655350628 0.0 0.17578420958947116 0.0 0.33970991966788977 0.0 0.27754987912122875 0.0 0.6853967196105613 0.0 0.690758172726474
0 0.758789 0.694336 0.083984 0.070312 0.0 0.18479078772168933 0.0 0.14659483468166315 0.0 0.28633725887070816 0.0 0.2573413064767255 0.0 0.05500458977375118 0.0 0.07263025467234804 0.0
0 0.604492 0.786621 0.093750 0.104492 0.0 0.0 0.17179989508975899 0.0 0.16046086278002283 0.0 0.35578178322811477 0.0 0.35928199716744885 0.0 0.6864596867728922 0.0 0.6868062252727046
0 0.047363 0.480469 0.092773 0.103516 0.0 0.0 0.2512866466078989 0.0 0.13394517703073877 0.0 0.268819766041176 0.0 0.28793300482292916 0.0 0.6836626294440336 0.0 0.6777358858369091
0 0.496094 0.954102 0.076172 0.091797 0.0 0.055686378407120936 0.09246486344019805 0.170531093655171 0.052225831329784436 0.2940257827787802 0.3172701767983003 0.3035756025598315 0.30518822183097954 0.6768878116065806 0.6841472693111413 0.7176136695696009 0.6842327617754254
0 0.572266 0.688965 0.089844 0.098633 0.0 0.0 0.13601158987450213 0.0 0.18820155877385805 0.0 0.3346927738224206 0.0 0.35246903131179885 0.0 0.7047236687295363 0.0 0.6932112731123794
0 0.108887 0.744141 0.110352 0.070312 0.0 0.0 0.21224936756656737 0.0 0.20898059649500328 0.0 0.2879383880873527 0.0 0.2651814398054797 0.0 0.6817446554068509 0.0 0.6829403382024775
0 0.438477 0.793457 0.097656 0.077148 0.0 0.0 0.22001906096517135 0.0 0.1840059406392969 0.0 0.25215190325016545 0.0 0.2415983270896412 0.0 0.7095093364374573 0.0 0.6766266631156991
0 0.149902 0.877441 0.120117 0.081055 0.0 0.02748626442843624 0.16154266874293816 0.0275428117895481 0.1851242557828665 0.31233669060890834 0.3267521037380628 0.3024125807011641 0.328777663733257 0.6666970175829402 0.6857593077917504 0.7214394861966974 0.6687344554207401
0 0.240723 0.982422 0.053711 0.035156 0.0 0.3622599971576242 0.0 0.0 0.0 0.296183909419017 0.0 0.0 0.0 0.6788844276829571 0.0 0.0 0.0
0 0.485840 0.868164 0.083008 0.080078 0.0 0.018099037057933785 0.11940711542427383 0.024243444515687496 0.09608402385882307 0.2526723772461487 0.25551213331765127 0.2426282005251116 0.24741293837394895 0.7084892755124511 0.6892710874990079 0.6773883329266817 0.6805556974346327
0 0.398438 0.655273 0.097656 0.080078 0.0 0.0 0.22736034615191256 0.0 0.1443949312905966 0.0 0.24967254399617053 0.0 0.23951187532860468 0.0 0.6556292848196994 0.0 0.6806214130882672
0 0.092773 0.679199 0.105469 0.065430 0.0 0.0 0.2209589750346523 0.0 0.27822108617029934 0.0 0.26296078047294436 0.0 0.26860089275019006 0.0 0.6883599782092236 0.0 0.6377150754141364
0 0.033691 0.212891 0.065430 0.083984 0.07500546806710492 0.2126064087613761 0.0 0.08834973135345396 0.0 0.33055749169202225 0.0 0.3301917084116969 0.0 0.12594980262816904 0.0 0.11713789225189292 0.0
0 0.059082 0.552734 0.102539 0.072266 0.0 0.0 0.13693157699074127 0.0 0.26141373853076555 0.0 0.33969746117365424 0.0 0.23211827332871218 0.0 0.6958807564225677 0.0 0.6895864317406611
0 0.204102 0.326172 0.078125 0.095703 0.0 0.2114965808270781 0.0 0.08529283428636375 0.0 0.31357466985128485 0.0 0.28187342521460684 0.0 0.11953617910653623 0.0 0.12328551785084901 0.0
0 0.953125 0.969727 0.093750 0.058594 0.0 0.24374965291201783 0.0 0.0710322735752154 0.0 0.2081844791824526 0.0 0.19294533888778664 0.0 0.6745319275798618 0.0 0.6798184383423814 0.0
0 0.653320 0.888184 0.128906 0.104492 0.0 0.06662780335048137 0.0631552367849588 0.12595105074381868 0.1433728288612978 0.3107868137169888 0.3241063619211638 0.336626035345031 0.3209470321425339 0.68142313310646 0.656752376619474 0.6979626081995478 0.7014703378567588
0 0.080078 0.621094 0.111328 0.062500 0.0 0.0 0.19563024644914198 0.0 0.22242600100192253 0.0 0.26777651431438015 0.0 0.2672124271605908 0.0 0.6835416592047334 0.0 0.6809946449809132
0 0.704102 0.658203 0.093750 0.082031 0.04912106730102402 0.19046561714832358 0.0 0.09215477828722028 0.0 0.34777883682205046 0.0 0.3365620290589378 0.0 0.09798040564993914 0.0 0.08866280498118088 0.0
0 0.140137 0.290039 0.077148 0.091797 0.0 0.26865380521508114 0.0 0.1327848209240341 0.0 0.3750720110551631 0.0 0.3572733200013203 0.0 0.11807952742954483 0.0 0.13438913271425085 0.0
0 0.251953 0.378418 0.082031 0.094727 0.0 0.2816451427657129 0.0 0.21242123973088534 0.0 0.2593547688103186 0.0 0.3054056696943522 0.0 0.009950195551146774 0.0 0.17686850367158072 0.0
0 0.086426 0.253906 0.069336 0.080078 0.0 0.31003535060721804 0.0 0.08131536994408745 0.0 0.4061964629860316 0.0 0.3469582307063369 0.0 0.1327004580398465 0.0 0.12144519762890534 0.0
0 0.534668 0.537109 0.102539 0.099609 0.0 0.13174345350988229 0.07521664481257574 0.04241117629665542 0.10146329247998423 0.36212762885737526 0.38805000590252614 0.3824960665389921 0.3705679397248491 0.33344105326647655 0.5674439554428193 0.13062933724644665 0.6686186457688131
0 0.538574 0.615234 0.061523 0.056641 0.0 0.0 0.12070598716234937 0.0 0.17895827672107492 0.0 0.3627828057755554 0.0 0.35682962635751164 0.0 0.6977372896990668 0.0 0.6845848959726349
0 0.763672 0.876465 0.095703 0.086914 0.0 0.13804157551312582 0.025213985727625184 0.14643929323941524 0.022575119732194154 0.36264174036540486 0.36498909800054896 0.4057870873576539 0.37637269580810556 0.6815451012874708 0.7038048762791488 0.6844062005168882 0.6559554750476094
0 0.870605 0.795410 0.079102 0.075195 0.0 0.0 0.18142115839228362 0.04928529143006239 0.16649068409707996 0.0 0.36972343465744534 0.35019163091582667 0.36891964038679215 0.0 0.9712987242204755 0.9696259451197086 0.9889279559956388
0 0.153809 0.942871 0.090820 0.055664 0.0 0.0 0.07148355850805962 0.0 0.18521418854962804 0.0 0.3424592040046768 0.0 0.3441649733264048 0.0 0.6914110616569638 0.0 0.6918466013162108
0 0.328125 0.439941 0.105469 0.124023 0.0 0.09994017948830879 0.1397295469798696 0.06205167770897872 0.11198427525840055 0.2700499617925727 0.3019708315366679 0.23842978983399427 0.2293929988426529 0.05393835929881677 0.7093556002628889 0.15247857272440002 0.694293326858891
0 0.858398 0.869141 0.101562 0.060547 0.0 0.11221963416520302 0.04984147763214217 0.17071309970456255 0.0 0.37533149662616955 0.3561205732409585 0.36439944395666807 0.0 0.6743595032488143 0.6779260104783829 0.6859642425575588 0.0
0 0.354492 0.529785 0.101562 0.075195 0.0 0.0 0.22345069276674226 0.0 0.193243050988847 0.0 0.2727394777259486 0.0 0.257150311684094 0.0 0.6862530545777517 0.0 0.6915478943765089
0 0.631836 0.601562 0.097656 0.093750 0.0 0.19132500083955994 0.01930522137846121 0.0837396380875956 0.023069439782404444 0.34344144911373803 0.43754416921519995 0.40396405883583825 0.4374506199111866 0.1280973658852026 0.1261773339364816 0.12221940121240082 0.12449507605348219
0 0.863281 0.979980 0.087891 0.040039 0.0 0.183597098393089 0.0 0.054960801682947 0.0 0.31041542448770537 0.0 0.3026983556682256 0.0 0.6693253502665518 0.0 0.7043323667285109 0.0
0 0.945312 0.507812 0.091797 0.136719 0.038802761539596324 0.0 0.0 0.0 0.2783058896106307 0.0 0.0 0.0 0.0667126893065753 0.0 0.0 0.0 0.03153938887122144
0 0.164062 0.982422 0.074219 0.035156 0.0 0.0 0.08836432357712627 0.0 0.10755593537074797 0.0 0.39825665006786326 0.0 0.39691590140827054 0.0 0.6773224873742214 0.0 0.6815905410405012
0 0.798340 0.731934 0.098633 0.073242 0.0 0.1522807564734812 0.025334279968913517 0.08466211336165265 0.0 0.3342812349245689 0.33422615576752795 0.32490654313401696 0.0 0.008462542404422634 0.7253316290703089 0.041018592129396673 0.0
0 0.428223 0.974121 0.063477 0.051758 0.0 0.10472942964965931 0.0 0.15298048229829775 0.0 0.29710061188695824 0.0 0.2897749539757497 0.0 0.6630682139679032 0.0 0.6791324596767399 0.0
0 0.012207 0.963867 0.022461 0.072266 0.0 0.0 0.1936167117318397 0.0 0.0 0.0 0.2590046145764846 0.0 0.0 0.0 0.6505077397024479 0.0 0.0
0 0.296875 0.964355 0.060547 0.071289 0.0 0.43282721448518113 0.0 0.055247700982975725 0.0 0.2577476535564516 0.0 0.27010194598990994 0.0 0.6542362481341412 0.0 0.6792771079051622 0.0
0 0.359863 0.968750 0.065430 0.062500 0.0 0.22791719175091352 0.0 0.19221126353370907 0.0 0.28911914942596173 0.0 0.27825449079215697 0.0 0.6748707808536852 0.0 0.6734678043430942 0.0
0 0.338379 0.076172 0.077148 0.091797 0.12774835156925257 0.019686753406491158 0.0 0.0 0.0 0.1709462811391107 0.0 0.0 0.0 0.10832852169746232 0.0 0.0 0.0
0 0.277832 0.045898 0.077148 0.089844 0.16577457381300115 0.0 0.0 0.0 0.0 0.0 0.0 0.0 0.0 0.0 0.0 0.0 0.0
