0 0.631348 0.634115 0.124023 0.153646 0.017640362317650406 0.22368558048405068 0.0 0.14757345928101448 0.0 0.3111610999572058 0.0 0.39541259841892834 0.0 0.8966591858667193 0.0 0.898294447122231 0.0
0 0.403320 0.399089 0.177734 0.186198 0.034665243434782986 0.12032295646515494 0.0 0.1309301714075293 0.032543809782841986 0.39762137975669326 0.0 0.3834732746973939 0.3840450550342651 0.8826434069291906 0.0 0.8930555781923456 0.9045304958434041
0 0.709961 0.567708 0.134766 0.138021 0.05081728389617805 0.1083925409249873 0.04424128272838992 0.09333506461815907 0.0 0.3245350662636907 0.43094221927461934 0.39716383933840904 0.0 0.888448135505634 0.8962833636941515 0.8957723238802133 0.0
0 0.541504 0.733724 0.147461 0.154948 0.0915228434080776 0.07905962419625956 0.0 0.1339865378033672 0.03829516757867256 0.36978799844010396 0.0 0.38992058311631117 0.3874527047953936 0.9049567432722231 0.0 0.896205168146115 0.8991120308838422
0 0.533691 0.281250 0.157227 0.145833 0.05446566354679269 0.10065138960953943 0.03911690875614922 0.11421418545530872 0.0 0.38216112899285676 0.3782648933078239 0.3847654016873822 0.0 0.9029107433545601 0.8936267995619706 0.8969700354966701 0.0
0 0.881348 0.863281 0.147461 0.145833 0.09708563157860768 0.06957067444002979 0.027031230014197005 0.07953255495493484 0.0 0.3303645528332128 0.3308044698751192 0.34991773475829707 0.0 0.884677759477388 0.8971805090416328 0.8947032095476295 0.0
0 0.930176 0.251953 0.139648 0.305990 0.2598715027924119 0.0 0.0 0.00336759664227184 0.0 0.0 0.0 0.10266709888890853 0.0 0.0 0.0 0.6409211181470849 0.0
0 0.130859 0.657552 0.173828 0.195312 0.07964470073098966 0.06560281822065514 0.02213754310722868 0.1115656771144002 0.020736030076790538 0.3621104123128146 0.33470549330992766 0.3471836919841058 0.3447132712589683 0.9001372266251695 0.8877252125551165 0.8992692668987735 0.8854390546393474
0 0.293457 0.923828 0.192383 0.152344 0.03662316699053305 0.10335474177389253 0.03453971558727197 0.056841740427172806 0.0 0.33831296577826 0.31936154429226354 0.3440580513178517 0.0 0.8980231545397752 0.8930649406117462 0.909660033683114 0.0
0 0.083984 0.239583 0.166016 0.231771 0.048619249483793266 0.07980752426584509 0.0 0.0706029019177447 0.0 0.35051458406662034 0.0 0.4140062837224075 0.0 0.891875845224424 0.0 0.8932010612216668 0.0
0 0.986328 0.537109 0.027344 0.165365 0.16177071212202943 0.0 0.0 0.0 0.0 0.0 0.0 0.0 0.0 0.0 0.0 0.0 0.0
0 0.214844 0.123047 0.113281 0.144531 0.0 0.2284167356059087 0.0 0.16146485726362414 0.0 0.21685007534478992 0.0 0.3146331954745204 0.0 0.9102134154079328 0.0 0.8913218485080241 0.0
0 0.304688 0.049479 0.103516 0.096354 0.07598293970323784 0.12057605386155293 0.0 0.24116987390967684 0.0 0.3597136402671368 0.0 0.3686222641781066 0.0 0.9005897313717253 0.0 0.9023259662798314 0.0
0 0.801758 0.939453 0.117188 0.121094 0.12477281228226596 0.17400392371209447 0.0 0.1745543926108799 0.0 0.33667584647200677 0.0 0.35779263649284526 0.0 0.8996420511475703 0.0 0.8951282370414813 0.0
0 0.849609 0.054688 0.210938 0.106771 0.11339386965622106 0.0 0.0 0.0 0.0 0.0 0.0 0.0 0.0 0.0 0.0 0.0 0.0
