0 0.610026 0.771484 0.186198 0.115234 0.03813980941529936 0.10226593138097448 0.0 0.08998522716248718 0.07204260755064512 0.3479706389673214 0.0 0.3600950335432394 0.21974595398378244 0.9105413748074427 0.0 0.9018104387794766 0.9052689294218237
0 0.508464 0.475098 0.167969 0.116211 0.01722092825824435 0.21836701903029015 0.0 0.14406461212854427 0.0 0.3111610999572058 0.0 0.39541259841892834 0.0 0.8966591858667193 0.0 0.898294447122231 0.0
0 0.390625 0.549316 0.192708 0.110352 0.09833616199472295 0.08494513197695457 0.0 0.1439610199586645 0.041146009699902376 0.3697879984401039 0.0 0.38992058311631117 0.3874527047953936 0.904956743272223 0.0 0.896205168146115 0.8991120308838422
0 0.378255 0.209473 0.209635 0.112305 0.05304482014991983 0.09802570118494273 0.03809646765816271 0.11123468496517022 0.0 0.38216112899285676 0.3782648933078239 0.3847654016873822 0.0 0.9029107433545601 0.8936267995619706 0.8969700354966701 0.0
0 0.729167 0.715332 0.158854 0.098633 0.11300637762295798 0.15759485380838942 0.0 0.15809341190857165 0.0 0.33667584647200677 0.0 0.35779263649284526 0.0 0.8996420511475702 0.0 0.8951282370414813 0.0
0 0.294922 0.942871 0.243490 0.114258 0.06720270049806916 0.1090681196491297 0.04642694672558822 0.13126964605163075 0.009290198403043546 0.3893431276209693 0.4177530011595237 0.4147801175382907 0.41260686466017193 0.8984100266536362 0.8894872875244937 0.897182757943821 0.9117796032825108
0 0.843099 0.647949 0.183594 0.112305 0.10125884682438566 0.07256116226517323 0.028193164477341954 0.08295125312351885 0.0 0.33036455283321275 0.3308044698751192 0.34991773475829707 0.0 0.8846777594773879 0.8971805090416328 0.8947032095476295 0.0
0 0.614583 0.426758 0.177083 0.101562 0.052556223758009925 0.11210167481976202 0.045755195400939454 0.09652893984971937 0.0 0.3245350662636907 0.43094221927461934 0.39716383933840904 0.0 0.888448135505634 0.8962833636941515 0.8957723238802133 0.0
0 0.205078 0.299805 0.238281 0.140625 0.03423640048700903 0.1188344438737903 0.0 0.12931043719840457 0.03214121104311799 0.3976213797566933 0.0 0.3834732746973939 0.3840450550342651 0.8826434069291909 0.0 0.8930555781923456 0.9045304958434041
0 0.812500 0.970215 0.169271 0.059570 0.08124379398576921 0.11123733052403707 0.0 0.016754358983754197 0.0 0.35580389634958703 0.0 0.33143604677346455 0.0 0.908726819879093 0.0 0.9451806221892424 0.0
0 0.074870 0.037109 0.144531 0.072266 0.07256028476165055 0.1151447000840055 0.0 0.23030636607590763 0.0 0.3597136402671368 0.0 0.3686222641781066 0.0 0.9005897313717254 0.0 0.9023259662798314 0.0
0 0.085286 0.710938 0.167969 0.113281 0.07311867983469202 0.13668524951310776 0.05316493459344826 0.15008479687576015 0.0 0.3367103453485019 0.3194955163725394 0.33594845460533196 0.0 0.8990750036719573 0.8903407576067821 0.8995559451164373 0.0
0 0.942057 0.939941 0.115885 0.084961 0.06594353745072312 0.2953624514122159 0.0 0.2338154442849648 0.0 0.3209486719762478 0.0 0.31706514336421254 0.0 0.8966609112553116 0.0 0.894651755455882 0.0
0 0.933594 0.201172 0.132812 0.166016 0.3583980781556204 0.0 0.0 0.0 0.0 0.0 0.0 0.0 0.0 0.0 0.0 0.0 0.0
0 0.850260 0.078613 0.190104 0.155273 0.17602273030757049 0.006387873850998895 0.0 0.0 0.0 0.1625339812329953 0.0 0.0 0.0 0.9038142442640568 0.0 0.0 0.0
