0 0.759766 0.617188 0.109375 0.097656 0.0 0.0 0.25353604048822925 0.0 0.18108533051276782 0.0 0.2416733558182163 0.0 0.23558325926028661 0.0 0.4547746773309177 0.0 0.4586878020428822
0 0.462891 0.247070 0.144531 0.099609 0.0 0.12643292809527346 0.0 0.16074729584769534 0.01967246762041063 0.3253751260344768 0.0 0.26230567205805294 0.3416385636134922 0.4603642821015641 0.0 0.4533012880587194 0.35238142884789164
0 0.282227 0.565430 0.093750 0.117188 0.0 0.17860462770543284 0.0 0.1321159983841365 0.0 0.30555108541126474 0.0 0.29724445828670565 0.0 0.02640738457431095 0.0 0.04350056033611433 0.0
0 0.910156 0.499023 0.089844 0.097656 0.02724851576799163 0.0 0.15926431179001674 0.0 0.15609570353342392 0.0 0.3031576500427356 0.0 0.32027183969990686 0.0 0.717560343577975 0.0 0.7100703049317126
0 0.614258 0.279297 0.138672 0.132812 0.0 0.11588793081795574 0.13251086012557814 0.042647521393743094 0.05948906968624636 0.27377516175208627 0.277129047546906 0.2675087534377528 0.27347829979258703 0.45818006968639036 0.4599222760773311 0.45780518842786805 0.4569267578012282
0 0.353516 0.647949 0.142578 0.137695 0.0 0.1527867348467334 0.0 0.20698506940593417 0.0 0.23025629216676727 0.0 0.19283712084214555 0.0 0.0352768026120218 0.0 0.045023388957064175 0.0
0 0.172852 0.467285 0.091797 0.096680 0.0 0.14054865916692813 0.0 0.0763015912539494 0.0 0.3072006590962009 0.0 0.2258322602658781 0.0 0.04407416215398901 0.0 0.033232661065843494 0.0
0 0.477539 0.532715 0.087891 0.096680 0.0 0.1281992236116598 0.0 0.17774420864412638 0.0 0.32581464599281384 0.0 0.32015903838871157 0.0 0.04705622274561658 0.0 0.03916505981495359 0.0
0 0.612793 0.385254 0.120117 0.077148 0.0 0.0 0.18435604381608942 0.0 0.17775789527004102 0.0 0.3115449195684794 0.0 0.29413297379283143 0.0 0.45766115143897224 0.0 0.46116906418571374
0 0.753906 0.694336 0.101562 0.056641 0.0 0.0 0.17155553957297512 0.0 0.16507002135795343 0.0 0.23302688446995065 0.0 0.2440751598404334 0.0 0.4617362249104979 0.0 0.44448306382535446
0 0.219727 0.512207 0.095703 0.096680 0.0 0.05566170981385676 0.09764819388109192 0.0840931616163747 0.06759843492958681 0.291309550535422 0.2738005439760768 0.254434564001984 0.28548102768340333 0.0738243032853274 0.4613336365705663 0.06428391528857402 0.04473175723259129
0 0.933105 0.050293 0.133789 0.098633 0.07173930387853564 0.13304074901340993 0.07702732374092097 0.0 0.13060025415963875 0.2566408514356546 0.2953433604690464 0.0 0.24862245360946097 0.7179791403452669 0.7819741715184645 0.0 0.7001501381811863
0 0.452637 0.697754 0.069336 0.086914 0.0 0.08088401214527269 0.1131969327156877 0.04322000648020617 0.07450325723875854 0.3051884009303906 0.29649137828292876 0.29391695957955877 0.3064038848613685 0.02507917434271594 0.32208779078520067 0.04630439983919691 0.05084179742589368
0 0.521973 0.594238 0.067383 0.079102 0.0 0.13571794994985892 0.0 0.19358954908943513 0.0 0.3669906774703838 0.0 0.29921287651116923 0.0 0.048992960830269064 0.0 0.04304233053379739 0.0
0 0.443848 0.358398 0.108398 0.056641 0.0 0.0 0.12153079081799728 0.0 0.10873730578500145 0.0 0.34034996987998684 0.0 0.3637523910069631 0.0 0.4529622658812185 0.0 0.4319782017109134
0 0.490723 0.740234 0.069336 0.087891 0.0 0.15017029842017696 0.0 0.16667679359344792 0.0 0.27378854074741227 0.0 0.27324004538869584 0.0 0.04900119500276842 0.0 0.030852112467121627 0.0
0 0.113770 0.195312 0.086914 0.070312 0.0 0.0 0.0 0.1462305940692659 0.08793159842471418 0.0 0.0 0.1420337859530882 0.36046012619036016 0.0 0.0 0.9857614701784605 0.003758277441111583
0 0.026855 0.297852 0.051758 0.087891 0.0 0.08509356435557322 0.0 0.1772267891700094 0.0 0.2696259200924127 0.0 0.3238150703606476 0.0 0.9222498355258106 0.0 0.9029116550011597 0.0
0 0.255371 0.103516 0.129883 0.121094 0.03007982142001405 0.0 0.09115054108908166 0.0 0.1366797873066735 0.0 0.3059893367889571 0.0 0.3244986927052185 0.0 0.4111828322854202 0.0 0.005458539198500034
0 0.601074 0.510254 0.114258 0.079102 0.0 0.0 0.12114242340181373 0.0 0.13762618098123783 0.0 0.2483359950737825 0.0 0.3304747345647723 0.0 0.4400140933272178 0.0 0.46076675812061024
0 0.437988 0.414062 0.112305 0.058594 0.0 0.0 0.18911294152604527 0.0 0.06888875485036965 0.0 0.24672099400373323 0.0 0.2650512811458833 0.0 0.45618207397420557 0.0 0.42100425347065323
0 0.868164 0.412109 0.099609 0.093750 0.0 0.0 0.1822873640865657 0.0 0.19396899971859038 0.0 0.29959621939730297 0.0 0.2992278737700236 0.0 0.7168780670507778 0.0 0.7169970274419948
0 0.959473 0.895020 0.081055 0.120117 0.0 0.0414613611450046 0.0 0.04735711210789027 0.3779426209176873 0.24798523928606334 0.0 0.23707906176037746 0.3047517528543768 0.6745855825103417 0.0 0.7364934508003779 0.7187417613199794
0 0.064453 0.604492 0.125000 0.144531 0.0 0.06180747398903058 0.11166976075921914 0.0 0.023320363333659017 0.22942054714187074 0.18384865269990297 0.0 0.28297389709591686 0.06518275396526507 0.036483203836316716 0.0 0.003923112673081164
0 0.949219 0.706055 0.095703 0.097656 0.0 0.0 0.18505103757313976 0.0 0.238285349987769 0.0 0.34769066816163213 0.0 0.3440132931748261 0.0 0.7129916135220498 0.0 0.7102902370229872
0 0.206055 0.312012 0.082031 0.081055 0.0 0.16788831503804486 0.0 0.26273235157334207 0.0 0.33036518715277424 0.0 0.2438613369208177 0.0 0.041288431555503914 0.0 0.10538435094615327 0.0
0 0.064941 0.753906 0.127930 0.123047 0.0 0.13601332181956496 0.0 0.13511859093430437 0.0 0.25924930651044165 0.0 0.26544522509641866 0.0 0.07783965766189169 0.0 0.06406079577568688 0.0
0 0.568848 0.272949 0.069336 0.124023 0.0 0.15264965638884 0.0 0.10360114516766536 0.0 0.27226256708805313 0.0 0.26705856234161235 0.0 0.46326476606851086 0.0 0.45283614991569276 0.0
0 0.606934 0.446289 0.110352 0.048828 0.0 0.0 0.12349108545071721 0.0 0.20860546020117635 0.0 0.3505794185454204 0.0 0.19553295071238463 0.0 0.4386359440971167 0.0 0.4675320684164979
0 0.113281 0.411621 0.089844 0.102539 0.11786120412018002 0.0 0.016502083936601308 0.0 0.0 0.0 0.07204865042018517 0.0 0.0 0.0 0.6658020452466563 0.0 0.0
0 0.419922 0.490723 0.080078 0.084961 0.0 0.03654945205902497 0.08026456322470596 0.12568409534626995 0.11780862987632562 0.32970806378458206 0.24800773600880027 0.3995702396898284 0.36344199815228806 0.03552648397168115 0.481534254529113 0.046338731609227087 0.46486313405281976
0 0.573242 0.972656 0.113281 0.054688 0.0 0.0 0.18709209212166536 0.0 0.23833016035462962 0.0 0.2475097856770313 0.0 0.24905927426359045 0.0 0.45624094641030155 0.0 0.45923596886861856
0 0.279297 0.782227 0.087891 0.074219 0.0 0.21772313467043072 0.03572375806041792 0.1044928171740827 0.04205852072622553 0.3834994599695633 0.2898774781107879 0.37410916201296374 0.2930375597016548 0.037873412861488334 0.07831091288708762 0.02505104342058826 0.059454827355008254
0 0.932129 0.601562 0.108398 0.115234 0.0 0.0 0.24109121708342304 0.0 0.16663130681576313 0.0 0.28848516973683247 0.0 0.1602857019081555 0.0 0.7111282051072365 0.0 0.7225990491334832
0 0.541504 0.915527 0.166992 0.067383 0.0 0.16782209751204835 0.0 0.16859017257283127 0.0 0.3825004965638321 0.0 0.39397653823802614 0.0 0.46830468676607256 0.0 0.4566514935860621 0.0
0 0.853516 0.332520 0.091797 0.086914 0.0 0.04282795515907601 0.11684813394353998 0.0 0.0934378896267061 0.26540821255682934 0.2611017001411629 0.0 0.2528612730427917 0.7124611064058043 0.7184571119231464 0.0 0.7240586841338803
0 0.567871 0.096191 0.055664 0.088867 0.0 0.2022493737176891 0.0 0.11036741701714063 0.0 0.2257976270762066 0.0 0.3900496669042556 0.0 0.465363303745502 0.0 0.4584837297764131 0.0
0 0.759766 0.767578 0.123047 0.085938 0.0 0.0 0.1581813009178458 0.0 0.19945995783810241 0.0 0.23017402835431125 0.0 0.23329104221761676 0.0 0.45423096403317487 0.0 0.4600300921961188
0 0.056641 0.070801 0.097656 0.118164 0.0 0.0 0.11857723823304785 0.0 0.15196615362712207 0.0 0.37100894687771485 0.0 0.3571036228651108 0.0 0.012122319661657204 0.0 0.011860096052599071
0 0.779785 0.144043 0.104492 0.110352 0.271671137709242 0.0 0.0 0.0 0.0 0.0 0.0 0.0 0.0 0.0 0.0 0.0 0.0
0 0.536133 0.772949 0.074219 0.079102 0.0 0.1651693706648608 0.0 0.10496440729413022 0.0 0.2794906959940334 0.0 0.1948715715566042 0.0 0.0368839840692212 0.0 0.03884616587170468 0.0
0 0.498535 0.079590 0.075195 0.124023 0.0 0.22777322398759722 0.0 0.1917351493443179 0.0 0.2000246508978712 0.0 0.20722039388659677 0.0 0.4575594331638085 0.0 0.439026114541853 0.0
0 0.286621 0.360840 0.090820 0.096680 0.0 0.14279916780158924 0.08956245559706986 0.20729505377949725 0.0 0.23528667670181372 0.2354740058827328 0.23085071673103813 0.0 0.03245153280734141 0.05027708445768692 0.124536504942832 0.0
0 0.958984 0.186035 0.082031 0.106445 0.0 0.0 0.011580685715969168 0.0 0.2690327525640405 0.0 0.1875576214360949 0.0 0.16997933667137233 0.0 0.5974874702646951 0.0 0.7215243803878426
0 0.162109 0.153320 0.078125 0.074219 0.0 0.0 0.18275676698888454 0.0 0.22651336268639413 0.0 0.2905088806669754 0.0 0.2842265080507435 0.0 0.02946253830801753 0.0 0.005506198740708454
0 0.763184 0.472656 0.094727 0.044922 0.2489377619615108 0.0 0.0 0.0 0.0 0.0 0.0 0.0 0.0 0.0 0.0 0.0 0.0
0 0.759766 0.527832 0.097656 0.067383 0.0 0.0 0.17848297913233693 0.0 0.0833367819511093 0.0 0.1673770370165141 0.0 0.21598608163427752 0.0 0.45337625123591213 0.0 0.46414016550113296
0 0.797852 0.243164 0.144531 0.089844 0.0 0.016098383318805858 0.07673042647337777 0.08254435344267594 0.10281652730150016 0.27612664508047075 0.3875600736517609 0.35684452428693714 0.36989994693855216 0.40212478305908644 0.7121541045650072 0.579910438464218 0.4583585830244817
0 0.603027 0.662598 0.098633 0.079102 0.0 0.0 0.057089425580431015 0.15339236578293333 0.016425998495115748 0.0 0.3890933909798611 0.3080487849205531 0.1184637125745871 0.0 0.4571103725734013 0.03580931198473536 0.5896033746825484
0 0.766602 0.837891 0.144531 0.062500 0.07022015442405846 0.020823457090845925 0.028677569669399883 0.08406201341922746 0.04963800431074321 0.2879232799787334 0.25585167567399714 0.2691185868272303 0.26486860306684046 0.45588588503517385 0.420773822298582 0.4604599393657649 0.4806744355122548
0 0.590332 0.856445 0.083008 0.064453 0.06437622434729044 0.0 0.07894981357040999 0.0 0.09580406403276119 0.0 0.3085895305630468 0.0 0.3234682464066497 0.0 0.45674473926620685 0.0 0.45480697064681946
0 0.604980 0.585449 0.100586 0.071289 0.0 0.0 0.19626512427252327 0.0 0.20507760124147542 0.0 0.2820437793234386 0.0 0.28294874621518074 0.0 0.4599622753726578 0.0 0.4593276451854785
0 0.983887 0.333008 0.032227 0.068359 0.0 0.0 0.0 0.0 0.2623430615888799 0.0 0.0 0.0 0.24872969048098914 0.0 0.0 0.0 0.7238222831158898
0 0.123047 0.012695 0.091797 0.023438 0.0 0.10751344457389092 0.2146694800628186 0.0 0.0 0.3961283797597598 0.2958338156758539 0.0 0.0 0.9775638948461862 0.010642938632927704 0.0 0.0
0 0.492676 0.080566 0.104492 0.127930 0.0 0.15890663889382275 0.0 0.13376457340644113 0.0 0.2000246508978712 0.0 0.20722039388659677 0.0 0.4575594331638085 0.0 0.439026114541853 0.0
0 0.311523 0.186523 0.074219 0.074219 0.04991407559353137 0.0 0.14622938421400689 0.0 0.08461309844402748 0.0 0.26287560381445996 0.0 0.19128882994004262 0.0 0.46328726126408243 0.0 0.4940517197978971
0 0.765625 0.365723 0.097656 0.151367 0.0 0.0 0.1745965952022624 0.0 0.14290924177514047 0.0 0.22112250038420111 0.0 0.34272631802177106 0.0 0.5115671293164543 0.0 0.42997786697598883
0 0.957520 0.789551 0.084961 0.090820 0.28975447966902734 0.0 0.0 0.0 0.0 0.0 0.0 0.0 0.0 0.0 0.0 0.0 0.0
0 0.226074 0.733398 0.094727 0.080078 0.0 0.2293353219518501 0.0 0.10249166438963152 0.034225456186290984 0.3839940072540621 0.0 0.35581166461854125 0.29047322859319097 0.0424966540741838 0.0 0.27535114414324285 0.03730361318476759
0 0.214844 0.918457 0.062500 0.073242 0.0 0.0 0.09770420022955269 0.19146891362614335 0.0 0.0 0.2516802699998723 0.22054141349956002 0.0 0.0 0.9871137995706676 0.4212471479292362 0.0
0 0.972168 0.262695 0.055664 0.076172 0.0 0.0 0.0 0.0 0.21868158152508174 0.0 0.0 0.0 0.1981681329779189 0.0 0.0 0.0 0.7103455183133742
0 0.635742 0.028809 0.103516 0.053711 0.0 0.023966264924937267 0.1025912028591748 0.021004356303678022 0.13567176091109434 0.3768060811045226 0.3231708870577654 0.29751435461868764 0.3176732988235117 0.49224806668353377 0.39977042997936696 0.45803528991190645 0.47122158482415716
0 0.361328 0.026367 0.105469 0.050781 0.0 0.17060011921520463 0.22689327075448598 0.0 0.012359672861679586 0.2638295808892164 0.2901784694995698 0.0 0.2725530848935254 0.9964170497962838 0.008489911224558 0.0 0.003052187662913752
0 0.307129 0.269043 0.084961 0.100586 0.0 0.0 0.15994884389366085 0.0 0.18862468079115285 0.0 0.2107027520063292 0.0 0.19851880267250038 0.0 0.45916134082873505 0.0 0.45671638797479186
0 0.062012 0.360840 0.073242 0.077148 0.17849692638794276 0.0 0.0 0.0 0.0 0.0 0.0 0.0 0.0 0.0 0.0 0.0 0.0
0 0.276367 0.875488 0.076172 0.067383 0.0 0.15214790436799022 0.10883408707578282 0.0 0.0 0.219369360105926 0.27892919237391844 0.0 0.0 0.990861969596238 0.012142886120158083 0.0 0.0
0 0.559082 0.806152 0.067383 0.069336 0.0 0.16797802503976214 0.0 0.10254361080772743 0.0 0.2263378501191411 0.0 0.2816342891806764 0.0 0.056249847095930665 0.0 0.03509532954349671 0.0
0 0.640625 0.099609 0.097656 0.093750 0.029764271620085134 0.027328898132987476 0.06107825627103506 0.05145988995935861 0.03202879408767636 0.2904616881616365 0.348791489992702 0.3743841308479498 0.2811478122992001 0.4499370938320559 0.45554389552721025 0.46055229051204694 0.4750182593107948
0 0.761230 0.938477 0.141602 0.123047 0.010433975645510534 0.014214224677472851 0.18561782050010373 0.012900466593745134 0.1507338523502994 0.262698249386457 0.24017475425290233 0.26669984966781307 0.3594194701528547 0.46052586021133585 0.4636244069928988 0.45227273520015765 0.49777561989495356
