0 0.928711 0.572266 0.125000 0.140625 0.02253984735176724 0.0 0.12429207069322869 0.0777103403513852 0.17018990520459945 0.0 0.27538425556128565 0.26002081143063815 0.265105839575562 0.0 0.7160938664703219 0.7110040196187887 0.7104014932154674
0 0.644043 0.932617 0.127930 0.134766 0.0 0.046330493316500215 0.08003568044504802 0.057880773562758385 0.07978048837392682 0.2654724837713712 0.278025903548586 0.24615772305036362 0.23601671254532053 0.7135429364498871 0.7138850402109829 0.7135080929472584 0.6345515107590737
0 0.537598 0.710449 0.137695 0.098633 0.0 0.11975696118655174 0.0322902996151375 0.12297530383661875 0.02587561977645631 0.2761277285486396 0.26648923479456893 0.27185735008563633 0.2726233617205058 0.7127119261303253 0.7183121980762558 0.7151659574440404 0.7085294142549577
0 0.611816 0.484375 0.155273 0.121094 0.0 0.10181627385451361 0.17881892574934596 0.02325664297892645 0.10349516236219856 0.29855776419694036 0.30086576407331916 0.29087154288426104 0.29747321921981856 0.7059472308853538 0.7159713973839541 0.7022767074613095 0.7244703521699227
0 0.479492 0.537109 0.166016 0.123047 0.351134656931403 0.0 0.0 0.0 0.0 0.0 0.0 0.0 0.0 0.0 0.0 0.0 0.0
0 0.083496 0.072266 0.106445 0.103516 0.0 0.17999334232274117 0.0 0.18876826178232334 0.0 0.27928556804762505 0.0 0.27562321422847147 0.0 0.6655080334304225 0.0 0.666624106576723 0.0
0 0.890137 0.450195 0.124023 0.132812 0.04404458570409521 0.0 0.2234662626759823 0.0 0.17121776928122556 0.0 0.27631492819698883 0.0 0.2831199956925707 0.0 0.7117981897465717 0.0 0.7190187634363188
0 0.062988 0.269531 0.114258 0.099609 0.0 0.18158113749500893 0.0 0.17490946965822024 0.0 0.32607745019728024 0.0 0.33508225711946843 0.0 0.6715565439655327 0.0 0.6389785883333781 0.0
0 0.156250 0.240234 0.095703 0.093750 0.0 0.1965035943908742 0.0 0.15751881788144617 0.0 0.3275276959756519 0.0 0.3101156674113278 0.0 0.6735836696500918 0.0 0.6708690381861637 0.0
0 0.664551 0.583008 0.118164 0.095703 0.0 0.0 0.2647134989306379 0.0 0.13367021679032806 0.0 0.31327635820923566 0.0 0.2644620171168939 0.0 0.7260348652978169 0.0 0.7090558695092796
0 0.374023 0.774414 0.132812 0.093750 0.0 0.1110358272254881 0.03216449204624048 0.08556360801488884 0.019096239194077106 0.28225517168179176 0.2696056068658319 0.29707446639964624 0.28926061602296593 0.7111944857697208 0.7084620407647221 0.7136366780888743 0.7180998753199798
0 0.238281 0.221680 0.089844 0.091797 0.01293805326468556 0.198963386154885 0.0 0.19469919842536104 0.0 0.3016400054073002 0.0 0.2869494291374328 0.0 0.6656730204443737 0.0 0.6715948905816858 0.0
0 0.836914 0.317871 0.126953 0.122070 0.042628425921134146 0.18204753485123365 0.08257109259824619 0.08894949282502113 0.05571718661987716 0.275927670877382 0.29901826799309705 0.30086132205071464 0.2973946440310052 0.7108530522022108 0.7283000595905562 0.7059826648734907 0.6912097241216025
0 0.188965 0.050293 0.129883 0.096680 0.0529804698178074 0.14202001518317467 0.06642293655836644 0.1521540824554043 0.0 0.27506809015499534 0.26895047288253177 0.27463898812850923 0.0 0.663451994708267 0.6562922685151352 0.6700576426724884 0.0
0 0.710938 0.096680 0.101562 0.103516 0.07255207631538801 0.1608381454211207 0.0 0.125219982542513 0.0 0.3470981678755346 0.0 0.32757135790650493 0.0 0.6568595720123616 0.0 0.6592389033090774 0.0
0 0.880859 0.061035 0.107422 0.098633 0.0 0.16754602923734752 0.0 0.2328131202020584 0.0 0.35062821842060726 0.0 0.3408046563035205 0.0 0.666337901414579 0.0 0.6665542109742167 0.0
0 0.683594 0.681152 0.134766 0.116211 0.028397862000777124 0.02497275335201851 0.10841536840147345 0.15797720330671425 0.015470442057116129 0.26549047686633753 0.31444795738553577 0.3412696427332971 0.23604896602505218 0.7062089030215561 0.7112411309015141 0.7158828996339196 0.7236021239333603
0 0.727539 0.343750 0.115234 0.111328 0.0 0.07494076321450274 0.0 0.13205442404916362 0.06765281170316957 0.26539161596975636 0.0 0.18509576839359043 0.2737510416063364 0.7213998966514709 0.0 0.6362606568624734 0.7176636539049882
0 0.477051 0.169434 0.083008 0.092773 0.05502022002162943 0.14015982669452953 0.0 0.17347327272535684 0.0 0.19527449048990272 0.0 0.16458209340126967 0.0 0.6657829105990202 0.0 0.6720304289777604 0.0
0 0.239746 0.802246 0.075195 0.114258 0.0 0.09433098070775829 0.05311915729847254 0.12361060247767207 0.0 0.15509956281738682 0.3028821299354962 0.2897423255852224 0.0 0.7377517837169133 0.7151776812774571 0.7069421061193819 0.0
0 0.788086 0.076660 0.095703 0.108398 0.0 0.14770766503018676 0.0 0.14780709795416047 0.0 0.3263142065861429 0.0 0.3032485408705632 0.0 0.664808697950404 0.0 0.6774975835358751 0.0
0 0.172852 0.843750 0.083984 0.082031 0.0 0.11101757731701149 0.0 0.16687486545357896 0.06110041475338163 0.26745479078664913 0.0 0.2898180216725332 0.2669750753485532 0.7132665374909304 0.0 0.7138647305161625 0.7242889373999004
0 0.961914 0.041992 0.076172 0.082031 0.031159486183923283 0.19145099626477743 0.0 0.25161756401095225 0.0 0.21576193776861494 0.0 0.21437021876071824 0.0 0.6651483101341352 0.0 0.674205996010391 0.0
0 0.020508 0.089844 0.039062 0.095703 0.0 0.17019933863741718 0.0 0.22676421754360834 0.0 0.2759960580075606 0.0 0.2783636556454255 0.0 0.6539086267269529 0.0 0.6751452988032497 0.0
0 0.429199 0.443848 0.180664 0.116211 0.0292794471096292 0.109211466295136 0.056731472596111346 0.1209729484024357 0.046202692913936264 0.24831637271156642 0.24503471337757046 0.23001628637244423 0.26499606918716806 0.7122220497848539 0.7147684682618809 0.711681574384454 0.7158041728489476
0 0.550781 0.137695 0.095703 0.097656 0.10032026719062107 0.2120410261498207 0.0 0.14872369433549174 0.0 0.3240441515140312 0.0 0.32349718085652734 0.0 0.6572512454157664 0.0 0.679004279793316 0.0
0 0.020996 0.393066 0.040039 0.118164 0.22883441446005565 0.0 0.0 0.0 0.0 0.0 0.0 0.0 0.0 0.0 0.0 0.0 0.0
0 0.630371 0.120117 0.088867 0.099609 0.04091915198172637 0.1762854399720756 0.0 0.178485857187378 0.0 0.3303599844581283 0.0 0.3003710649068356 0.0 0.6595993126704353 0.0 0.6721926080250531 0.0
0 0.495117 0.952637 0.089844 0.081055 0.0 0.08509695002868252 0.12968434032640047 0.03154632653067527 0.054224424087944936 0.293607484676566 0.2633738016011035 0.2874820407983289 0.293073434355628 0.834479020833497 0.7651816911152649 0.6836235367289956 0.7016732703660991
0 0.347656 0.976562 0.119141 0.046875 0.0 0.05636213794523124 0.031777859539039686 0.0 0.03115531357695077 0.2831679740846435 0.29958408465298325 0.0 0.2848433439413141 0.6875796379513371 0.6882092587015387 0.0 0.7319905069260254
0 0.940430 0.282227 0.109375 0.085938 0.2023563858797048 0.0 0.0 0.0 0.0 0.0 0.0 0.0 0.0 0.0 0.0 0.0 0.0
0 0.400879 0.190918 0.083008 0.092773 0.0 0.20333221799662124 0.011561480053349461 0.17154148367698396 0.0 0.25011818022816357 0.19419525066180324 0.16433794826018838 0.0 0.6337145885857549 0.3192968535778378 0.6402708308658914 0.0
0 0.319824 0.208496 0.083008 0.092773 0.0 0.2470735567357387 0.0 0.18404691172018653 0.0 0.3385342421741606 0.0 0.17026986100373082 0.0 0.6544720414424883 0.0 0.46986576676639125 0.0
0 0.020996 0.605957 0.040039 0.118164 0.08360656556622345 0.0 0.0 0.0 0.0 0.0 0.0 0.0 0.0 0.0 0.0 0.0 0.0
