0 0.322266 0.214355 0.136719 0.094727 0.0 0.09968204371874885 0.0937910550704345 0.03377675299247026 0.032663042140170816 0.24746643771944368 0.2480294003240958 0.32009401146788957 0.34577206885175926 0.6610150591033973 0.6441169440553998 0.6536773312229823 0.6440774725169942
0 0.373698 0.415039 0.143229 0.080078 0.0 0.0 0.2393697633291017 0.0 0.19432410136551986 0.0 0.23837075018636739 0.0 0.26170305808504896 0.0 0.6372544537824373 0.0 0.6358366216104016
0 0.517578 0.168457 0.141927 0.083008 0.0 0.14358267758186308 0.04426417960921417 0.05237117424827799 0.13276595275962746 0.29930921549993283 0.2800485797859426 0.25461783683873895 0.3195619660008012 0.670084260174331 0.6258140576773951 0.6490070755414996 0.4628557279130134
0 0.423828 0.572754 0.149740 0.088867 0.0 0.0 0.16807709788360026 0.0 0.18062693022062407 0.0 0.26854084234174586 0.0 0.2783408938663278 0.0 0.6461640940452603 0.0 0.6512230646446798
0 0.608724 0.545898 0.097656 0.076172 0.0 0.13385212329475807 0.07243919375638487 0.13542796061063198 0.1563476587375416 0.1699840175294555 0.20606558384600387 0.19062277253288135 0.2681696953867834 0.7511621757881111 0.5821456861708827 0.6783193835322133 0.6557610423292365
0 0.438802 0.658691 0.148438 0.079102 0.0 0.0 0.1456072809214198 0.0 0.20620579621050947 0.0 0.25411734335832153 0.0 0.25389532959023564 0.0 0.6378431686570231 0.0 0.6449341300208952
0 0.529948 0.250977 0.119792 0.080078 0.0 0.0 0.26486891677305985 0.0 0.19191877516000108 0.0 0.2795288126677541 0.0 0.2900391353817412 0.0 0.6414829480066013 0.0 0.6376948884105897
0 0.207682 0.687012 0.134115 0.067383 0.0 0.0 0.21335797001881046 0.0 0.2329037933967549 0.0 0.3287984114007747 0.0 0.285003889028825 0.0 0.5934068970679309 0.0 0.7091494436496134
0 0.737630 0.145996 0.165365 0.108398 0.0 0.09060587949091954 0.13008410631257314 0.05090671854441583 0.06770677055910047 0.35128609598352173 0.3416891608973336 0.37550310303288514 0.3545268760083614 0.6627352801913604 0.7154383310163882 0.6670846889997544 0.6778008344237354
0 0.688802 0.777344 0.130208 0.089844 0.0 0.0 0.1861553493785192 0.0 0.16164796606724244 0.0 0.2636036008649904 0.0 0.25368946333179526 0.0 0.6463841589457686 0.0 0.6389501253980563
0 0.225260 0.752930 0.130208 0.070312 0.0 0.0 0.19340681393591114 0.0 0.1830433313708431 0.0 0.2759293875253245 0.0 0.26385228761666135 0.0 0.6362668558603226 0.0 0.6451076168258137
0 0.229818 0.025879 0.147135 0.049805 0.0 0.0 0.19004785974703164 0.0 0.2752810517654271 0.0 0.27697558611456197 0.0 0.24416147790998344 0.0 0.64951439669689 0.0 0.6507998564395219
0 0.576823 0.029785 0.140625 0.057617 0.0 0.14189589518892512 0.0 0.24654798875173664 0.0 0.26117924840585627 0.0 0.2607844378218483 0.0 0.6594079914826841 0.0 0.6664291426214144 0.0
0 0.251953 0.817383 0.141927 0.066406 0.0 0.0 0.1523311551013716 0.0 0.16762922268866948 0.0 0.28168826418861276 0.0 0.2758128134406275 0.0 0.6335231119524853 0.0 0.6407960978577386
0 0.399740 0.490234 0.145833 0.080078 0.0 0.0 0.20961164125369927 0.0 0.17708177120257623 0.0 0.27096214329655705 0.0 0.2635334233109577 0.0 0.6357723786235353 0.0 0.6364604455545958
0 0.497396 0.807129 0.132812 0.127930 0.0 0.0 0.16870239392544906 0.0 0.2055949477597613 0.0 0.2674077198115006 0.0 0.2719583035456837 0.0 0.6439908891197177 0.0 0.6431520577754481
0 0.229818 0.225586 0.066406 0.064453 0.0 0.17829812344734103 0.0 0.09209368043399155 0.0 0.3425695371548424 0.0 0.22351139587242916 0.0 0.685974619387375 0.0 0.6636392380184367 0.0
0 0.549479 0.319336 0.111979 0.050781 0.0 0.0 0.16385567675656765 0.0 0.19938204158388792 0.0 0.3169154605842558 0.0 0.3223609571258042 0.0 0.6428656059675842 0.0 0.6540366472367806
0 0.820964 0.643555 0.115885 0.111328 0.0 0.010262783855010886 0.12445753206390586 0.03467772469689527 0.17448478034591833 0.184634149950982 0.30017230588210064 0.3555370971936035 0.2779928878040269 0.6386278239518373 0.7191838061053403 0.6494237170808705 0.7303688682350828
0 0.271484 0.915039 0.136719 0.109375 0.2904998676976425 0.00471317364224989 0.0257673116428165 0.0 0.0 0.13821725718380456 0.08718758788408396 0.0 0.0 0.26982439829089344 0.6631930268201977 0.0 0.0
0 0.815104 0.786621 0.096354 0.071289 0.0 0.12303841288923018 0.0 0.15149777660865352 0.0 0.27936249316901973 0.0 0.282093787101982 0.0 0.8268335993095951 0.0 0.8347797211748798 0.0
0 0.698568 0.391602 0.097656 0.089844 0.0 0.0 0.16163831751888427 0.0 0.15401617717136384 0.0 0.24068310864424095 0.0 0.24914105995452548 0.0 0.6639508173358629 0.0 0.6676423840634461
0 0.461589 0.040039 0.092448 0.078125 0.0 0.0 0.049776105183238516 0.08287215121273055 0.11094571836565739 0.0 0.34901860657806333 0.26203554978952615 0.2774882233121586 0.0 0.6500142527076488 0.6371015051325816 0.6397154101490609
0 0.188151 0.624512 0.126302 0.069336 0.0 0.012655028433777943 0.17960021442392896 0.016805504994513207 0.2048401232747222 0.24662147238460363 0.19987836871167236 0.27509436721926683 0.33945544577740117 0.7719120595244754 0.6500663139273225 0.5218327477454017 0.6917280595886157
0 0.843099 0.356445 0.128906 0.123047 0.0 0.03205795354452352 0.15942174735511627 0.03355738538595747 0.11622366912669257 0.28182532970863605 0.378879218513249 0.28096424788099056 0.22117327828256794 0.7481480859092132 0.7287998524880481 0.6759116460281247 0.6970177221278281
0 0.168620 0.558594 0.126302 0.070312 0.0 0.0 0.17039123619348234 0.0 0.2169165549198153 0.0 0.20279274571341685 0.0 0.34796934987064365 0.0 0.6491569121848306 0.0 0.6421103780360305
0 0.470052 0.716309 0.127604 0.063477 0.3231386564715884 0.0 0.0 0.0 0.0 0.0 0.0 0.0 0.0 0.0 0.0 0.0 0.0
0 0.317057 0.568848 0.050781 0.053711 0.0 0.0 0.22237562244644338 0.0 0.0 0.0 0.09693912736635589 0.0 0.0 0.0 0.660483718449426 0.0 0.0
0 0.886719 0.748535 0.078125 0.077148 0.0 0.12545337859739808 0.0 0.22078491381246046 0.0 0.3329475008870409 0.0 0.3262105213575582 0.0 0.8446560908127448 0.0 0.8242232084666802 0.0
0 0.143880 0.479980 0.134115 0.092773 0.0 0.0 0.17451824693602105 0.0 0.16430949802500905 0.0 0.3398219633478279 0.0 0.33274647445520894 0.0 0.6426020460429864 0.0 0.6386695881631915
0 0.698568 0.021973 0.089844 0.041992 0.0 0.0 0.0 0.3017661026833532 0.0 0.0 0.0 0.2465338624045862 0.0 0.0 0.0 0.6624648249361484 0.0
0 0.348958 0.293945 0.125000 0.074219 0.0 0.0 0.18749176409405144 0.0 0.10107704907501515 0.0 0.2973757992191867 0.0 0.22853025958505085 0.0 0.6346151873358011 0.0 0.6107795414032741
0 0.510417 0.918457 0.156250 0.090820 0.0 0.11990526463641596 0.04827480208968801 0.15569377810252752 0.0 0.24399673105709513 0.21462491567361516 0.25019364372838465 0.0 0.7335668208541212 0.6304237713209844 0.8266686438625174 0.0
0 0.640625 0.679199 0.101562 0.110352 0.0 0.0 0.15384237393749794 0.0 0.20345837572884434 0.0 0.2021347874315316 0.0 0.21063687793763405 0.0 0.6383491528652872 0.0 0.6395838151710519
0 0.619792 0.142090 0.049479 0.059570 0.0 0.15356914495840285 0.0 0.22058273658295618 0.0 0.30147438794753767 0.0 0.2913055136222774 0.0 0.6572860793805334 0.0 0.6496837955062662 0.0
0 0.387370 0.949707 0.139323 0.083008 0.4360398658078274 0.0 0.0 0.0 0.0 0.0 0.0 0.0 0.0 0.0 0.0 0.0 0.0
0 0.793620 0.250488 0.141927 0.100586 0.08643580292773236 0.0 0.11431556398577591 0.09138714928598116 0.09622347225607673 0.0 0.2952370861000629 0.20178129197967398 0.2384917957838907 0.0 0.7328247753244743 0.7257242156450274 0.7352268023367591
0 0.632812 0.606445 0.091146 0.042969 0.0 0.0 0.21794169921308415 0.0 0.13868967326778897 0.0 0.17981612538220734 0.0 0.2948786468464465 0.0 0.653474568836785 0.0 0.6500590486281282
0 0.904297 0.967773 0.157552 0.064453 0.0 0.1603361361080787 0.0 0.06165598905107422 0.0 0.2934713451317744 0.0 0.3208776533282917 0.0 0.8349774745974414 0.0 0.8401835391732214 0.0
0 0.354167 0.354492 0.122396 0.044922 0.0 0.0 0.14134199120827506 0.0 0.17233619918357213 0.0 0.315741872544373 0.0 0.3251479174007123 0.0 0.6838044473758034 0.0 0.6509802134741907
0 0.569010 0.423340 0.098958 0.067383 0.0 0.0 0.15386343630111074 0.0 0.18357417171980095 0.0 0.27485670074591173 0.0 0.2757955576746277 0.0 0.6515378876703756 0.0 0.659160351588161
0 0.720703 0.833984 0.139323 0.054688 0.0 0.0 0.0449047252045911 0.11421170361207592 0.0743191868529389 0.0 0.3043840520817542 0.29655424800550584 0.29498609605498743 0.0 0.6410004046281138 0.8026347911006172 0.5834852629447685
0 0.072266 0.263672 0.108073 0.095703 0.02036420323752757 0.12764515123977946 0.014523864889994558 0.07816532286770225 0.13803282275309067 0.3210668736120844 0.3295893929108199 0.2855115308094932 0.3020927930054804 0.6498599941509324 0.6205683775310868 0.6361361780504273 0.564338866430428
0 0.567057 0.364258 0.115885 0.050781 0.0 0.03817066994391702 0.061483135927215354 0.04181493670047985 0.057617040857392436 0.17828152242238124 0.24873825305309655 0.1912062847084034 0.299136011810893 0.6718009143857276 0.6344102491755577 0.5864695641180334 0.7457131650364447
0 0.118490 0.403809 0.117188 0.065430 0.0 0.0 0.23319116439345583 0.0 0.20316621866949489 0.0 0.2722029095786436 0.0 0.27814501683205045 0.0 0.6420842797584041 0.0 0.6490739835678309
0 0.044271 0.780762 0.083333 0.125977 0.0 0.017039234466984896 0.18981890789851824 0.15084814224958742 0.02882588678377032 0.3411419120907644 0.4269158827110158 0.3504962134946481 0.3981565212816734 0.8384854580186449 0.6450212611015095 0.35642346496918986 0.5978932511691836
0 0.948568 0.035156 0.102865 0.050781 0.0 0.0 0.20352091316083232 0.0 0.1729478557863868 0.0 0.3191194454201948 0.0 0.3290987350139928 0.0 0.5043909706099867 0.0 0.5097754628670335
0 0.949219 0.090820 0.101562 0.070312 0.0 0.0 0.1826899849770141 0.0 0.18678149133007585 0.0 0.26375879675586855 0.0 0.26658956127122685 0.0 0.5141608557082713 0.0 0.5054997644466056
0 0.950521 0.187988 0.098958 0.116211 0.0 0.0 0.1810259962618525 0.01570227655575641 0.10954294282194992 0.0 0.2664047314897827 0.288685925875794 0.28212927432695944 0.0 0.5187515503580936 0.3712295050583249 0.5234797061997284
0 0.164714 0.236328 0.071615 0.072266 0.0 0.15613329513047597 0.0 0.2094291203475117 0.0 0.3605296538778126 0.0 0.33559600033953657 0.0 0.6732687220383633 0.0 0.6467849114405314 0.0
0 0.095052 0.340332 0.117188 0.065430 0.0892668123055474 0.028283054804716264 0.11622758029292389 0.03479212273557619 0.1276305957471528 0.31556754304415613 0.3181383022762364 0.29275486143564194 0.4587521978514789 0.631103080434225 0.6255280631543708 0.6663741216531005 0.6273908650287084
0 0.885417 0.442383 0.153646 0.080078 0.2971353488295089 0.0 0.0 0.0 0.0 0.0 0.0 0.0 0.0 0.0 0.0 0.0 0.0
0 0.930339 0.501465 0.118490 0.079102 0.0 0.0 0.18875506228293704 0.0 0.15173198674700297 0.0 0.25577057668463765 0.0 0.26841736573400193 0.0 0.7216530902450292 0.0 0.7267690549785231
0 0.949219 0.717285 0.078125 0.077148 0.0 0.1658859618863581 0.0 0.14764125373138334 0.0 0.266596373398039 0.0 0.30100561164275097 0.0 0.7413832388822601 0.0 0.7694534393321634 0.0
0 0.590495 0.482422 0.115885 0.058594 0.0 0.0 0.17378318559983238 0.0 0.17591554960020084 0.0 0.3383636553108978 0.0 0.30374032688785363 0.0 0.6446576863374401 0.0 0.6437566054079851
0 0.030599 0.661133 0.058594 0.113281 0.0 0.0 0.3425342019132634 0.0 0.0 0.0 0.27269882869703455 0.0 0.0 0.0 0.6474292917252668 0.0 0.0
0 0.963542 0.316406 0.072917 0.080078 0.0 0.0 0.025084063545197058 0.0 0.30398110331527545 0.0 0.27348467730338594 0.0 0.23311941988374726 0.0 0.6684009891440893 0.0 0.7357372451407311
0 0.031901 0.033203 0.061198 0.064453 0.0 0.0 0.29337093352736665 0.0 0.0 0.0 0.21560917416292907 0.0 0.0 0.0 0.6476645811585287 0.0 0.0
0 0.050781 0.087402 0.098958 0.053711 0.0 0.0 0.18742915933682347 0.0 0.11760062450899027 0.0 0.21834475292701572 0.0 0.21201415336499113 0.0 0.6373298799408966 0.0 0.6196231669655083
