0 0.645508 0.254557 0.115234 0.157552 0.3572665231045044 0.0 0.0 0.0 0.0 0.0 0.0 0.0 0.0 0.0 0.0 0.0 0.0
0 0.463379 0.662760 0.143555 0.130208 0.0 0.1298388763623298 0.0 0.16507763116440877 0.02020241980936863 0.3253751260344768 0.0 0.26230567205805294 0.3416385636134922 0.4603642821015641 0.0 0.4533012880587194 0.35238142884789164
0 0.639160 0.667969 0.073242 0.088542 0.0 0.1612550960700957 0.15775078158187741 0.0 0.0 0.2730699398248687 0.2808843752660227 0.0 0.0 0.4386748708006125 0.47284956167600223 0.0 0.0
0 0.606934 0.848958 0.108398 0.106771 0.0 0.0 0.19681253326312248 0.0 0.1897685638693681 0.0 0.3115449195684794 0.0 0.29413297379283143 0.0 0.45766115143897224 0.0 0.46116906418571374
0 0.932129 0.390625 0.124023 0.156250 0.06513495720257857 0.12079296877287093 0.06993616001332831 0.0 0.11857714677210769 0.2566408514356546 0.2953433604690464 0.0 0.24862245360946097 0.7179791403452669 0.7819741715184645 0.0 0.7001501381811863
0 0.780273 0.524740 0.103516 0.145833 0.2766825914793164 0.0 0.0 0.0 0.0 0.0 0.0 0.0 0.0 0.0 0.0 0.0 0.0
0 0.245117 0.475260 0.117188 0.161458 0.033338468740515576 0.0 0.10102518304039884 0.0 0.15148676426489646 0.0 0.3059893367889571 0.0 0.3244986927052185 0.0 0.4111828322854202 0.0 0.005458539198500034
0 0.114258 0.593750 0.089844 0.093750 0.0 0.0 0.0 0.1414622051322246 0.08506426369347349 0.0 0.0 0.1420337859530882 0.36046012619036016 0.0 0.0 0.9857614701784605 0.003758277441111583
0 0.443359 0.811198 0.107422 0.075521 0.0 0.0 0.12263561618906997 0.0 0.10972582674668327 0.0 0.34034996987998684 0.0 0.3637523910069631 0.0 0.4529622658812185 0.0 0.4319782017109134
0 0.504883 0.444661 0.078125 0.165365 0.0 0.21923172808806232 0.0 0.18454508124390598 0.0 0.2000246508978712 0.0 0.20722039388659677 0.0 0.4575594331638085 0.0 0.439026114541853 0.0
0 0.024902 0.750651 0.047852 0.118490 0.0 0.09102854944518599 0.0 0.1895877515902545 0.0 0.2696259200924127 0.0 0.3238150703606476 0.0 0.9222498355258106 0.0 0.9029116550011597 0.0
0 0.438477 0.884115 0.111328 0.075521 0.0 0.0 0.19735016583933945 0.0 0.07188935397270879 0.0 0.24672099400373323 0.0 0.2650512811458833 0.0 0.45618207397420557 0.0 0.42100425347065323
0 0.872070 0.191406 0.130859 0.083333 0.0 0.0 0.11346286464757831 0.0 0.1023854469494846 0.0 0.25069888287693914 0.0 0.3086542731172649 0.0 0.708668027886441 0.0 0.7033619966928891
0 0.570312 0.464844 0.058594 0.130208 0.0 0.17484458357894223 0.0 0.09541263201131807 0.0 0.2257976270762066 0.0 0.3900496669042556 0.0 0.465363303745502 0.0 0.4584837297764131 0.0
0 0.210449 0.744141 0.086914 0.113281 0.0 0.1511710360900489 0.0 0.23657109068440407 0.0 0.33036518715277424 0.0 0.2438613369208177 0.0 0.041288431555503914 0.0 0.10538435094615327 0.0
0 0.569824 0.684245 0.067383 0.134115 0.0 0.19367411730099485 0.0 0.1314438618231094 0.0 0.27226256708805313 0.0 0.26705856234161235 0.0 0.46326476606851086 0.0 0.45283614991569276 0.0
0 0.602051 0.929688 0.102539 0.052083 0.0 0.0 0.16612491257060766 0.0 0.2806240119372967 0.0 0.3505794185454204 0.0 0.19553295071238463 0.0 0.4386359440971167 0.0 0.4675320684164979
0 0.054688 0.429688 0.097656 0.161458 0.0 0.0 0.11570843408224828 0.0 0.14828955313614325 0.0 0.37100894687771485 0.0 0.3571036228651108 0.0 0.012122319661657204 0.0 0.011860096052599071
0 0.457031 0.214193 0.101562 0.126302 0.018933036828166914 0.1614193734563143 0.0 0.08574200987963854 0.0 0.2656488477320641 0.0 0.27757889268088337 0.0 0.9908299435981298 0.0 0.9823980573581739 0.0
0 0.206055 0.169922 0.097656 0.136719 0.19302172068676016 0.0 0.16381118613867593 0.0 0.09599216570007454 0.0 0.3306744607322907 0.0 0.34602784068236475 0.0 0.026859591160821435 0.0 0.013308550317112304
0 0.162109 0.537109 0.078125 0.100260 0.0 0.0 0.18038330248253542 0.0 0.223571630703454 0.0 0.2905088806669754 0.0 0.2842265080507435 0.0 0.02946253830801753 0.0 0.005506198740708454
0 0.760742 0.768880 0.080078 0.092448 0.0 0.0 0.1157961579847672 0.0 0.07158256805658798 0.0 0.1949899017346684 0.0 0.3603161524598794 0.0 0.4410821573756089 0.0 0.45322737556476766
0 0.384277 0.490885 0.055664 0.096354 0.0 0.0 0.0 0.27917186971296404 0.0 0.0 0.0 0.18028169946313685 0.0 0.0 0.0 0.45690284454751817 0.0
0 0.638184 0.462240 0.098633 0.132812 0.027736071399030993 0.02546664939591145 0.05691625511569953 0.04795330456317634 0.029846284531323337 0.2904616881616365 0.348791489992702 0.3743841308479498 0.2811478122992001 0.4499370938320559 0.45554389552721025 0.46055229051204694 0.4750182593107948
0 0.312012 0.582682 0.075195 0.100260 0.04862602473068599 0.0 0.14245588180470634 0.0 0.08242962668455098 0.0 0.26287560381445996 0.0 0.19128882994004262 0.0 0.46328726126408243 0.0 0.4940517197978971
0 0.958984 0.587240 0.082031 0.117188 0.0 0.0 0.014025497144895994 0.0 0.3258285558831158 0.0 0.1875576214360949 0.0 0.16997933667137233 0.0 0.5974874702646951 0.0 0.7215243803878426
0 0.282715 0.823568 0.108398 0.134115 0.0 0.11499623353006493 0.07212468544408487 0.16693479927821492 0.0 0.23528667670181372 0.2354740058827328 0.23085071673103813 0.0 0.03245153280734141 0.05027708445768692 0.124536504942832 0.0
0 0.797852 0.658203 0.144531 0.121094 0.0 0.01592528242290472 0.07590536812420168 0.08165677974974395 0.1017109732444948 0.27612664508047075 0.3875600736517609 0.3568445242869371 0.36989994693855216 0.40212478305908644 0.7121541045650072 0.5799104384642179 0.4583585830244817
0 0.852051 0.772786 0.075195 0.113281 0.0 0.05348539675486339 0.14592498709832144 0.0 0.11668926475847485 0.26540821255682934 0.2611017001411629 0.0 0.2528612730427917 0.7124611064058043 0.7184571119231464 0.0 0.7240586841338803
0 0.636719 0.363281 0.103516 0.065104 0.0 0.026362891417430995 0.11285032314509227 0.023104791934045823 0.14923893700220375 0.3768060811045226 0.32317088705776553 0.29751435461868764 0.3176732988235117 0.49224806668353377 0.39977042997936696 0.45803528991190645 0.47122158482415716
0 0.045898 0.180990 0.089844 0.182292 0.0 0.13574313872349628 0.0 0.07528810780460911 0.0 0.31742273135810417 0.0 0.3302455929385925 0.0 0.08561343746574168 0.0 0.08412758799322104 0.0
0 0.864746 0.885417 0.083008 0.125000 0.0 0.0 0.21874483690387883 0.0 0.23276279966230845 0.0 0.29959621939730297 0.0 0.2992278737700236 0.0 0.7168780670507778 0.0 0.7169970274419948
0 0.438477 0.480469 0.054688 0.109375 0.0 0.17290635853314354 0.0 0.21694207913395008 0.0 0.24021823388635244 0.0 0.22459146833436688 0.0 0.43146636504157193 0.0 0.45744000098024457 0.0
0 0.759766 0.869141 0.095703 0.113281 0.0 0.0 0.21314152713111215 0.0 0.22898715135624026 0.0 0.22686607355067498 0.0 0.3421933101304574 0.0 0.47024189505781666 0.0 0.43676328046144275
0 0.669922 0.120443 0.082031 0.108073 0.0 0.0 0.13646496955503987 0.0 0.093553887015081 0.0 0.22070844676475695 0.0 0.25875210153186645 0.0 0.4646004173070739 0.0 0.4737920126818052
0 0.371094 0.309245 0.134766 0.173177 0.030628507973794905 0.0 0.10457284470691988 0.0 0.11019857032697175 0.0 0.2834335701155509 0.0 0.2955614807913891 0.0 0.005048140956293739 0.0 0.004874937479417933
0 0.131836 0.282552 0.087891 0.143229 0.016942924146773865 0.04181106624676375 0.2573189565281706 0.0 0.05670177162329317 0.33295371313607897 0.3165186944995909 0.0 0.43248643083156474 0.9054962921836585 0.005119554378615653 0.0 0.004328066999872249
0 0.981445 0.783203 0.037109 0.087240 0.0 0.0 0.0 0.0 0.23802532296555867 0.0 0.0 0.0 0.24872969048098914 0.0 0.0 0.0 0.7238222831158898
0 0.307617 0.694010 0.083984 0.132812 0.0 0.0 0.1633950741143519 0.0 0.19268875565088014 0.0 0.2107027520063292 0.0 0.19851880267250038 0.0 0.45916134082873505 0.0 0.45671638797479186
0 0.889160 0.281901 0.118164 0.102865 0.03877690636330353 0.0 0.1555383265773854 0.0 0.23791656153618626 0.0 0.31332470303287485 0.0 0.3141432771064009 0.0 0.7203168775704023 0.0 0.7120707914486186
0 0.970215 0.680990 0.059570 0.109375 0.0 0.0 0.0 0.0 0.1897459624239878 0.0 0.0 0.0 0.19816813297791888 0.0 0.0 0.0 0.7103455183133742
0 0.080078 0.044271 0.097656 0.085938 0.2808200623197875 0.0 0.0 0.0 0.0 0.0 0.0 0.0 0.0 0.0 0.0 0.0 0.0
0 0.291016 0.095703 0.097656 0.115885 0.0 0.11521127998766449 0.0 0.16550349146105128 0.02631628541253353 0.32069276891971316 0.0 0.3525536740579567 0.3089659447335852 0.8648160202795292 0.0 0.9940183340841076 0.3401176653273779
0 0.351562 0.031250 0.097656 0.059896 0.0 0.107163592985285 0.0 0.28419790196824374 0.0 0.31290326236391 0.0 0.31738313328098194 0.0 0.9671826144356932 0.0 0.9829890963943525 0.0
0 0.515625 0.125651 0.101562 0.126302 0.040460507495152155 0.1971564354051743 0.0 0.08395537549833662 0.0 0.4132149896514943 0.0 0.39196557122207965 0.0 0.987481633085008 0.0 0.9743426769304311 0.0
0 0.594727 0.037760 0.070312 0.072917 0.25605915962896086 0.0 0.0 0.0 0.0 0.0 0.0 0.0 0.0 0.0 0.0 0.0 0.0
0 0.669922 0.031250 0.072266 0.059896 0.0 0.0 0.33627963221303997 0.0 0.0 0.0 0.29900736913354864 0.0 0.0 0.0 0.7226416083454069 0.0 0.0
0 0.062012 0.812500 0.075195 0.098958 0.18072356268772397 0.0 0.0 0.0 0.0 0.0 0.0 0.0 0.0 0.0 0.0 0.0 0.0
0 0.107910 0.888672 0.094727 0.131510 0.11621304805562305 0.0 0.016271320896965258 0.0 0.0 0.0 0.07204865042018517 0.0 0.0 0.0 0.6658020452466563 0.0 0.0
0 0.162598 0.953125 0.086914 0.093750 0.0 0.204111395475567 0.0 0.11080877156823554 0.0 0.3072006590962009 0.0 0.2258322602658781 0.0 0.04407416215398901 0.0 0.033232661065843494 0.0
0 0.436523 0.962240 0.111328 0.075521 0.0 0.0076246649171107924 0.1672754706963736 0.0 0.18305046785980372 0.3855813035722738 0.27422940205894647 0.0 0.36207682752765347 0.10621522322276501 0.46069461275904416 0.0 0.45838796293766615
0 0.622559 0.751953 0.098633 0.089844 0.0 0.0 0.19608991664825928 0.0 0.15247124676870466 0.0 0.27491300757324794 0.0 0.273947502850929 0.0 0.4613830068950765 0.0 0.4583207235198371
0 0.603027 0.977865 0.110352 0.044271 0.0 0.0 0.06928190296169079 0.0 0.10214485261882858 0.0 0.25088552949398724 0.0 0.34218641300438346 0.0 0.5413889637181432 0.0 0.5160945116957928
0 0.763672 0.964193 0.093750 0.071615 0.21037126777883733 0.0 0.0 0.0 0.0 0.0 0.0 0.0 0.0 0.0 0.0 0.0 0.0
0 0.906738 0.969401 0.084961 0.061198 0.0 0.0 0.15041094157221815 0.0 0.11438875766117716 0.0 0.3302553026649985 0.0 0.3136834614600609 0.0 0.7108164828626161 0.0 0.71035489614713
0 0.842773 0.100260 0.099609 0.117188 0.10095792494480502 0.0 0.08346171308429289 0.0 0.1546206002802199 0.0 0.2625415231009827 0.0 0.27216197494427663 0.0 0.7368208798394578 0.0 0.7245564547653659
0 0.822754 0.025391 0.114258 0.048177 0.0 0.0 0.12623203648426282 0.2966018983637232 0.04605245795305254 0.0 0.22538294469460396 0.2622055973174441 0.23592180156254663 0.0 0.47591602253574855 0.4671637618466377 0.7336988131284363
0 0.958496 0.042969 0.083008 0.083333 0.06982982211308232 0.10288539213680144 0.0 0.13062778983177137 0.0 0.21990700426478388 0.0 0.22802044783425748 0.0 0.6710534268726936 0.0 0.6614715636488471 0.0
