0 0.627441 0.398926 0.135742 0.112305 0.10271580864919694 0.07360520776539155 0.028598821520181405 0.0841447963339292 0.0 0.33036455283321275 0.3308044698751192 0.34991773475829707 0.0 0.8846777594773879 0.8971805090416328 0.8947032095476295 0.0
0 0.455078 0.521973 0.140625 0.114258 0.03819866714587852 0.10242374917631547 0.0 0.09012409325378731 0.0721537844141492 0.3479706389673214 0.0 0.3600950335432394 0.21974595398378244 0.9105413748074427 0.0 0.9018104387794766 0.9052689294218236
0 0.631348 0.749023 0.122070 0.109375 0.07318906596753234 0.14252692140922446 0.0 0.1312480175663265 0.0 0.3592671698407835 0.0 0.36501917755292557 0.0 0.9007273023231741 0.0 0.9040889139956025 0.0
0 0.379883 0.227539 0.125000 0.111328 0.01811667144272951 0.22972533642639692 0.0 0.1515581044946055 0.0 0.3111610999572058 0.0 0.39541259841892834 0.0 0.8966591858667193 0.0 0.898294447122231 0.0
0 0.799805 0.634766 0.113281 0.093750 0.0921842807965268 0.1385218668317504 0.05699382679579982 0.12275754675569907 0.0 0.31761437911019286 0.35116983968425525 0.31366276483931715 0.0 0.8979893071578883 0.9056587849128742 0.8960261792443652 0.0
0 0.292480 0.299316 0.145508 0.110352 0.09767618775314764 0.08437503042006227 0.0 0.14299483861666007 0.04086986198379565 0.36978799844010396 0.0 0.38992058311631117 0.3874527047953936 0.9049567432722231 0.0 0.896205168146115 0.8991120308838422
0 0.717773 0.687988 0.113281 0.102539 0.04192124880795969 0.18776612982633725 0.0 0.14863981815258479 0.0 0.3209486719762478 0.0 0.31706514336421254 0.0 0.8966609112553116 0.0 0.894651755455882 0.0
0 0.547363 0.812012 0.129883 0.104492 0.043824393216465835 0.19269985876234996 0.0 0.11042254934486154 0.039252799236387984 0.2299448200561373 0.0 0.35529412354193574 0.3511030647762621 0.9051352654509777 0.0 0.8918708439353111 0.9091555963853735
0 0.546387 0.465332 0.120117 0.100586 0.10991116781672494 0.153278379400661 0.0 0.15376328214834792 0.0 0.33667584647200677 0.0 0.35779263649284526 0.0 0.8996420511475703 0.0 0.8951282370414813 0.0
0 0.459473 0.175781 0.135742 0.103516 0.05045169192570194 0.10761273847228955 0.04392300011883315 0.09266358933313634 0.0 0.3245350662636907 0.43094221927461934 0.39716383933840904 0.0 0.8884481355056337 0.8962833636941515 0.8957723238802133 0.0
0 0.895508 0.232422 0.117188 0.101562 0.0 0.13261315821416672 0.0 0.14021135186712214 0.05341264889608119 0.29434775757337994 0.0 0.3156682076987339 0.3144795709661544 0.9173852230169459 0.0 0.874251536170365 0.901736796690887
0 0.782715 0.051758 0.157227 0.101562 0.19700285384010716 0.0 0.0 0.030089405786504403 0.014978041586518177 0.0 0.0 0.1478393421079403 0.42400466723986285 0.0 0.0 0.9151858843946267 0.8902069820259609
0 0.150391 0.060059 0.181641 0.118164 0.04008698238841474 0.1391417961860003 0.0 0.1514080085778174 0.037633750706844646 0.3976213797566932 0.0 0.3834732746973939 0.3840450550342651 0.8826434069291906 0.0 0.8930555781923456 0.9045304958434041
0 0.236816 0.916992 0.104492 0.097656 0.06465880135227015 0.1300435569073676 0.049324462983564535 0.11926670928402872 0.0 0.36278245598679704 0.3945409498003884 0.3290085331848702 0.0 0.8946015333295619 0.9047283234204416 0.9086533877027198 0.0
0 0.072266 0.467285 0.142578 0.161133 0.04541917497079001 0.08490485984699644 0.0330244948632777 0.0932282648588159 0.0 0.3367103453485019 0.3194955163725394 0.33594845460533196 0.0 0.8990750036719573 0.8903407576067821 0.8995559451164373 0.0
0 0.961914 0.166016 0.076172 0.101562 0.0 0.1944640983186983 0.0 0.15128121094266767 0.0 0.31536404992936024 0.0 0.31626194531174084 0.0 0.9099095050793761 0.0 0.9057972201980136 0.0
0 0.633789 0.973633 0.105469 0.052734 0.0 0.10720225936035481 0.06623116166490053 0.07146234452951097 0.025412718502391737 0.3474470224334043 0.34284278847272254 0.3529158520234247 0.3641684057956081 0.7836179412880063 0.787471145707986 0.7956984412179376 0.7989931448640349
0 0.227539 0.699707 0.144531 0.161133 0.060209987067864665 0.0977191396315851 0.041596034701439175 0.1176105072057178 0.008323515596240366 0.3893431276209693 0.4177530011595237 0.4147801175382907 0.41260686466017193 0.8984100266536363 0.8894872875244937 0.897182757943821 0.9117796032825108
0 0.158691 0.951172 0.104492 0.097656 0.09654258504353214 0.1690193440239186 0.0 0.14824068780475938 0.0 0.2410522999145556 0.0 0.2643426384891887 0.0 0.8584822787426821 0.0 0.9038752448307525 0.0
0 0.079102 0.972656 0.087891 0.054688 0.0 0.20319229874670078 0.0 0.08961434841041711 0.0 0.27318707163893846 0.0 0.2860316247383838 0.0 0.8975599159320667 0.0 0.9120708248416608 0.0
