0 0.050781 0.661133 0.095703 0.107422 0.0 0.0 0.17485222723524937 0.0 0.16738254379235307 0.0 0.36909727162826605 0.0 0.3776457449702742 0.0 0.7553850798805034 0.0 0.7461082043764785
0 0.640137 0.138672 0.081055 0.070312 0.0 0.048279662893847705 0.0805659580643586 0.04386632529661768 0.21237394800703474 0.2630674845300139 0.26160012918207154 0.33074708599700214 0.24823587907627315 0.7883102812478051 0.7699476518200774 0.7867614422529389 0.7702155640406958
0 0.350098 0.284180 0.065430 0.060547 0.0 0.0 0.26992857148619964 0.0 0.24444886566974625 0.0 0.3903337708419423 0.0 0.34723723550701285 0.0 0.7611706105897104 0.0 0.7698616291440228
0 0.067383 0.525391 0.085938 0.128906 0.0 0.0 0.14548052277929993 0.0 0.1768146658350033 0.0 0.25945435088872 0.0 0.21618908062078168 0.0 0.7603965794020187 0.0 0.7569038495966194
0 0.958984 0.317383 0.082031 0.089844 0.0 0.0 0.25606097043529513 0.0 0.20592889935434935 0.0 0.30146764834037215 0.0 0.2904881271767335 0.0 0.7726490849993753 0.0 0.7683781120562959
0 0.366699 0.603027 0.104492 0.075195 0.0 0.026537325699541352 0.19093684103609246 0.019887357006289307 0.11710431965082563 0.21659270165841396 0.2500421089443628 0.2753424419998773 0.2578809900471892 0.791935968335186 0.7749859773056522 0.768363568813602 0.7825902117830572
0 0.285645 0.144531 0.081055 0.087891 0.0 0.08911304610104984 0.08979976914218449 0.0911238145639512 0.06785157283187623 0.32526915867354583 0.3127874658065016 0.322831480527209 0.30422666275387067 0.8685766912080347 0.9002129233056416 0.8726210561789963 0.8716461706294236
0 0.862305 0.039551 0.085938 0.077148 0.0 0.0 0.21964331687537153 0.0 0.10056266093907168 0.0 0.33377421868152324 0.0 0.2633346800226993 0.0 0.7799520232199241 0.0 0.7816564551487454
0 0.387695 0.345215 0.089844 0.075195 0.0 0.03043587843129362 0.04296469108462238 0.1630778139939224 0.2485615845389355 0.33944499448625093 0.14916276717806698 0.3415013648345641 0.3302911947750642 0.8019903912454328 0.6339513268679499 0.762365827921432 0.8293263185320247
0 0.507812 0.613770 0.089844 0.069336 0.0 0.012325735313801326 0.16487995240419104 0.0209962908882306 0.1947018252844217 0.37954817044458605 0.4098143748641757 0.36159060942968646 0.21247825735193288 0.7793272164514042 0.7902866066021084 0.8052278452569485 0.7782580565817101
0 0.654297 0.896484 0.107422 0.097656 0.0 0.0 0.17192698187988678 0.0 0.19424073176586293 0.0 0.33497655193010367 0.0 0.32201411372104993 0.0 0.7805190531880359 0.0 0.7433060054329947
0 0.536621 0.201660 0.100586 0.079102 0.0 0.0 0.13834343149098444 0.0 0.13670707632297135 0.0 0.07137112203964488 0.0 0.07756680759534425 0.0 0.772840557969108 0.0 0.7763377109510656
0 0.811035 0.512207 0.090820 0.081055 0.0 0.029699354326958725 0.12965325116522644 0.019373977369913205 0.1168960585327122 0.27588384779288927 0.233898485277606 0.3010027786171149 0.36363517814101115 0.769322583028142 0.7509812015766515 0.7591771920529071 0.6937586725499556
0 0.892090 0.117676 0.098633 0.092773 0.0 0.0 0.10568455800291089 0.1729145566318898 0.051145390948695774 0.0 0.2995386380874915 0.2534999775105183 0.29281666990842325 0.0 0.7557101589395007 0.7572793860465235 0.7902596096453121
0 0.319824 0.490723 0.090820 0.079102 0.0 0.0 0.21359641587462733 0.0 0.1205935115019794 0.0 0.10839113794993133 0.0 0.1069102307039019 0.0 0.7581477206450444 0.0 0.7918282675786654
0 0.866699 0.578613 0.129883 0.127930 0.0 0.058747554763803285 0.09312526532474116 0.034980859147271205 0.04904151898739119 0.21315307676637438 0.17895873635082096 0.15546184813098812 0.20536125299727956 0.7535444450183291 0.7974982808100142 0.7805903456284207 0.7623236805940151
0 0.541016 0.666504 0.087891 0.073242 0.0 0.0 0.14075978620723026 0.0 0.12059618522458118 0.0 0.17196793955589215 0.0 0.3435931456638129 0.0 0.7762529773966894 0.0 0.7814922270447021
0 0.458984 0.455078 0.140625 0.144531 0.0024123189543735777 0.07368259515870021 0.06631746147713521 0.033333557055246335 0.12589242875874854 0.31026048321453703 0.22712626737697553 0.3001845857009358 0.2700948482951391 0.740468819697262 0.7662413420018008 0.7472816587034218 0.7781077924199701
0 0.836426 0.152344 0.043945 0.060547 0.2651631720673963 0.0 0.0 0.3294906593919635 0.0 0.0 0.0 0.30726607042015674 0.0 0.0 0.0 0.7746370216752679 0.0
0 0.288086 0.706543 0.107422 0.084961 0.0 0.08597556752497208 0.0 0.10952639511036409 0.06717935502435994 0.2823304458790071 0.0 0.2834579846076171 0.26671504609806457 0.7925943276772186 0.0 0.7806352179133822 0.7556841295928365
0 0.197754 0.473145 0.106445 0.090820 0.0 0.06401612992013218 0.10467647136577446 0.041717676411645796 0.08643638451193668 0.1428452619734921 0.3085690087602531 0.07681703228682024 0.26862294513312546 0.7672877178924136 0.7923108469991279 0.7372871946729238 0.7952125592674422
0 0.962891 0.870605 0.068359 0.065430 0.0 0.0 0.190510107316208 0.0 0.11919980569830468 0.0 0.32908637366761995 0.0 0.283854187527146 0.0 0.7495374323953446 0.0 0.7550127978884151
0 0.500488 0.852051 0.098633 0.071289 0.0 0.0 0.10658806880771203 0.0 0.18872204042047316 0.0 0.2773530214459054 0.0 0.177147185183472 0.0 0.7911537939809801 0.0 0.7911737925202229
0 0.250977 0.334961 0.082031 0.058594 0.0 0.050048899709506586 0.016675279028344266 0.035989643203224744 0.1431968328534166 0.2332382647005643 0.3307476109175741 0.1731267553732151 0.09918014417109428 0.7800826289539255 0.7774275991792023 0.7765532057661938 0.7950521257129376
0 0.729980 0.335449 0.079102 0.045898 0.0 0.03415935529718331 0.22470378055939608 0.03100678125348724 0.043697775183540864 0.3057581023732807 0.1589867799913183 0.3437024863217449 0.3041462611617073 0.719083202479104 0.502752807841599 0.8162499491935705 0.7550640276660641
0 0.458496 0.324707 0.057617 0.063477 0.0 0.26599025880672994 0.0 0.1617123538227709 0.0 0.23641626565038984 0.0 0.3056817970263558 0.0 0.7657724024795508 0.0 0.7665084135440358 0.0
0 0.574707 0.270996 0.094727 0.071289 0.02162303241514985 0.0 0.1851753545936917 0.0 0.15968746397760333 0.0 0.276009245773877 0.0 0.2174121342503638 0.0 0.7626434270477376 0.0 0.7642832415832236
0 0.603516 0.803711 0.082031 0.058594 0.0 0.0 0.1391107728967524 0.0 0.15784029681089037 0.0 0.26637167344950585 0.0 0.2503085556889234 0.0 0.7892167902778598 0.0 0.78996773289478
0 0.244629 0.083984 0.061523 0.054688 0.0 0.08666663937989148 0.07559874132019105 0.10996977879206875 0.05469599249766617 0.390203185894399 0.3273147933449201 0.33155960771283244 0.3595567360960833 0.9575344409961148 0.8900855741502912 0.9007267519024381 0.874829949474539
0 0.289062 0.422363 0.093750 0.077148 0.05460581705358527 0.018524589799894357 0.20214476435450926 0.0 0.08787248910824406 0.27981796622067134 0.3052705628800202 0.0 0.29105711527847283 0.043156602129988564 0.782682575971881 0.0 0.7545776157197425
0 0.765625 0.389648 0.101562 0.074219 0.0 0.025111731053642977 0.08298240404127635 0.023104323157508284 0.07613918522336008 0.2596892790580601 0.2327620069607773 0.2656107382066172 0.23845014973911458 0.7778367173925259 0.7487137514224734 0.7652070348341756 0.749022571843817
0 0.466797 0.789062 0.117188 0.076172 0.027542490071962217 0.0 0.11907924056219614 0.0 0.15034365266861544 0.0 0.2678741576528068 0.0 0.23699489465059748 0.0 0.7658962666944606 0.0 0.7878913553870963
0 0.979004 0.926270 0.041992 0.083008 0.0 0.0 0.030788286939718607 0.0 0.16397723563550354 0.0 0.28983372824911413 0.0 0.4276566678061302 0.0 0.826124381504193 0.0 0.7983309758135297
0 0.216309 0.271973 0.088867 0.083008 0.0350365251247193 0.0 0.17840262268094415 0.0 0.06815638908541169 0.0 0.32927819570573885 0.0 0.34409071834518673 0.0 0.7819963886060148 0.0 0.7861512043358818
0 0.119141 0.604980 0.072266 0.061523 0.0 0.0 0.0 0.20539621033141636 0.0 0.0 0.0 0.1772803703419997 0.0 0.0 0.0 0.7654144655896133 0.0
0 0.680664 0.205566 0.089844 0.088867 0.0 0.03156582876397776 0.07762072872355628 0.10861546113583045 0.13379331243171635 0.35847435473434286 0.16598818213164782 0.32207653509879186 0.2820621017182058 0.8344453252335916 0.7442767637783578 0.7727520412463258 0.7690573364237584
0 0.043457 0.888672 0.084961 0.076172 0.0 0.0 0.25653759906126683 0.0 0.0 0.0 0.19258763264561457 0.0 0.0 0.0 0.8169402435277261 0.0 0.0
0 0.618164 0.357910 0.074219 0.049805 0.0 0.1769410934167066 0.06473236052579667 0.13512281014256877 0.0 0.21375655750570768 0.2528144785911326 0.14432584666998607 0.0 0.7634579549337966 0.7688680630295855 0.7922850162347281 0.0
0 0.638672 0.419922 0.082031 0.080078 0.03107422384346221 0.0 0.2588457244383381 0.0 0.05775737816016243 0.0 0.295053121313307 0.0 0.2186012402683905 0.0 0.7607897706252391 0.0 0.7701635037736814
0 0.692383 0.962402 0.097656 0.071289 0.0 0.0 0.10356655530743622 0.0 0.14207524664793642 0.0 0.2847543107173892 0.0 0.27693533994708724 0.0 0.8043840791035194 0.0 0.807248263276894
0 0.357422 0.538086 0.068359 0.056641 0.0 0.0 0.2896745924706587 0.0 0.09110368082579627 0.0 0.18381115714713545 0.0 0.16919750630152608 0.0 0.7651280980858066 0.0 0.8010479693303378
0 0.334473 0.236816 0.073242 0.036133 0.0 0.0 0.2608235488237983 0.0 0.08700967066805478 0.0 0.13628671160189854 0.0 0.3931088007664705 0.0 0.7896528788836176 0.0 0.7720453221859218
0 0.537598 0.942383 0.100586 0.074219 0.0 0.01771520018326154 0.12231172472566092 0.0 0.098501054804525 0.2996040858162275 0.2796423305065672 0.0 0.24248418005522682 0.03153700842297206 0.7625308427629184 0.0 0.7860654623189687
0 0.207031 0.028320 0.070312 0.054688 0.0 0.01510382625697044 0.10100411288700721 0.0 0.1937913895626958 0.2835192024132414 0.24069564985125647 0.0 0.2551954019914338 0.015268787966844933 0.9762114136719979 0.0 0.9129584939332549
0 0.616211 0.846191 0.068359 0.053711 0.0 0.0 0.11833514069602145 0.0 0.16460486782208292 0.0 0.3355400291782145 0.0 0.25414301986178117 0.0 0.7513811470980513 0.0 0.772130010858375
0 0.666016 0.476562 0.074219 0.060547 0.0 0.0 0.18030790069698727 0.0 0.1375642331264508 0.0 0.2929820313646219 0.0 0.1691993843738038 0.0 0.7617794460632262 0.0 0.614733006676859
0 0.593262 0.038574 0.077148 0.075195 0.0 0.0 0.1615423483139966 0.0 0.27133569318080847 0.0 0.24232287952951373 0.0 0.21023323096362692 0.0 0.7626488554555768 0.0 0.768191674711941
0 0.725098 0.589355 0.069336 0.067383 0.0 0.0 0.19765509108828413 0.0 0.13257577115114963 0.0 0.26799322667053427 0.0 0.2534716947704397 0.0 0.7727456183396447 0.0 0.7809952928370882
0 0.117188 0.057617 0.044922 0.037109 0.0 0.0 0.17583902324362233 0.0 0.14802836412960826 0.0 0.14264542284048265 0.0 0.1937916834025094 0.0 0.8752326068356862 0.0 0.8559892521040127
0 0.192383 0.658203 0.068359 0.078125 0.0 0.23129287837595813 0.0 0.23875380616529268 0.0 0.19328552375761704 0.0 0.2179616921943295 0.0 0.7600893056351463 0.0 0.7425997917003504 0.0
0 0.956055 0.251465 0.087891 0.045898 0.0 0.0 0.17579260420453394 0.0 0.11097179965701373 0.0 0.2745970598831131 0.0 0.2237147586228154 0.0 0.7650870031143003 0.0 0.757853245891251
0 0.836426 0.861816 0.110352 0.075195 0.0 0.0 0.11031299535964462 0.011578206115468004 0.03769560175002794 0.0 0.3080483009742021 0.20489608412454718 0.3299738882839913 0.0 0.7689274215692665 0.8042408829218819 0.8151514412622124
0 0.739746 0.655762 0.116211 0.090820 0.0 0.0 0.17316149819391496 0.0 0.11415477100719246 0.0 0.2511501483159582 0.0 0.18353833125606062 0.0 0.7649974517451824 0.0 0.8228666789925771
0 0.769531 0.277344 0.052734 0.046875 0.0 0.22753038125881636 0.0 0.14674468593909165 0.0 0.3145763944301666 0.0 0.32051298515492693 0.0 0.7503089300896328 0.0 0.8139161494451679 0.0
0 0.557617 0.388672 0.062500 0.060547 0.0 0.10871147570431819 0.0 0.12440191779001238 0.0 0.2285603522086424 0.0 0.1405289443505067 0.0 0.7880288397914073 0.0 0.7687198770153044 0.0
0 0.706055 0.541992 0.074219 0.052734 0.0 0.02241164419289342 0.17180718862997996 0.0 0.04868405630487357 0.32138115150966395 0.2603232057915505 0.0 0.2502934020607196 0.8274683628874143 0.7808836938719766 0.0 0.7867414550948291
0 0.490234 0.557129 0.091797 0.065430 0.0 0.0 0.09978564973771975 0.0 0.08906291293893817 0.0 0.2854022132891171 0.0 0.2783301218945163 0.0 0.7477146066878497 0.0 0.7303061884555742
0 0.812500 0.811035 0.107422 0.071289 0.028566869331832362 0.0 0.09922009900198711 0.0 0.05706618490238852 0.0 0.28541858368560796 0.0 0.16780529509511882 0.0 0.7713053021984185 0.0 0.8142305814807462
0 0.774414 0.451660 0.076172 0.065430 0.0 0.03003093574972262 0.13555574098011822 0.01604697393900452 0.09837890337068494 0.3780375584370381 0.3191593200087055 0.4492740386370843 0.27480761505729634 0.7420477645317702 0.7488534079227157 0.7800151126277355 0.9068705948101432
0 0.823242 0.268066 0.054688 0.057617 0.0 0.2940650460027733 0.0 0.16633745785306772 0.0 0.2137909885130724 0.0 0.22594213507908845 0.0 0.7945181642934389 0.0 0.6469633311598506 0.0
0 0.942871 0.811523 0.069336 0.076172 0.04540718916719336 0.1562156315178266 0.03315996116354086 0.0 0.08946928111425698 0.27205810674540754 0.2758603404971094 0.0 0.2762000410489292 0.9524606729166664 0.4782929715999038 0.0 0.7673601103060008
0 0.973145 0.019531 0.051758 0.037109 0.0 0.0 0.04977966042084512 0.0 0.21079018069232341 0.0 0.24401144767286753 0.0 0.24097714935850645 0.0 0.799446800970985 0.0 0.7537991491638947
0 0.261230 0.638184 0.081055 0.061523 0.13512435594686745 0.0 0.0 0.0 0.0 0.0 0.0 0.0 0.0 0.0 0.0 0.0 0.0
0 0.979492 0.654785 0.041016 0.083008 0.0 0.2108747886865662 0.0 0.11923923093654136 0.0 0.3824482731076477 0.0 0.31372196346671877 0.0 0.9475269996061937 0.0 0.927589621763856 0.0
0 0.503418 0.115234 0.079102 0.056641 0.0 0.0 0.16097895300050333 0.0 0.1859455602114857 0.0 0.29908910162205715 0.0 0.25970267798654595 0.0 0.7796216646408353 0.0 0.79477041835517
0 0.511719 0.899902 0.093750 0.051758 0.0 0.0 0.1925313128746989 0.0 0.19294519765045054 0.0 0.2349137244946647 0.0 0.19989753498949758 0.0 0.7438496599842275 0.0 0.7920166378638025
0 0.030273 0.400391 0.058594 0.134766 0.0 0.0 0.18613518701245524 0.0 0.06771769153756328 0.0 0.2262563502713419 0.0 0.2601378125127803 0.0 0.7653811093252864 0.0 0.7572734387217076
0 0.500000 0.292480 0.052734 0.057617 0.13427233411495082 0.0 0.0 0.1172992779697279 0.0 0.0 0.0 0.09213493193094671 0.0 0.0 0.0 0.7894923795560822 0.0
0 0.768066 0.717285 0.098633 0.043945 0.03867917188744977 0.020077448040043515 0.015474382141542705 0.03347369392126062 0.14504787182718462 0.3180942479944994 0.30001179014938256 0.3184857356033068 0.2613221049074562 0.7881704900427922 0.8170459976233752 0.7407506318190561 0.7720789459593019
0 0.691406 0.508301 0.068359 0.045898 0.0 0.0 0.1907856964757183 0.0 0.08743747206401013 0.0 0.26994806187490966 0.0 0.2527907348736769 0.0 0.7748235136671443 0.0 0.8062641089084859
0 0.981934 0.078125 0.036133 0.076172 0.0 0.0 0.0 0.0 0.2946897171920616 0.0 0.0 0.0 0.25190157221682347 0.0 0.0 0.0 0.7676527459664407
0 0.522949 0.146973 0.088867 0.049805 0.0 0.0 0.18839818009391063 0.0 0.09794317446985198 0.0 0.2241914153606609 0.0 0.24054337808520865 0.0 0.7799696248629419 0.0 0.7431650696583441
0 0.127930 0.680176 0.058594 0.079102 0.0 0.0683631414497513 0.0 0.19717200236784224 0.11280255623642443 0.10084586487108045 0.0 0.18216596063293616 0.160468679836068 0.780961756610779 0.0 0.7809682347619116 0.7194114234226037
0 0.392090 0.663086 0.094727 0.062500 0.06419957232473376 0.0 0.19112513182503443 0.0 0.16855348732430492 0.0 0.24867520541546495 0.0 0.2097061088221632 0.0 0.7713598483031576 0.0 0.7789211333205932
0 0.031250 0.018555 0.060547 0.035156 0.0 0.0 0.0 0.30833793578309254 0.0 0.0 0.0 0.26814065303037826 0.0 0.0 0.0 0.9234127002790404 0.0
0 0.114258 0.149902 0.095703 0.161133 0.0 0.008123084894718352 0.12043112774137522 0.008724148350769515 0.13900625050724427 0.33925540238563123 0.30798173192267725 0.30863651424645944 0.34458838561925265 0.9085710915660168 0.8865637009412605 0.8547424668440574 0.8789995522898595
0 0.287598 0.908203 0.198242 0.152344 0.0 0.18467533051011475 0.0 0.19511481412694273 0.0 0.0890924501985996 0.0 0.09063091852898329 0.0 0.7620585250638519 0.0 0.7706139643631394 0.0
0 0.558105 0.717285 0.079102 0.047852 0.0 0.0 0.04993689585455811 0.0 0.12587653046904948 0.0 0.22419115100587084 0.0 0.33755494831319044 0.0 0.7143968300800414 0.0 0.8098349318065683
0 0.905273 0.688477 0.123047 0.138672 0.0 0.14742624341471203 0.0 0.1000044533678027 0.05578280185977194 0.22901624283478822 0.0 0.2794988196270654 0.30187227727170796 0.9458950397405052 0.0 0.9454902194861208 0.7711617935980302
0 0.735352 0.021484 0.080078 0.041016 0.3819222675316333 0.0 0.0 0.0 0.0 0.0 0.0 0.0 0.0 0.0 0.0 0.0 0.0
0 0.413086 0.721191 0.105469 0.086914 0.0 0.0 0.22293556107254 0.0 0.26311649105789997 0.0 0.24438041398230778 0.0 0.2668071032490196 0.0 0.7744764831390645 0.0 0.7784606855270874
0 0.702148 0.061523 0.056641 0.048828 0.0 0.0 0.0 0.3723598630472247 0.0 0.0 0.0 0.20161138682293286 0.0 0.0 0.0 0.7692780552524761 0.0
0 0.884766 0.389648 0.076172 0.064453 0.25192358961289674 0.0 0.0 0.0 0.06617076553476717 0.0 0.0 0.0 0.1799847321658749 0.0 0.0 0.0 0.7219032282138057
0 0.886230 0.944336 0.100586 0.111328 0.0 0.0 0.14704991493654862 0.0 0.14464619589391922 0.0 0.39109081304929805 0.0 0.3382849550513355 0.0 0.7642871231403874 0.0 0.7984123063662978
0 0.204590 0.565918 0.045898 0.075195 0.0 0.0 0.0 0.1758282803095919 0.10643710617584241 0.0 0.0 0.18672181830790424 0.14947576115431235 0.0 0.0 0.7332285444861207 0.7673547979366465
0 0.974121 0.417480 0.051758 0.106445 0.0 0.0 0.0 0.0 0.2903410501680517 0.0 0.0 0.0 0.18764836097917903 0.0 0.0 0.0 0.785183903100527
0 0.025879 0.170410 0.049805 0.106445 0.0 0.06687953203241656 0.0 0.06221686417483841 0.0 0.3382372556258041 0.0 0.21543985113344985 0.0 0.870795440214418 0.0 0.9021309643790276 0.0
0 0.796387 0.162109 0.043945 0.060547 0.0 0.21604920787785079 0.0 0.2691578981541328 0.0 0.2283434370420497 0.0 0.3051605782845192 0.0 0.7779094209616911 0.0 0.756887409079156 0.0
0 0.762207 0.179688 0.043945 0.060547 0.0 0.1025109843850455 0.0 0.0910355581270991 0.0 0.26175665462111575 0.0 0.41594572827801873 0.0 0.7582894293224192 0.0 0.7655398927197274 0.0
0 0.735840 0.199219 0.043945 0.060547 0.0 0.12790101344806595 0.0 0.09248746371278695 0.0 0.14569233067716852 0.0 0.14861736648986754 0.0 0.7986299381737865 0.0 0.699967799957882 0.0
0 0.623047 0.088379 0.076172 0.047852 0.0 0.0 0.13675973029051677 0.0 0.17271032870013991 0.0 0.27631528912302833 0.0 0.217197933430819 0.0 0.7766368909462873 0.0 0.747762020847511
0 0.327637 0.201660 0.069336 0.055664 0.0 0.0 0.2948220499815567 0.0 0.20557491801295122 0.0 0.33006767234393325 0.0 0.3245744982268762 0.0 0.7654732882573599 0.0 0.7793830646290022
0 0.133789 0.086914 0.044922 0.037109 0.0 0.0 0.16123335262002006 0.0 0.10433140650915552 0.0 0.16988050486915376 0.0 0.16488682550667313 0.0 0.8571365898121682 0.0 0.8891360083641031
0 0.152344 0.113281 0.044922 0.037109 0.0 0.0 0.27303483540180873 0.0 0.14861408698296116 0.0 0.19515670466198792 0.0 0.22057808497971657 0.0 0.8562305652187661 0.0 0.8532087579838914
0 0.173828 0.141602 0.044922 0.037109 0.0 0.0 0.08689727728942948 0.0 0.04316014050528557 0.0 0.20869184228701987 0.0 0.22823239799953624 0.0 0.8363672367475072 0.0 0.8582816153714503
0 0.580078 0.756348 0.070312 0.053711 0.0 0.0 0.18162099917397878 0.0 0.1249690972163222 0.0 0.19310140315529867 0.0 0.40274430789649507 0.0 0.7918697875334744 0.0 0.7918090001130338
0 0.784180 0.754395 0.093750 0.049805 0.0 0.025526213322108797 0.11468657384191426 0.028453601097681264 0.1687262095308849 0.4774254328434255 0.35811613109692886 0.3507438490842386 0.20937361014951833 0.8364889178332594 0.7786107096237094 0.6941997810947972 0.7866223062393077
0 0.719238 0.299316 0.079102 0.045898 0.0 0.18644277570517698 0.0 0.08251122707910506 0.040109906144869985 0.2887108705185261 0.0 0.30856518114216147 0.30663915675083214 0.7581043008803592 0.0 0.7615266253454099 0.780557250038318
0 0.875977 0.243652 0.054688 0.057617 0.0 0.13465604837457087 0.0 0.21444729867617093 0.0 0.2644459613666401 0.0 0.24468490137944546 0.0 0.7784163727800878 0.0 0.7735992882673707 0.0
0 0.939453 0.211426 0.087891 0.045898 0.0 0.08739686694778666 0.07577259726001738 0.0 0.0 0.19219954890870156 0.20645093015029778 0.0 0.0 0.7616947795450533 0.7799729830098938 0.0 0.0
0 0.460449 0.048340 0.127930 0.094727 0.0 0.027287298415702432 0.05439223034589834 0.0924641470695145 0.0846640280831843 0.5406711794386025 0.28166745400715404 0.30134591993305393 0.24162321627706565 0.9299222629114764 0.7656600275390304 0.7710006581510025 0.7700922460004815
0 0.065430 0.966309 0.109375 0.067383 0.0 0.0 0.15663012173002896 0.0 0.10974709197975498 0.0 0.23892881524616266 0.0 0.295575293725423 0.0 0.847166410898719 0.0 0.7520120681130562
