0 0.861328 0.441895 0.080078 0.092773 0.0 0.07729259433152369 0.03840583727028458 0.09825952184475636 0.04411165115419251 0.25481329393481517 0.2707734823146718 0.2394453157427635 0.25935503573996527 0.31245717377319493 0.11330517798010174 0.3561513105726306 0.9116158487363623
0 0.843750 0.669922 0.093750 0.111328 0.0 0.0 0.17750315556314383 0.05498176595698804 0.089622075480253 0.0 0.19675259140151174 0.3024145718709981 0.2190655318611356 0.0 0.8271180222464483 0.7716312072035268 0.8922404052328646
0 0.760742 0.079590 0.113281 0.112305 0.0 0.08953026308612645 0.06866863175610508 0.06267793792540614 0.0 0.36410768093310314 0.417710576159373 0.3438720410994606 0.0 0.3392518330848034 0.12266448313735553 0.27729863153777695 0.0
0 0.883301 0.242676 0.086914 0.108398 0.0 0.14179059566717356 0.12080030218981026 0.094092559155504 0.0 0.21567723498358388 0.2867929406857829 0.2884283937792699 0.0 0.09637861245308493 0.23475134907534298 0.2705067544248979 0.0
0 0.595703 0.881348 0.097656 0.071289 0.0 0.04984484538649929 0.08456632516764079 0.04415893843058859 0.1263236382137334 0.16783516845935134 0.2518745518626372 0.2841315294263651 0.25470301758028874 0.12255970015091952 0.06807253369823242 0.13516782425021356 0.46578042334399433
0 0.205566 0.880371 0.098633 0.129883 0.0 0.0 0.13117729678293497 0.0 0.05567481774834724 0.0 0.31284713811389553 0.0 0.14999940663480177 0.0 0.1946262075129981 0.0 0.192585687235284
0 0.666992 0.527832 0.074219 0.073242 0.0 0.1444322231669711 0.0 0.1674678615523989 0.0 0.28599414285485564 0.0 0.28692496136042334 0.0 0.01968408786480893 0.0 0.030254341482567865 0.0
0 0.460938 0.596191 0.085938 0.073242 0.0 0.1726882218645064 0.0 0.07712244823222758 0.0 0.21854889350315196 0.0 0.2617636348785852 0.0 0.9865624414047058 0.0 0.9005148277849161 0.0
0 0.631348 0.808594 0.036133 0.037109 0.0 0.0 0.0 0.0 0.21147774401557162 0.0 0.0 0.0 0.1595922619882904 0.0 0.0 0.0 0.017198116561936497
0 0.798340 0.231934 0.094727 0.104492 0.0 0.08149937108432607 0.0 0.3101401614184841 0.0 0.3814849107460339 0.0 0.21091807881481112 0.0 0.29571028400830623 0.0 0.29053324852632917 0.0
0 0.513672 0.806641 0.056641 0.062500 0.0 0.0 0.17879434150553675 0.10384866490205025 0.0 0.0 0.30955580958577544 0.30248135201272436 0.0 0.0 0.9876125172165646 0.015516668178646064 0.0
0 0.029297 0.579590 0.056641 0.133789 0.0 0.027110897654587778 0.16254090124204196 0.0 0.0 0.363739550382202 0.2548522203707918 0.0 0.0 0.3019412379151365 0.23654357755104616 0.0 0.0
0 0.416016 0.736328 0.070312 0.056641 0.0 0.0 0.16657791620950801 0.0592850125145295 0.03197378986464691 0.0 0.2480392905746562 0.23299656168547417 0.2549750550251083 0.0 0.9978437231927946 0.9838902639643449 0.9950393057010031
0 0.854980 0.852539 0.106445 0.113281 0.0 0.16151718090514317 0.009175064902156057 0.1311559526025459 0.0070184062031903825 0.36139347500837193 0.349747505660281 0.37994758193858363 0.3611146140088849 0.8253535845383969 0.809969674997522 0.8146080476080904 0.781400702509824
0 0.919434 0.745605 0.084961 0.079102 0.0 0.03018210795145489 0.16122414348956052 0.0 0.08973522528490002 0.31262706422663794 0.21959514287156692 0.0 0.3044535665373155 0.7504735376486301 0.8360938773987253 0.0 0.8316959388280742
0 0.757324 0.314453 0.086914 0.076172 0.3260753181367939 0.0 0.0 0.0 0.0 0.0 0.0 0.0 0.0 0.0 0.0 0.0 0.0
0 0.943848 0.816895 0.055664 0.073242 0.0 0.0 0.2120256454617604 0.0 0.14468280283368717 0.0 0.3069230087533486 0.0 0.3114635045513378 0.0 0.8103704173743248 0.0 0.8138413287937233
0 0.593262 0.737793 0.055664 0.067383 0.0 0.28922123388594606 0.0 0.09676057860268855 0.0 0.1928466553570773 0.0 0.2610153724107306 0.0 0.9454689877182779 0.0 0.9859431532103833 0.0
0 0.619629 0.701172 0.057617 0.056641 0.0 0.0 0.054882066042683336 0.0 0.06944595948696315 0.0 0.180140682412784 0.0 0.27376067478503796 0.0 0.9667561930764723 0.0 0.8461529374993937
0 0.563477 0.781738 0.054688 0.057617 0.0 0.0 0.0 0.24408780558585186 0.12215430308741917 0.0 0.0 0.20707546122478548 0.2020218457892223 0.0 0.0 0.9223361438182451 0.9455375855823266
0 0.711426 0.480469 0.077148 0.072266 0.007508202647239538 0.1526956128654708 0.1162612552531381 0.05182039214580696 0.09100494568169591 0.2529972206429771 0.26224340980664274 0.20683285700798232 0.2258576956626186 0.08617769887471295 0.35548962855672744 0.9951608350047738 0.05240027341617033
0 0.662598 0.055664 0.075195 0.080078 0.0 0.05278427232302282 0.0 0.060198897734628026 0.0 0.25977583611916 0.0 0.2524776969508275 0.0 0.4355044752339741 0.0 0.3293668774479261 0.0
0 0.760254 0.690918 0.096680 0.104492 0.0 0.02040587029203717 0.11092953796430782 0.04873525729447002 0.16552304414121682 0.17911637601176153 0.2144082969242605 0.22260728552660472 0.18897803422487777 0.8396095553740476 0.9205280167093333 0.5367288345746428 0.901583260244341
0 0.667480 0.671875 0.053711 0.052734 0.0 0.2198903471240919 0.0 0.07920950756669375 0.0 0.19724284884220622 0.0 0.17806310778638634 0.0 0.9022123077480986 0.0 0.9842198205917978 0.0
0 0.973633 0.723145 0.052734 0.069336 0.0 0.06218947064324023 0.07047486400169854 0.020380635853827305 0.05728716498414187 0.30668353975441476 0.33799249692627 0.38247592949551723 0.3748310208797218 0.7100934592755147 0.9142102955902164 0.8198900605662333 0.8703282476835742
0 0.666992 0.782715 0.070312 0.063477 0.0 0.014517443096153281 0.029652340220830672 0.0 0.2371816439698516 0.2882313742221543 0.2704501631669976 0.0 0.25302843848344314 0.027070026760288357 0.06090797033684857 0.0 0.14417330021892083
0 0.154785 0.963379 0.088867 0.065430 0.0 0.0 0.12582444939770643 0.0 0.13557954928738866 0.0 0.44547181953280685 0.0 0.18831928674678652 0.0 0.19013953213820717 0.0 0.18762651455191007
0 0.387695 0.682129 0.068359 0.063477 0.0 0.19888189573972945 0.016577861119901807 0.07932667307023612 0.028995366165275416 0.3981683504175227 0.285402300833672 0.3351596236786253 0.2494923890705568 0.12837927909813018 0.949018571256903 0.9048871354366043 0.2125169381432891
0 0.888672 0.625000 0.052734 0.048828 0.0 0.15097376009781485 0.0 0.07301251384406267 0.0 0.2550282855543088 0.0 0.246936068070306 0.0 0.874091385943903 0.0 0.8747528341099483 0.0
0 0.526367 0.641113 0.039062 0.051758 0.0 0.18187524383646134 0.0 0.038055249424503196 0.0 0.35361647364341087 0.0 0.32038806655773033 0.0 0.78813709800685 0.0 0.8309636185946027 0.0
0 0.291992 0.062988 0.113281 0.124023 0.0 0.0 0.15735263171203523 0.0 0.09998378456873218 0.0 0.3510187605655467 0.0 0.324488261798373 0.0 0.949837055592443 0.0 0.920498719212986
0 0.933594 0.587402 0.064453 0.079102 0.0 0.0 0.2131699629429909 0.0 0.15119319592822558 0.0 0.3055293545215872 0.0 0.2910730887268021 0.0 0.5629477481997167 0.0 0.09554797544106053
0 0.959961 0.640625 0.080078 0.087891 0.0 0.009381623532554787 0.14536992674248178 0.05123300135140467 0.13890482395654816 0.2607802378608099 0.25809063261593157 0.3190488540881626 0.29816277659190493 0.9965894626702477 0.39836767212669993 0.6498157699392297 0.7679265552602019
0 0.430664 0.848145 0.062500 0.049805 0.0 0.21651723405182915 0.0 0.1014472446342747 0.0 0.2558078362808714 0.0 0.27367666619717 0.0 0.9455699227360128 0.0 0.9421139431428975 0.0
0 0.460449 0.771973 0.049805 0.053711 0.0 0.08435639442740277 0.11912491477364637 0.0 0.06908073885540976 0.2511368199827431 0.23237166695233244 0.0 0.2125767922068559 0.028958042828861448 0.01511637102982743 0.0 0.005817298033161864
0 0.846191 0.766113 0.092773 0.071289 0.0 0.11814547610469456 0.0 0.13861535294574373 0.0 0.29490320811314685 0.0 0.2817588659506699 0.0 0.7149547151008617 0.0 0.802449349030802 0.0
0 0.715332 0.190430 0.075195 0.087891 0.0 0.2523712579877293 0.0 0.11397580993446164 0.0 0.3096027395099422 0.0 0.2919363876366721 0.0 0.2430155263436395 0.0 0.21291213661357322 0.0
0 0.077637 0.727539 0.145508 0.164062 0.0 0.05331300983470494 0.08238555142557336 0.0534730041055054 0.07617033801447635 0.41946409146348096 0.3742067183079594 0.43482092892899293 0.38878971735577283 0.2553386967384299 0.13193591494021678 0.27432607013307236 0.20116719146540443
0 0.818848 0.957520 0.065430 0.063477 0.0 0.0 0.17960933468268775 0.0 0.09224324080096236 0.0 0.2294069892331336 0.0 0.19595258889296224 0.0 0.8940365729666759 0.0 0.9002717970049101
0 0.703125 0.744629 0.074219 0.069336 0.0 0.0 0.0834224674069739 0.0 0.11238111832136058 0.0 0.2480154515004486 0.0 0.24707961380090293 0.0 0.0681723192626596 0.0 0.057159503883146875
0 0.951660 0.519043 0.059570 0.049805 0.0 0.016718043987091008 0.0 0.20230917035356857 0.0 0.33073293619683986 0.0 0.30304905549899824 0.0 0.281256313577716 0.0 0.17838647526912027 0.0
0 0.694336 0.647461 0.039062 0.044922 0.0 0.03642090791308503 0.07377281485935423 0.0 0.0 0.13928929759387224 0.15292121821344026 0.0 0.0 0.9888305195550948 0.8736924750688391 0.0 0.0
0 0.973633 0.371582 0.052734 0.051758 0.13640490598785368 0.05895250989896335 0.028884291987721147 0.020825937325680183 0.0 0.3000320012583251 0.24097786811699776 0.30354104378919466 0.0 0.33391125188231024 0.30791671491947326 0.1291326151263244 0.0
0 0.791504 0.621582 0.049805 0.053711 0.0 0.0 0.34696081313168825 0.0 0.0 0.0 0.21018285529282188 0.0 0.0 0.0 0.9752212639153184 0.0 0.0
0 0.423828 0.896484 0.078125 0.050781 0.0 0.15128592177900108 0.0 0.14971372175669184 0.0 0.30065879943485935 0.0 0.32691672141047334 0.0 0.06435671245830497 0.0 0.13270005113016825 0.0
0 0.673828 0.876465 0.046875 0.047852 0.0 0.0 0.0 0.0 0.2941117076056133 0.0 0.0 0.0 0.2879382810401722 0.0 0.0 0.0 0.6847011682160323
0 0.821777 0.356445 0.083008 0.072266 0.0 0.0 0.0 0.18266743929247278 0.0 0.0 0.0 0.0895591288278092 0.0 0.0 0.0 0.12199036220223307 0.0
0 0.956543 0.250977 0.084961 0.089844 0.028693156584130488 0.12309834304712454 0.05339684653158206 0.06408728199249081 0.03240017190541634 0.2184234808631585 0.2435935860609268 0.23226757441792442 0.23777285739512988 0.9217967341552911 0.22355448715970724 0.8210964996466298 0.026456210308916185
0 0.770996 0.901367 0.043945 0.068359 0.0 0.0 0.12872807201523848 0.0 0.07971078972826373 0.0 0.2837994530269026 0.0 0.38426383530810465 0.0 0.9077348209110997 0.0 0.9425379182808383
0 0.519043 0.977539 0.071289 0.044922 0.0 0.1793174106902 0.0 0.03498866045509244 0.0 0.24286384841523714 0.0 0.2468434532819759 0.0 0.08864972217028008 0.0 0.04192551871350961 0.0
0 0.872070 0.096680 0.109375 0.154297 0.0 0.01754101838267066 0.07071458019494087 0.1461784854544074 0.0785213142646932 0.29952122776858003 0.17943902716744967 0.17114492242234108 0.2760900756947938 0.40591773888717614 0.36011938591356185 0.45889458340719813 0.28434791269657117
0 0.962402 0.903320 0.075195 0.093750 0.0 0.0 0.03113207643593735 0.08718994715282731 0.06711282521568566 0.0 0.39949288692026685 0.23975911681841733 0.34055211212145864 0.0 0.9053257752453406 0.8350745752244141 0.9019954331874582
0 0.605469 0.420410 0.052734 0.055664 0.0 0.17105241469830873 0.0 0.0 0.04510593497885975 0.1473849139437886 0.0 0.0 0.3926796659028274 0.044282331141692784 0.0 0.0 0.9910601892725351
0 0.373047 0.981445 0.111328 0.037109 0.0 0.21710351580022555 0.0 0.0 0.0 0.20946263069226387 0.0 0.0 0.0 0.20370650739130572 0.0 0.0 0.0
0 0.475586 0.665039 0.083984 0.058594 0.0 0.13078530623775578 0.0 0.0607541757982628 0.03815336915813601 0.3381141845744636 0.0 0.19919052358417808 0.2839896614695395 0.7991280866372528 0.0 0.8654333824969247 0.8939520506388697
0 0.522461 0.438965 0.070312 0.077148 0.0 0.0 0.26879649624338975 0.1160455594646727 0.0 0.0 0.21842643114647364 0.18201565266809502 0.0 0.0 0.9206575008752682 0.044860227853536924 0.0
0 0.654785 0.444336 0.081055 0.064453 0.0 0.15498696664780398 0.019393664462638086 0.09066068302474878 0.057399103053168234 0.3567538485761127 0.2690952730022794 0.17502551794178117 0.2962578226311524 0.19971724431021431 0.09372664984380587 0.14430307240084897 0.11713304282009776
0 0.593262 0.329102 0.094727 0.076172 0.0 0.13198230102440053 0.028808352813009128 0.09898285645799565 0.0 0.32873392228330367 0.2354818781546378 0.35715446714151045 0.0 0.6183137552932585 0.06421560327891346 0.12383219421918208 0.0
0 0.728027 0.597168 0.057617 0.061523 0.0 0.017035069638525205 0.053862726861669805 0.0 0.2103239694768752 0.3482106243790467 0.2771229286139779 0.0 0.3177953125780958 0.051806619313360454 0.9755867928724002 0.0 0.92834622714977
0 0.785156 0.792480 0.054688 0.090820 0.0 0.10752858487527407 0.0 0.013801824366189928 0.026203954037673848 0.3261381391642903 0.0 0.330811882284007 0.21771934813158111 0.7510560768938414 0.0 0.7960289464827756 0.9385366416830635
0 0.648438 0.354004 0.058594 0.081055 0.0 0.10383561705187251 0.0 0.13453262761695456 0.0 0.28253795824645817 0.0 0.26805502050524405 0.0 0.14861191306278876 0.0 0.19093574888525813 0.0
0 0.972656 0.453613 0.054688 0.084961 0.0 0.0 0.03948866529150347 0.0 0.22796808598875548 0.0 0.31988912811760745 0.0 0.32934249743869703 0.0 0.08057606923433128 0.0 0.09973381892840728
0 0.753906 0.411621 0.062500 0.075195 0.0 0.18945825100794383 0.0 0.15945245158237878 0.0 0.24863696506106164 0.0 0.24581737316472438 0.0 0.1994857261600136 0.0 0.25542304055283266 0.0
0 0.908203 0.557129 0.044922 0.063477 0.0 0.0 0.05317923535256944 0.06662980567863959 0.041390106865163964 0.0 0.4262228770128597 0.1960886870726974 0.3495029664051696 0.0 0.5709646090176625 0.16530681479052747 0.15134955848619364
0 0.104980 0.031250 0.094727 0.060547 0.31317469873251336 0.0 0.0 0.0 0.01255075257557814 0.0 0.0 0.0 0.40085722928706186 0.0 0.0 0.0 0.8087310214547128
0 0.772461 0.975586 0.064453 0.048828 0.0 0.058444545643953225 0.01972067181517862 0.0 0.23116363727595957 0.3545446399438689 0.32955496495731496 0.0 0.15662576748337728 0.9658445044862971 0.934355255528252 0.0 0.9232294288431572
0 0.269531 0.912598 0.074219 0.067383 0.0 0.0 0.117572768536772 0.0 0.11004340067173708 0.0 0.20124003706278587 0.0 0.19646470393546436 0.0 0.07824784747375083 0.0 0.20971656058358373
0 0.254395 0.585449 0.063477 0.061523 0.0 0.060721293084287024 0.0 0.03515594609790375 0.0 0.27127517520561883 0.0 0.3377276294070714 0.0 0.07086072214995419 0.0 0.023324181527896965 0.0
0 0.774414 0.979980 0.056641 0.038086 0.0 0.0852639260057673 0.028770210870950243 0.0 0.3372413806413203 0.3545446399438689 0.32955496495731496 0.0 0.15662576748337728 0.9658445044862971 0.934355255528252 0.0 0.9232294288431572
0 0.737793 0.854004 0.034180 0.053711 0.0 0.08745781070729365 0.06587624896229156 0.0 0.0 0.19999419932346754 0.19743223990147218 0.0 0.0 0.835568815461068 0.8175440132776076 0.0 0.0
0 0.703613 0.908203 0.059570 0.070312 0.0 0.0 0.0 0.0 0.21261124775482865 0.0 0.0 0.0 0.2345641131448521 0.0 0.0 0.0 0.7354601205213531
0 0.965332 0.128906 0.069336 0.111328 0.0 0.1175641428926433 0.022977724249906864 0.2108012191306377 0.047290680331689504 0.1628195179966233 0.27681556782984335 0.21985125322762525 0.29966157182279035 0.6488976204968777 0.6311603882502226 0.6157498119209993 0.6362424866290818
0 0.521484 0.913086 0.054688 0.062500 0.0 0.036814850873234266 0.09462956744387119 0.0 0.08717433432524134 0.21011671348877323 0.2628047622183001 0.0 0.23179419042843222 0.07244130381488595 0.11988733683882566 0.0 0.1490653914457599
0 0.877441 0.542969 0.047852 0.064453 0.14722728064994547 0.12036927321215447 0.03479559768315397 0.0 0.07615380945755951 0.17916527670972743 0.3072181578822069 0.0 0.2571877684218089 0.1214846196631404 0.1925331909055861 0.0 0.1478093955483852
0 0.354492 0.135254 0.125000 0.131836 0.0 0.08781864579179238 0.07588357879669103 0.11974494355979368 0.13965362244606627 0.35732346930493 0.3167630894732892 0.34190193912903255 0.28339181352928666 0.9822955523610268 0.9618201671452856 0.9872028677663056 0.9810178975371581
0 0.443848 0.037109 0.096680 0.072266 0.0 0.15781633712218157 0.0 0.10817618778891185 0.0 0.35738727442062124 0.0 0.37489469709109896 0.0 0.9831790256754398 0.0 0.9904497499702529 0.0
0 0.486816 0.131348 0.202148 0.217773 0.0 0.11158887508218635 0.0 0.16264159497041858 0.031661820329482476 0.29079945702332 0.0 0.25248108828616117 0.24714876658719015 0.9968289746371428 0.0 0.9964115564782895 0.982362322819478
0 0.313477 0.629883 0.080078 0.068359 0.0 0.15112650672402364 0.0 0.0642808848768637 0.0 0.3093496626092396 0.0 0.31921003423820316 0.0 0.12421447923304112 0.0 0.06520679593196277 0.0
0 0.320801 0.759277 0.079102 0.073242 0.0563356008147546 0.0698550103408592 0.1056375405482951 0.10208030419102142 0.0319270644971221 0.2787694072049157 0.31978070456587027 0.25484139714533155 0.27013337653263847 0.049274965809588046 0.00988891973042746 0.01254250025005932 0.9910416718707855
0 0.254395 0.492188 0.071289 0.062500 0.0 0.2559403435782728 0.0 0.0 0.0 0.28498960034015536 0.0 0.0 0.0 0.0530283124829034 0.0 0.0 0.0
0 0.229980 0.425781 0.071289 0.062500 0.0 0.19639648089656145 0.0 0.14400395973004498 0.0 0.37536370794985974 0.0 0.3706597160956695 0.0 0.9633730384806231 0.0 0.9609356677657294 0.0
0 0.282715 0.386719 0.071289 0.062500 0.0 0.14484309308454552 0.0 0.13121667111918936 0.0 0.3925571754578352 0.0 0.3918516339575726 0.0 0.9857963977437935 0.0 0.9607476857815723 0.0
0 0.395996 0.324219 0.174805 0.144531 0.0 0.1412068914835129 0.0 0.09787818960241708 0.012092743762641744 0.24541163893363802 0.0 0.23101219311216248 0.2909639143315085 0.3044836225105114 0.0 0.11294832774950585 0.010250296356217822
0 0.410645 0.463379 0.120117 0.176758 0.0 0.035930335937355666 0.030405747523420328 0.045430738171271086 0.0824719567653965 0.3664535171168073 0.3914987113784594 0.38032409454655985 0.25634852250690765 0.9872911466981555 0.06646121769603232 0.9750694541062274 0.11136040935851585
0 0.391602 0.934570 0.078125 0.050781 0.07524945876549956 0.0 0.11083064149285643 0.06879778590043248 0.0 0.0 0.23787724896268186 0.3130160036881798 0.0 0.0 0.18650672527340678 0.19693604357085176 0.0
0 0.662598 0.148438 0.057617 0.070312 0.0 0.07006230100143998 0.0 0.028164197361859107 0.12763001815511527 0.34326345735458674 0.0 0.3650772318608972 0.39234636418453495 0.164038048970782 0.0 0.13549061055171718 0.22680523854101106
0 0.638184 0.241699 0.075195 0.092773 0.0 0.0 0.07746189492829104 0.0 0.24727630902565284 0.0 0.2556100230384685 0.0 0.20989293212000537 0.0 0.13615371418987687 0.0 0.17706731716242397
0 0.641602 0.601562 0.072266 0.074219 0.0 0.10791636947071566 0.0 0.0 0.09994564623253331 0.21087806271716367 0.0 0.0 0.23983131758567064 0.019476791623499027 0.0 0.0 0.9785319527329348
0 0.579102 0.616211 0.070312 0.054688 0.0 0.21954468512625494 0.0 0.048552354081107967 0.0 0.3047945772179313 0.0 0.2535386290203336 0.0 0.805830020032851 0.0 0.8147950430093671 0.0
0 0.617188 0.831055 0.048828 0.042969 0.0 0.0 0.04230415070399094 0.0 0.3155074539995681 0.0 0.36505352151339304 0.0 0.23796528241011575 0.0 0.04870230845354955 0.0 0.024966166595982664
