0 0.528809 0.928223 0.120117 0.122070 0.02959697507712688 0.03281548814696979 0.08820379945152673 0.026785129044853216 0.08499294691793848 0.3590681186850669 0.3134935962027551 0.37409626888879277 0.3667969594328707 0.7965113652752301 0.7942282944691451 0.8128143209137235 0.7885428036519339
0 0.905273 0.125977 0.126953 0.130859 0.0 0.02933211529037386 0.09507484683306495 0.0424081868213063 0.08750297882111366 0.2788034943338686 0.27509744782450063 0.2812554832846656 0.27671843858691203 0.9200693355787793 0.9111005863521004 0.9214411993094965 0.9100048165721782
0 0.244141 0.854004 0.101562 0.077148 0.0 0.04660253677151922 0.09919760704189427 0.06225925593756938 0.06253255400642391 0.27230876578045143 0.22980740074853825 0.2591495542084119 0.26267098980531345 0.46278179580320017 0.4651610473409471 0.4637222571968405 0.4626188856735354
0 0.190430 0.383789 0.083984 0.091797 0.0 0.15561506233493558 0.0 0.1468517839991246 0.10419073706699533 0.300362799623846 0.0 0.3019717362188287 0.3040521928764731 0.3289145656394063 0.0 0.3231927087346346 0.32671845997581006
0 0.491211 0.690918 0.103516 0.106445 0.08884865808305127 0.04057655966599509 0.09196239079802321 0.041617234942140896 0.07599259504002984 0.2700250603297864 0.2969285185533368 0.24891992123131637 0.267736172253589 0.3760512948124705 0.40024152978177135 0.41094219805853904 0.4022119337440346
0 0.109375 0.811523 0.091797 0.125000 0.049772540639745066 0.036904067630229374 0.08645857597421683 0.04031291470515977 0.0 0.3165899710217792 0.3255919728231876 0.3171503637123863 0.0 0.4985760851675691 0.48624543738302906 0.48972759533373783 0.0
0 0.449219 0.423828 0.087891 0.072266 0.0 0.14641057187577694 0.04972762965405104 0.1376723203464358 0.0 0.2909421502842914 0.29747653392731105 0.30063210625329395 0.0 0.4325144955152058 0.4315239621919716 0.4389547770105221 0.0
0 0.032715 0.476074 0.063477 0.100586 0.0 0.04705520736094126 0.24328401397960658 0.09843926838539346 0.031943616652341494 0.29775347373965205 0.19904782831344373 0.2746287740152827 0.3194547237843332 0.4945877100382263 0.4687459556424206 0.4935285352360809 0.4849358457676348
0 0.675781 0.583008 0.101562 0.091797 0.0 0.027320818284445103 0.06807521958727497 0.07595805998617983 0.07767958351149881 0.25979820614407806 0.23920154028977195 0.23890180281118767 0.2351996264754203 0.7678247225431581 0.7190702162648934 0.7401424414189617 0.721801001116557
0 0.224609 0.968750 0.105469 0.062500 0.0 0.1299734393323448 0.05034536976795289 0.0 0.11660646652106456 0.29270620973175654 0.3100706254070638 0.0 0.2684728070304931 0.29025971715964527 0.2831160324246892 0.0 0.2939132131742203
0 0.075684 0.966797 0.088867 0.066406 0.0 0.06356376190323447 0.09430071571946014 0.0 0.09335355286487984 0.3118711238831023 0.3252305796156648 0.0 0.32406369563139864 0.27073137152168036 0.2672084649294864 0.0 0.2604213046880719
0 0.781738 0.866699 0.102539 0.157227 0.0 0.043716755756131806 0.1363843445423183 0.051628177045315256 0.12556782941459924 0.33889058461644933 0.33441178717404996 0.2972200106343533 0.3229854491170679 0.6885542300549071 0.6894596007201003 0.6898207191449299 0.7095413447259905
0 0.956055 0.788574 0.072266 0.112305 0.0 0.0 0.17267959286980375 0.05264744779518879 0.19509397405255804 0.0 0.3061734081910783 0.29301338471875915 0.29675886558274245 0.0 0.6937356027044913 0.69503807297893 0.6871363510825884
0 0.033203 0.617188 0.064453 0.080078 0.0 0.10716578990835358 0.04643827678015278 0.15163758447700898 0.08672880066786401 0.3136832026396131 0.20783524066386505 0.31884651769937444 0.3238562862714476 0.27647923996914925 0.2439174819142478 0.27678627856582616 0.2948950908129051
0 0.124512 0.538574 0.094727 0.098633 0.0 0.04100885856928061 0.08759051015613696 0.0 0.10005504482788975 0.368371998576115 0.36874227999694026 0.0 0.3675502236528857 0.3789113226909273 0.37736450366210444 0.0 0.3698347121304326
0 0.882812 0.448730 0.125000 0.106445 0.0 0.09690502315955211 0.02673860917998672 0.09850721132957456 0.027663607032609228 0.2945831378868146 0.31313835307971716 0.296129791132238 0.29313706802544226 0.9170034913333329 0.9158789487499459 0.9415858811952471 0.9043284740259531
0 0.256348 0.598145 0.094727 0.108398 0.0 0.038490771634886414 0.07085771614872928 0.06173824665515635 0.09365337332145961 0.293261709448706 0.2527605125424574 0.24323782808664707 0.226401510936202 0.40752905640337284 0.41102279365915895 0.41534228181285215 0.4068218560878487
0 0.538574 0.539062 0.092773 0.074219 0.0 0.08150116878001747 0.11298646899788999 0.0 0.16730842628761938 0.2899091433121739 0.28166371517731736 0.0 0.28046778750336737 0.2069843053060619 0.20149906639257564 0.0 0.2134622363244189
0 0.367676 0.963867 0.100586 0.072266 0.0 0.07447702552851763 0.11097248089105509 0.009831363035398175 0.13645110450192344 0.2896038326894167 0.2884843896796302 0.2148738221107329 0.17942210987441876 0.6775154301003141 0.6776976355143844 0.6677366685015272 0.6140549965652493
0 0.790039 0.035156 0.119141 0.068359 0.0 0.0 0.07266708201627074 0.08424316808239991 0.14549524558561097 0.0 0.2614056876809994 0.2674720096329429 0.2709897125484516 0.0 0.9073806466017957 0.9158489439810537 0.9149208831727905
0 0.643555 0.517090 0.097656 0.065430 0.0 0.0 0.039571331054283176 0.09089568905837725 0.08221966753781904 0.0 0.25074733665298327 0.26265783615093646 0.25959705420808415 0.0 0.7373463415822752 0.7442863171884084 0.7531247818198419
0 0.064941 0.330566 0.110352 0.094727 0.0 0.1098617168775668 0.060693083888019916 0.14107337428274344 0.0555365266213496 0.3029234166644775 0.2943804280732507 0.2956649136407933 0.3028297981201352 0.23060507262172633 0.22524056120609484 0.24067002900330864 0.2257467110016405
0 0.729004 0.710938 0.110352 0.150391 0.0 0.01622781501845043 0.062984475024874 0.012288630751298121 0.06768970337561936 0.2969835309769729 0.3285964167989446 0.30606552788168234 0.3279388447141712 0.7253479278768304 0.7259969767206711 0.7073280876984787 0.720678802968595
0 0.919434 0.649902 0.086914 0.057617 0.28021069738591364 0.0 0.0 0.0 0.0 0.0 0.0 0.0 0.0 0.0 0.0 0.0 0.0
0 0.491211 0.784180 0.097656 0.060547 0.0 0.10869552390010838 0.12298925683259511 0.02045139096500337 0.07598390789869881 0.24052279366673193 0.20779607806935046 0.2733114327681577 0.27500972853739125 0.5085787454250712 0.5820946549496697 0.6702369730836968 0.6075852896014318
0 0.524414 0.599121 0.099609 0.069336 0.0 0.0 0.08914328995830954 0.11847662491731546 0.044797406683648976 0.0 0.2680736304874673 0.25462388650819323 0.27297759428552454 0.0 0.2081435692809028 0.20151304045283908 0.20513016444691093
0 0.498535 0.840332 0.106445 0.061523 0.0 0.0 0.07821249330630915 0.08784673310105298 0.10743329753535479 0.0 0.274600781030608 0.34621797579938 0.2725100330835098 0.0 0.6076853031777303 0.6124916699827591 0.6275552449147335
0 0.371582 0.420898 0.069336 0.076172 0.044175005846323154 0.07152213900784586 0.0 0.1034850951907022 0.06603267507959068 0.30356303615431984 0.0 0.30771861074664414 0.28725239578596673 0.4489574929230945 0.0 0.4313401785598286 0.4354002782670714
0 0.386230 0.579590 0.081055 0.104492 0.0 0.051355282661496575 0.08610742283185072 0.04561617576387713 0.07642192892080128 0.26639315227650173 0.28585675751673856 0.299626847143686 0.29572389321561643 0.29753553822750595 0.29038912141688167 0.28298566182049284 0.2741929392205779
0 0.912109 0.586426 0.101562 0.065430 0.0 0.1021483552293586 0.08198994297122959 0.04369281376023676 0.09608159667250468 0.3148008237185598 0.3213802981509091 0.31484215836688406 0.3147442903279657 0.7091863342627462 0.7249332873283794 0.7220334849815161 0.7311740716472366
0 0.308594 0.731445 0.099609 0.068359 0.0 0.09360778654366446 0.032723146370280065 0.12137666749702022 0.015776009079167957 0.30185241509223737 0.2985782487212553 0.3111739579938051 0.299099662466444 0.27486727873709527 0.29308818450389884 0.2891622777779263 0.30310027295383196
0 0.636719 0.454590 0.085938 0.065430 0.1048454881254712 0.10791224497714796 0.11106223229832118 0.0 0.06079162355699248 0.2434548154452124 0.24573765494002542 0.0 0.2548072252858169 0.7588475772440381 0.7553039334386142 0.0 0.7247348728617116
0 0.815430 0.980957 0.080078 0.038086 0.0 0.16734253940832486 0.08399781085207655 0.0 0.04492707157822393 0.24712210105652083 0.23940640647023556 0.0 0.24086140261912725 0.6780699655699283 0.6584038404697924 0.0 0.6620255400539905
0 0.226562 0.070312 0.451172 0.138672 0.3189994757118316 0.0 0.0 0.0012277130558129357 0.0 0.0 0.0 0.11086315775334882 0.0 0.0 0.0 0.7922496510330259 0.0
0 0.986328 0.499023 0.027344 0.087891 0.0 0.0 0.0 0.15920072193194282 0.19578782343557266 0.0 0.0 0.2663787709813096 0.25779388957466026 0.0 0.0 0.11528918771654288 0.1211265785368135
0 0.981934 0.917969 0.036133 0.115234 0.0 0.03665487231335782 0.0 0.0 0.2077131354011287 0.30158594566246205 0.0 0.0 0.2995310211881617 0.6403156395867383 0.0 0.0 0.6729228792017734
0 0.265137 0.404297 0.084961 0.091797 0.0 0.09041845628704819 0.06714644802172835 0.09555689860453966 0.0 0.297529683786668 0.2907030872108681 0.16680052633082892 0.0 0.3224666393899418 0.3254664685913718 0.32704584611841103 0.0
0 0.104980 0.645508 0.065430 0.080078 0.0 0.13821693861746498 0.11572280787514391 0.10422526819950714 0.0 0.3248737919451618 0.33911002592945905 0.32398068411662695 0.0 0.2925513215171754 0.28264829727577684 0.28160998583066177 0.0
