0 0.528809 0.937012 0.135742 0.124023 0.0038723021513672887 0.0 0.20956702879234063 0.0 0.1586587569097968 0.0 0.22970135157436825 0.0 0.25247047892785485 0.0 0.20916225405011474 0.0 0.204856046188221
0 0.073730 0.618652 0.145508 0.118164 0.0 0.05963412040572337 0.13034293814330591 0.023117117232536278 0.08096185951560884 0.3701049678037201 0.32370804202169595 0.3755314813678607 0.3212238012128036 0.8780381728102995 0.8860982093136889 0.8765856774282257 0.8639657389692197
0 0.932617 0.134277 0.134766 0.090820 0.0 0.009976060945104595 0.14999911364459656 0.0 0.06899923287773571 0.0909241004316295 0.22431543034710388 0.0 0.23680338138191723 0.10278331878330131 0.21945242732617898 0.0 0.18802327265169716
0 0.860352 0.947754 0.222656 0.104492 0.20274232561944852 0.0 0.0 0.0 0.0 0.0 0.0 0.0 0.0 0.0 0.0 0.0 0.0
0 0.795898 0.275879 0.238281 0.245117 0.31590797483581673 0.0 0.015945693480554825 0.0 0.0 0.0 0.2990939267775632 0.0 0.0 0.0 0.8823025852828213 0.0 0.0
0 0.962891 0.638672 0.074219 0.271484 0.009242975264853178 0.0 0.0 0.0 0.1169835242770363 0.0 0.0 0.0 0.23974809219880774 0.0 0.0 0.0 0.5443199301656851
0 0.605469 0.055176 0.177734 0.108398 0.012451490567185846 0.0 0.07727726943661928 0.0 0.1714609291846144 0.0 0.2696755049544551 0.0 0.24292825429217624 0.0 0.8779729925671814 0.0 0.8803760630805894
0 0.932617 0.045410 0.134766 0.088867 0.0 0.004365041022788102 0.23454455166326957 0.046825631901574204 0.1258526409419359 0.27271947363321997 0.2894963805619381 0.2660790254859766 0.2770453511751488 0.37471591693874223 0.2056758978247678 0.23452152332773216 0.1800198087642577
0 0.696777 0.142578 0.153320 0.132812 0.2402921904340032 0.0 0.0 0.0 0.003660108589473763 0.0 0.0 0.0 0.09141808620695113 0.0 0.0 0.0 0.3905693450668126
0 0.162598 0.076660 0.208008 0.151367 0.3153796445484198 0.0 0.0 0.0 0.0 0.0 0.0 0.0 0.0 0.0 0.0 0.0 0.0
0 0.250488 0.166992 0.208008 0.152344 0.02233233296391947 0.07592955764860701 0.08408477430961797 0.06509076268047892 0.06152241940131966 0.3287844213945247 0.3478580252474164 0.33502510601116453 0.34209356411107367 0.8764120783896643 0.8788723629526278 0.8772149950843333 0.885719436547509
0 0.369141 0.275879 0.216797 0.200195 0.13096497379944494 0.0 0.04734064727756386 0.0034632624961084936 0.012244457955767073 0.0 0.16951605215029797 0.41190305551394446 0.3572972337379368 0.0 0.8759599375796199 0.8056346968585091 0.8712920632664539
0 0.475586 0.390137 0.105469 0.071289 0.04581016751380178 0.0 0.11773502860860537 0.0 0.16958826791449202 0.0 0.3220220234520567 0.0 0.31440553458234755 0.0 0.8916050635676467 0.0 0.8938291072338094
0 0.583984 0.606934 0.277344 0.375977 0.29462740785224867 0.0 0.0015836047431255712 0.0007145819342134247 0.001955745696905686 0.0 0.3707981188384175 0.28714107824097446 0.27039768268067066 0.0 0.8973913342140137 0.011301834332821966 0.9445774756561787
0 0.602539 0.851074 0.140625 0.071289 0.20702895568120389 0.0 0.0 0.0 0.0 0.0 0.0 0.0 0.0 0.0 0.0 0.0 0.0
0 0.207031 0.846191 0.193359 0.225586 0.15277135827448549 0.0 0.08712203803150326 0.0 0.08519248911628859 0.0 0.26893456241555563 0.0 0.27291297148420196 0.0 0.8804840736700413 0.0 0.8800239288833799
0 0.115723 0.708008 0.165039 0.130859 0.3190620389620117 0.0 0.0 0.0 0.0 0.0 0.0 0.0 0.0 0.0 0.0 0.0 0.0
0 0.055664 0.533203 0.091797 0.099609 0.005950215955657007 0.016868825326105938 0.053609611922297754 0.09095813808514452 0.06217446091357469 0.374666183638537 0.3146876676404961 0.3656892411594787 0.3271243928602492 0.9002781794397503 0.8595295845333776 0.8752951511300473 0.8825762483059637
0 0.034180 0.459961 0.066406 0.093750 0.0 0.017651232196670637 0.07969453987557946 0.0 0.15988552294908207 0.26229051323643743 0.2459067214933764 0.0 0.18567333072481873 0.8703086753995684 0.8893117896083197 0.0 0.8658438435242833
0 0.034180 0.221680 0.066406 0.093750 0.38204719058830827 0.0 0.0 0.0 0.0 0.0 0.0 0.0 0.0 0.0 0.0 0.0 0.0
