0 0.728516 0.322266 0.150391 0.126302 0.0 0.0 0.1165139838954964 0.13020638006822668 0.1562371972141857 0.0 0.25030667391310474 0.2001607686611703 0.2380391566626908 0.0 0.5568224971121994 0.7282494124721722 0.5583936600710735
0 0.197754 0.589844 0.081055 0.101562 0.0 0.1316290264172343 0.06885468397784249 0.1273964310561389 0.0 0.2491855314911736 0.2449208920310001 0.2405758662014797 0.0 0.30039298581227614 0.3208670381770326 0.30144546230830477 0.0
0 0.567871 0.360677 0.094727 0.098958 0.09739684350273696 0.0 0.21529216255978395 0.0 0.08231476977750427 0.0 0.15683463293669542 0.0 0.2635947353176243 0.0 0.567603713891525 0.0 0.5459177883151097
0 0.161133 0.395833 0.125000 0.169271 0.0 0.17597715766305566 0.0 0.1587758985997442 0.008533459628083466 0.2786909101999014 0.0 0.28213095566313506 0.36679925784207573 0.2919170246162535 0.0 0.30072730586257357 0.8191865232541867
0 0.402832 0.254557 0.100586 0.092448 0.08391006459011431 0.0 0.05448607422862801 0.0 0.0696232868958176 0.0 0.11128525748286466 0.0 0.21860684221630863 0.0 0.31038744098798676 0.0 0.34497574342647525
0 0.878906 0.622396 0.193359 0.158854 0.0 0.12884971319024172 0.04270401262233066 0.11019387358976813 0.015799565610655535 0.29028111963020475 0.25683933136740483 0.27819224054300856 0.3112989073399108 0.24437890799296472 0.363090066668247 0.31018283306536226 0.5273746858539579
0 0.389648 0.639974 0.097656 0.126302 0.0 0.16361852252458192 0.0 0.1549442528747588 0.0 0.3544565171161436 0.0 0.13900738049508432 0.0 0.380127543290098 0.0 0.3702704706078647 0.0
0 0.297852 0.673177 0.111328 0.239583 0.0 0.023809089148222197 0.12122562086103497 0.0 0.10976850976144184 0.249271446513443 0.22123656980754033 0.0 0.2500969204105587 0.37051626129107373 0.3415238032981973 0.0 0.3080614188029661
0 0.560547 0.182943 0.091797 0.115885 0.0 0.0 0.1242472323636304 0.0 0.17466854357349318 0.0 0.3196733336962642 0.0 0.15561172094874196 0.0 0.5362335891076737 0.0 0.5643454869138228
0 0.124512 0.555990 0.067383 0.109375 0.02612834528328699 0.25534031267194335 0.0 0.14239308263219835 0.007806678990939087 0.3718208517017152 0.0 0.34632708490270603 0.5316232228663936 0.27872436804196515 0.0 0.3234465678365134 0.5905530745411431
0 0.568359 0.270182 0.083984 0.089844 0.0 0.027749227216297558 0.15922519426981038 0.038396637071729585 0.15191691407707159 0.4524914959463342 0.3508417404989817 0.443293968891499 0.22891716254064487 0.5753915799951451 0.5301784374246787 0.5466442447063716 0.5363899779869052
0 0.381836 0.318359 0.083984 0.092448 0.0 0.0 0.17837972192003013 0.0 0.20703907406500474 0.0 0.23111671589298596 0.0 0.33092222009204 0.0 0.33969287988611413 0.0 0.3195701357724561
0 0.944824 0.468750 0.110352 0.210938 0.0 0.09864795752014399 0.026639900017423 0.10980506969584047 0.08557903776820279 0.2029725256462686 0.2010431867959653 0.1938033344355214 0.19551872757896685 0.24783899444831375 0.2625294878547316 0.2383836048424764 0.26619690033066473
0 0.263672 0.109375 0.185547 0.213542 0.0 0.0 0.1626698947167692 0.09930652416477453 0.13168670702547128 0.0 0.28783001014032467 0.2904206903459859 0.2854308390245752 0.0 0.31094133138417923 0.3093114876114454 0.308483524493673
0 0.890137 0.156901 0.147461 0.170573 0.0 0.03939889338299242 0.05400966732039382 0.09003071598141836 0.04427421013072515 0.34351536548295236 0.3322525444210185 0.317289560158896 0.2908815489421611 0.13950291788644548 0.24210651431311125 0.07177992081526081 0.23451338996997173
0 0.362793 0.481771 0.125977 0.104167 0.0 0.014228851174324285 0.04684683951812466 0.07866009760593165 0.05367420035304231 0.34801891609177144 0.3292567848388472 0.33604457568615065 0.3222747987888198 0.3676701973549203 0.3398389320978664 0.3995470592939361 0.32204249418386666
0 0.262695 0.869792 0.128906 0.208333 0.0 0.0 0.12504700079053868 0.03748574248448979 0.11680418149952185 0.0 0.15669212448359254 0.1515714346448185 0.16494015344173688 0.0 0.32450269095398754 0.23776965773302677 0.30971250319833055
0 0.959473 0.745443 0.081055 0.191406 0.0 0.0 0.09676640406270684 0.0 0.11075057720326019 0.0 0.3358774629552161 0.0 0.15990761153402583 0.0 0.12234958208911988 0.0 0.11544095187819102
0 0.592285 0.759115 0.116211 0.088542 0.011440862996336303 0.03156485973460431 0.1272296964031066 0.03153899513430641 0.026750998072893863 0.2491146009727917 0.31775803167432676 0.23266978882727785 0.2740504613165337 0.5271705621005344 0.5504052159133125 0.5850361419098775 0.5986081809754975
0 0.713379 0.199870 0.135742 0.123698 0.0 0.0 0.12266568585545114 0.006293231776783747 0.12002891980704496 0.0 0.14737565257402682 0.13999486441707107 0.16433686061454367 0.0 0.5632544625376658 0.8831038407896554 0.5599823620720186
0 0.475586 0.664714 0.095703 0.134115 0.0 0.1525070429706793 0.03510904866714341 0.06826811907280678 0.04237790664376688 0.3054801481174472 0.09442773903246872 0.09722321389998581 0.09167942443279675 0.3701312662948575 0.4272065853880456 0.41379678025774663 0.41624766892444776
0 0.740723 0.826172 0.088867 0.128906 0.0 0.0 0.14650818540145807 0.0 0.18406650074415654 0.0 0.32732605821470107 0.0 0.3222047155189997 0.0 0.56063651269023 0.0 0.5580841018029468
0 0.579590 0.666667 0.131836 0.101562 0.17682620087596598 0.087496068292843 0.04882132962982167 0.005227839525916281 0.0 0.5045162048986858 0.5261940256699827 0.5944260097829361 0.0 0.37353647701717957 0.562806525450973 0.40396652585920567 0.0
0 0.734863 0.599609 0.137695 0.170573 0.032962614953669526 0.051017836742049696 0.004598158648625115 0.004067160009134928 0.2231696709632066 0.26360781439547937 0.48085493262165335 0.5364909267236345 0.21253213476688437 0.4334579166659773 0.5419785039072538 0.5017497907468313 0.5783977332904511
0 0.378418 0.398438 0.114258 0.093750 0.0 0.0502448959064056 0.1472331928503367 0.04143697106667712 0.16842567693901464 0.40622040341384075 0.21319281129020323 0.3723684884012409 0.33824100179708855 0.37549531741403147 0.4266484830418651 0.35807206105834266 0.29618686339081096
0 0.069336 0.797526 0.126953 0.149740 0.0 0.15697772829627202 0.0 0.18907105992005777 0.0 0.23155013654270434 0.0 0.2946905905157557 0.0 0.36641649057178205 0.0 0.5251771561364645 0.0
0 0.161133 0.750000 0.089844 0.111979 0.0 0.0 0.16077817092374816 0.0 0.1418389464983355 0.0 0.3699288613325132 0.0 0.3895861514752878 0.0 0.23460598699422458 0.0 0.20402154885362714
0 0.932129 0.862630 0.098633 0.100260 0.0 0.0 0.14569165684461302 0.0 0.17999533437504678 0.0 0.28856914441641496 0.0 0.27841732712115386 0.0 0.09355335276636462 0.0 0.11273774019820387
0 0.064453 0.533203 0.072266 0.115885 0.0 0.2183977797376149 0.0 0.2807083273129953 0.0 0.3893215982465487 0.0 0.37260812288388423 0.0 0.31309030747933 0.0 0.28251786975333776 0.0
0 0.608398 0.835938 0.095703 0.072917 0.0 0.0 0.26965122475288783 0.0 0.34185668568672023 0.0 0.31821349813694666 0.0 0.3181088991208997 0.0 0.5629109182519749 0.0 0.5505374247057432
0 0.426758 0.187500 0.109375 0.083333 0.0 0.0 0.21200514278056698 0.0 0.20943747001028187 0.0 0.31336308491021053 0.0 0.15530379114106896 0.0 0.5268903290678867 0.0 0.5726710321661235
0 0.545410 0.063151 0.088867 0.123698 0.0 0.08591512874278168 0.2068998840207812 0.0 0.1975529403769334 0.2863561889628569 0.24951533737248313 0.0 0.30582954571731896 0.39275050020522556 0.5598744959950158 0.0 0.5641144747378946
0 0.013672 0.764323 0.025391 0.125000 0.0 0.2215105473589731 0.0 0.17882705677538957 0.0 0.11886074259950793 0.0 0.23735558275930374 0.0 0.291774349553591 0.0 0.18779452961387746 0.0
0 0.877930 0.936849 0.126953 0.123698 0.0 0.0 0.0945682112505044 0.0 0.12368250356325372 0.0 0.3446942284831887 0.0 0.17931716067989992 0.0 0.10615950240060748 0.0 0.11283837165197529
0 0.970215 0.266276 0.059570 0.186198 0.1011790693297186 0.0 0.0 0.0 0.1393255123613662 0.0 0.0 0.0 0.2623433534957779 0.0 0.0 0.0 0.2486015008335727
0 0.431641 0.126302 0.103516 0.080729 0.0 0.0 0.050966311960691055 0.037230259113051146 0.05207587405961027 0.0 0.2467999942377341 0.2927980346044822 0.2925384473892929 0.0 0.474432858815448 0.43856280004315396 0.33429246600298046
0 0.566895 0.454427 0.110352 0.096354 0.0 0.009550761465041982 0.12214724790074137 0.014002374673864126 0.12012270296525364 0.18733481554509682 0.0926902658380236 0.18853807123731736 0.09277940915344664 0.5776065344519896 0.5697657767371774 0.544543010997241 0.5773729343907604
0 0.445312 0.054688 0.099609 0.106771 0.021894528370568104 0.011338951426209647 0.050738538899716606 0.039559539897663434 0.022104507046352313 0.214759435275798 0.26997059763872167 0.2503776739276026 0.24403928227158667 0.42316874767387735 0.3340689540263149 0.4048408881014708 0.3160804073116707
0 0.560059 0.548177 0.137695 0.085938 0.09861471572285767 0.0 0.016483864441397284 0.04073906226078972 0.006824949202506489 0.0 0.5995503284597195 0.6133577589438841 0.3647236729550115 0.0 0.5624637116160683 0.3706389100750148 0.5099164683278988
0 0.371094 0.966797 0.097656 0.066406 0.0 0.2430231497288312 0.0 0.09172820796106329 0.0 0.1499064019460725 0.0 0.1723789704549409 0.0 0.24187647846305363 0.0 0.2515692960411299 0.0
0 0.742676 0.946615 0.081055 0.101562 0.0 0.0 0.3279869695905374 0.008768225075686056 0.2823275485179717 0.0 0.35334726167463837 0.3756897787050368 0.18666357700128666 0.0 0.09743710198521949 0.12667647910078775 0.11394486703235451
0 0.257324 0.358073 0.106445 0.257812 0.0 0.010639178738227773 0.12481840920076274 0.041113909349116136 0.0578234191977684 0.3412664585569585 0.44005233772043034 0.34113433160378404 0.4479940665991854 0.30784532932468633 0.3072490070098613 0.2953684912217631 0.31879194955301954
0 0.013672 0.301432 0.025391 0.141927 0.0 0.12670288683016687 0.0 0.0721138803268551 0.0 0.27805723427046125 0.0 0.30067865106795644 0.0 0.3829561440481732 0.0 0.07124236023300151 0.0
0 0.696289 0.079427 0.107422 0.117188 0.0 0.046226679310502714 0.22248966992488006 0.03816844531423512 0.10810378928289999 0.2751022498799607 0.2216678570142867 0.29327451320220665 0.33084145053774605 0.5247919449128844 0.5525410072605377 0.5877767063620587 0.5529248994318823
0 0.067383 0.345052 0.101562 0.140625 0.0 0.11581085428443355 0.0 0.19811784400388643 0.007831098576377607 0.2861583827112053 0.0 0.2279781184935428 0.5425545330705552 0.281385837274574 0.0 0.2845096208822848 0.5567579785992477
0 0.764648 0.440755 0.214844 0.108073 0.01702264339516599 0.06812321745860851 0.005022399029677409 0.06334737777127562 0.044716386823843345 0.20230548225036696 0.09220909584413534 0.31726005579164496 0.07530323549013253 0.38850189486850517 0.270934219285242 0.40016534030596024 0.511288425659182
0 0.729004 0.723958 0.073242 0.075521 0.0 0.0 0.23853113505396958 0.0 0.25836395033892684 0.0 0.3041368808979733 0.0 0.35642849633943335 0.0 0.5582058570648469 0.0 0.5763726911323074
0 0.613281 0.901042 0.095703 0.072917 0.0 0.0 0.09774828685633187 0.0 0.051169151344967516 0.0 0.36356682785215105 0.0 0.26180863165024726 0.0 0.5847819943629631 0.0 0.5744188016837389
0 0.624512 0.970052 0.077148 0.059896 0.0 0.0 0.2002936672142989 0.0 0.21253924792129772 0.0 0.43678715925538 0.0 0.23314220386450885 0.0 0.5713086832683748 0.0 0.5683724146664806
0 0.018066 0.512370 0.034180 0.113281 0.0 0.22956023748362261 0.0 0.1871671961167051 0.0 0.1391236477023781 0.0 0.14933261341069134 0.0 0.2987588166785975 0.0 0.2583519703481767 0.0
