0 0.192383 0.399902 0.154297 0.163086 0.0 0.09615199170958237 0.06850525884456427 0.02254005385926663 0.07892579617034273 0.3641698076935472 0.3892073769838971 0.39809995966954737 0.3866304915227523 0.34446986612816566 0.23250577260371932 0.3504329427863717 0.26335569522426006
0 0.138672 0.557129 0.123047 0.147461 0.02649309777019648 0.0 0.05700834689711136 0.0 0.06387736615524733 0.0 0.25897484471814614 0.0 0.30484486863906374 0.0 0.28843019698611594 0.0 0.347670033793335
0 0.611328 0.392090 0.097656 0.110352 0.0 0.07847236257311829 0.12781556812477315 0.0 0.13525800019068623 0.34780529061195375 0.37159933435428427 0.0 0.36766634154187094 0.35283959710442864 0.32625457244960676 0.0 0.3317409153895171
0 0.576660 0.492188 0.083008 0.105469 0.0 0.04960418786163756 0.131004973181829 0.0 0.14406471675494642 0.3547559056792282 0.390815349435984 0.0 0.3869349824865442 0.34334788457584 0.34201165277680845 0.0 0.33910523570860046
0 0.668945 0.647949 0.099609 0.100586 0.0 0.0 0.16741909991452517 0.0 0.2027568842066913 0.0 0.2458949367625815 0.0 0.23298404978806372 0.0 0.36444092249242 0.0 0.36931288567784354
0 0.396484 0.339844 0.150391 0.136719 0.0 0.06613397961158038 0.061622440052691546 0.04581339396580837 0.07664276857758917 0.23531745297385268 0.2278518567198844 0.233127904918872 0.2302438525071099 0.24878149614997339 0.2087813761401479 0.2637706700834498 0.21101232336012604
0 0.195801 0.680176 0.079102 0.088867 0.0 0.10433818014751912 0.0 0.10189122157574093 0.13444427152954255 0.0792110228777944 0.0 0.2869793413680325 0.26492238242510585 0.08823031060974593 0.0 0.3150504531939243 0.2548823248351548
0 0.527832 0.722168 0.106445 0.118164 0.0 0.0 0.15820017210651144 0.0 0.1568705016356149 0.0 0.3045612314384856 0.0 0.28528838087223496 0.0 0.35263489308018353 0.0 0.3496521190771023
0 0.320801 0.718750 0.069336 0.101562 0.0 0.07221030371305351 0.04937025825841818 0.05746449572515789 0.0 0.3010838434075804 0.3285861910864019 0.2475276033019934 0.0 0.37633353340717357 0.35478323421987296 0.38379462461944375 0.0
0 0.510254 0.880371 0.127930 0.188477 0.0 0.05125230767184956 0.1451683123062865 0.03550899037149278 0.10100727964148447 0.2938583253650464 0.27260316686952085 0.28390697675285853 0.2824287585678407 0.46383994388761685 0.471303816347431 0.5189273370544596 0.47572176879530603
0 0.297363 0.970703 0.092773 0.058594 0.0 0.0 0.21874801876428912 0.0 0.20273989793450328 0.0 0.205833409261938 0.0 0.3479107966188867 0.0 0.5669319265073522 0.0 0.6107299086953055
0 0.516113 0.358887 0.083008 0.086914 0.0 0.10781819425912353 0.04600830979809912 0.09926854919660247 0.0 0.315488394532847 0.3129818850953931 0.31650516939248735 0.0 0.3532121288108281 0.32491952222083503 0.3413657171682966 0.0
0 0.258789 0.564941 0.097656 0.071289 0.0 0.11079081381861208 0.0 0.02059744341232341 0.07385079936631328 0.27927465018126707 0.0 0.4041397382528107 0.21995089732030632 0.214046798840545 0.0 0.3443381077791708 0.29778050085773716
0 0.747559 0.416992 0.143555 0.207031 0.0 0.03911227012230548 0.126229139231603 0.03854728317223104 0.12429566864803912 0.2837811473311709 0.27993280068707876 0.28234909606039493 0.276816820547653 0.30084992546775013 0.30288502839441095 0.30166713989236704 0.30137162796589256
0 0.166504 0.750488 0.073242 0.063477 0.0 0.0 0.0906171607537534 0.0 0.23577415140153307 0.0 0.15656546153411943 0.0 0.2467879488749898 0.0 0.17623336185180025 0.0 0.2436157001262463
0 0.237793 0.799316 0.071289 0.081055 0.0 0.14237970190869081 0.0 0.25112657818753314 0.0 0.1445047293573223 0.0 0.15305226648979023 0.0 0.23452855796822758 0.0 0.24978699612271069 0.0
0 0.474609 0.513672 0.087891 0.164062 0.0 0.0 0.14101389347021293 0.0 0.10828005654971701 0.0 0.2710656062859887 0.0 0.2920121265901547 0.0 0.3334233923287166 0.0 0.3326848578887886
0 0.287598 0.874023 0.051758 0.078125 0.0 0.06838241412045112 0.17384024520335878 0.0 0.09355705551091678 0.28795505824743994 0.28662984180432677 0.0 0.3629755447159711 0.3588660835147738 0.30639935044985944 0.0 0.32055429014086423
0 0.022461 0.321777 0.042969 0.092773 0.0 0.11798071573430462 0.2577797198489512 0.0 0.0 0.28937485631924387 0.34017925702070295 0.0 0.0 0.40709562455185166 0.5103883797188175 0.0 0.0
0 0.689941 0.564453 0.104492 0.074219 0.0 0.0 0.1324758536988965 0.0 0.14343543291910194 0.0 0.17069079497071005 0.0 0.18707140550901277 0.0 0.39808249749875635 0.0 0.3381726872139214
0 0.166016 0.975098 0.115234 0.049805 0.0 0.2714774505753763 0.10089973604520693 0.03209534986211393 0.0 0.27360898736807787 0.26486558499873425 0.2982301829422088 0.0 0.634348017040587 0.6215701480957292 0.38757231557810407 0.0
0 0.207031 0.901367 0.099609 0.070312 0.0 0.054860434796797884 0.0 0.22061139657239073 0.05694700866209329 0.25727481621995163 0.0 0.2204770409820584 0.2094754144839801 0.38586923438764986 0.0 0.48399548592950026 0.3739416968252863
0 0.555176 0.608398 0.096680 0.115234 0.0 0.0 0.20146651137094979 0.0 0.21987913989244176 0.0 0.31948533109717664 0.0 0.3059121380400498 0.0 0.3472377534890307 0.0 0.3416794581157875
0 0.648926 0.742676 0.100586 0.088867 0.0 0.0 0.19375889806069124 0.0 0.2091742146876264 0.0 0.24665159659877822 0.0 0.2495382836731902 0.0 0.368415883889143 0.0 0.36545003424724753
0 0.380859 0.616699 0.048828 0.073242 0.0 0.0 0.0 0.3058656436074876 0.0 0.0 0.0 0.08620823522678542 0.0 0.0 0.0 0.338996096872247 0.0
0 0.265625 0.702637 0.052734 0.084961 0.0 0.14300040804634534 0.0 0.161816209314277 0.0 0.2571269468810029 0.0 0.2260926656732108 0.0 0.302382923481464 0.0 0.31314641115743536 0.0
0 0.432129 0.682129 0.077148 0.172852 0.0 0.0 0.1565502452454267 0.0 0.19150129991502693 0.0 0.28331018897435956 0.0 0.28965314114745505 0.0 0.3447884571390375 0.0 0.32411585433807205
0 0.032227 0.651367 0.062500 0.066406 0.0 0.2408045005179928 0.0 0.11311105748955574 0.01865575543616656 0.2666338838202161 0.0 0.32623071111423835 0.3379367351643581 0.35312652377323056 0.0 0.31353800866984927 0.28197328359513024
0 0.025879 0.392578 0.049805 0.044922 0.0 0.0 0.116321999094356 0.0 0.08174950250193158 0.0 0.2284606895823889 0.0 0.2616397444200868 0.0 0.5121677787744077 0.0 0.4568952487400545
0 0.134277 0.821777 0.096680 0.065430 0.0 0.04829748740625124 0.08840315524177673 0.00845156372042342 0.09431153580548285 0.3470018668549356 0.13166838423050728 0.31972922603844006 0.3601480741830965 0.24760752397950692 0.27118756027659224 0.14498123429444074 0.21096008562325338
0 0.327637 0.611328 0.057617 0.091797 0.0 0.01990595378067559 0.049081137828141684 0.04747064922673271 0.062119428232281566 0.1817250859157488 0.2991228783478739 0.0889094942029943 0.2810376025476891 0.3751792706265469 0.378940474949346 0.62492849577645 0.3814204565610613
0 0.622559 0.982422 0.096680 0.035156 0.0 0.0 0.11253254396874908 0.0 0.10904393567855993 0.0 0.29855255890561627 0.0 0.30150126178669373 0.0 0.48037089128482646 0.0 0.48086368698447346
0 0.098633 0.674805 0.062500 0.082031 0.010386953521338817 0.0931225328802371 0.05594795648910212 0.021304523368620154 0.019158220939556585 0.27183545260347575 0.35978927398906746 0.22386933153010632 0.39462698151041176 0.340730185775602 0.22560223479111982 0.3103480094584361 0.258972090328177
0 0.022461 0.715332 0.042969 0.057617 0.0 0.2628939026936415 0.0 0.19437634172906623 0.0 0.341382141299072 0.0 0.29422549161416484 0.0 0.27725155842996896 0.0 0.2826109121080315 0.0
0 0.784668 0.252441 0.118164 0.102539 0.0 0.06069318306821652 0.13462129414540688 0.0 0.1257293454102381 0.1885347194239499 0.2790109208261769 0.0 0.27353432601154426 0.1328349473553679 0.2294412943961068 0.0 0.23302146959563036
0 0.055664 0.979004 0.089844 0.041992 0.0 0.16052952159244932 0.05513097537305681 0.05296397517254829 0.09980235125548112 0.35231789889756765 0.33633039594481556 0.27741916612860634 0.30327713974306814 0.6160068638382709 0.6206284926821568 0.6673849206203053 0.5156584412627689
0 0.244141 0.121094 0.128906 0.091797 0.3865128823259669 0.02191285301323715 0.0 0.0 0.0 0.17366104366810206 0.0 0.0 0.0 0.2330801813949574 0.0 0.0 0.0
0 0.236328 0.621582 0.091797 0.051758 0.0 0.0 0.1641403948733211 0.0 0.12329945641040058 0.0 0.1748488975180198 0.0 0.25170596841374493 0.0 0.3006017720458664 0.0 0.1597602432395664
0 0.128906 0.922363 0.050781 0.057617 0.0 0.09505964583804435 0.0 0.15436479387147345 0.0 0.2938264592494849 0.0 0.229428726528761 0.0 0.5102115400916583 0.0 0.5715254854878657 0.0
0 0.968262 0.024414 0.063477 0.046875 0.0 0.0 0.0 0.14573544107500275 0.08647587094103153 0.0 0.0 0.23765187906532978 0.2704239233758783 0.0 0.0 0.5607857719279283 0.5579401355101847
0 0.402344 0.207031 0.183594 0.128906 0.0 0.13166782173392877 0.0 0.12253364781078376 0.035891209264860585 0.3698782786963799 0.0 0.3655703314263898 0.36140709291246514 0.2169244149587311 0.0 0.2282870070940304 0.23103734965584916
0 0.123047 0.036133 0.070312 0.070312 0.0 0.0 0.23592158366083793 0.034298658913367516 0.06499665794190253 0.0 0.2201134538709131 0.34230727686830276 0.38158565693668056 0.0 0.30291504328126345 0.13430306832802424 0.27506115959726807
0 0.030273 0.110352 0.058594 0.050781 0.0 0.06990370974504738 0.0 0.15383255007726288 0.0 0.27539602255503715 0.0 0.27132355098662997 0.0 0.3615942887422493 0.0 0.5792091447401674 0.0
0 0.066406 0.928223 0.072266 0.059570 0.0 0.03090314910715471 0.0674255964138224 0.06319692059426872 0.15900649091049301 0.11987165477090095 0.19277960911585137 0.26202544423781327 0.19120164609251605 0.6969911832816701 0.3818563775697631 0.5818906011173233 0.23198281230037537
0 0.083008 0.878906 0.058594 0.044922 0.0 0.0 0.0 0.0 0.3360989177799405 0.0 0.0 0.0 0.3084568495715903 0.0 0.0 0.0 0.24109945843601363
0 0.566895 0.578613 0.084961 0.065430 0.0 0.0 0.1879675590928626 0.0 0.17039993580310644 0.0 0.3266982363613627 0.0 0.3221927051184293 0.0 0.3446895806644281 0.0 0.3423761374111289
0 0.019531 0.860352 0.037109 0.093750 0.0 0.06179549955315283 0.2039121969271617 0.04767481369180074 0.0 0.20862930964018384 0.3225564982303973 0.1913403244000882 0.0 0.24749253996415035 0.21048573601103854 0.18077421493847268 0.0
0 0.021484 0.505371 0.041016 0.190430 0.2724681005750955 0.0049525377169894295 0.05067805190122715 0.006838554320577964 0.08946767523868195 0.3934621775242074 0.07888767284117056 0.26764600425934837 0.16357550776019936 0.5542595059400611 0.36183336198202987 0.3607773424624453 0.3104124470447661
0 0.548828 0.635254 0.087891 0.065430 0.0 0.0 0.23398375351271483 0.0 0.18251099636719453 0.0 0.31934126400404905 0.0 0.3107923960118102 0.0 0.3484178204501316 0.0 0.3411124006326948
0 0.059570 0.777832 0.068359 0.083008 0.0 0.0 0.07813682134274354 0.0 0.07490518647627355 0.0 0.3140631161965001 0.0 0.3379649918280625 0.0 0.21330421742075972 0.0 0.21573790357388545
0 0.483887 0.987793 0.137695 0.024414 0.0 0.0 0.11965593895758048 0.0 0.21090588296062207 0.0 0.1674951121248292 0.0 0.2158230219668939 0.0 0.473845713935734 0.0 0.4717428049433664
0 0.020996 0.221680 0.040039 0.048828 0.0 0.0 0.061941909285623105 0.0980148704207702 0.0 0.0 0.29145432969650265 0.2723828595438494 0.0 0.0 0.5042350416008138 0.45320126147232526 0.0
0 0.545898 0.187012 0.105469 0.141602 0.0 0.13184044374465997 0.0 0.05801249192943924 0.0 0.29460618227203417 0.0 0.47961818872090245 0.0 0.9374017753985852 0.0 0.9294346721488759 0.0
0 0.669434 0.077637 0.084961 0.098633 0.0 0.09895073078784608 0.0 0.10778211121800514 0.0 0.3102667705630958 0.0 0.33034698746793983 0.0 0.9418107383988191 0.0 0.9479318603324189 0.0
0 0.963867 0.157227 0.072266 0.095703 0.0 0.0701424222092412 0.04549127719931069 0.07942680901966097 0.039279953957412315 0.4295996090728746 0.5244066951980084 0.47225735582614403 0.41522474271474125 0.6034357183580866 0.632658808354392 0.6382256307873848 0.6717960285649477
0 0.588867 0.104004 0.097656 0.098633 0.0 0.0 0.09794054606839762 0.035039480484104185 0.12148604252910307 0.0 0.31537203231926625 0.32575637529143425 0.29503546596299857 0.0 0.9538566978099863 0.961073865259936 0.9425049815908408
0 0.352539 0.090820 0.128906 0.091797 0.0 0.1377036376898447 0.0 0.15566029966221318 0.012824036134850975 0.2519359503897389 0.0 0.2603217645922966 0.31401908519176475 0.6849158908409378 0.0 0.615582695328841 0.2947735134456789
0 0.480469 0.046387 0.128906 0.090820 0.0 0.14579641265932303 0.05301366004683408 0.16388182775106352 0.03944177350401827 0.39955162968073465 0.45455959149601083 0.38572046160347384 0.4831781711946637 0.9361158784508442 0.9363914108108236 0.9483587851010403 0.92523841515103
0 0.293945 0.041016 0.177734 0.080078 0.37650781033437997 0.0 0.0 0.0 0.003892698484100165 0.0 0.0 0.0 0.07466679592593962 0.0 0.0 0.0 0.21234496915818618
0 0.667480 0.825195 0.170898 0.078125 0.2116647308993917 0.0 0.0 0.0 0.04634086768390129 0.0 0.0 0.0 0.0686441366347127 0.0 0.0 0.0 0.48209509420083585
0 0.975098 0.955078 0.049805 0.087891 0.36407992878664786 0.0 0.0 0.0 0.0 0.0 0.0 0.0 0.0 0.0 0.0 0.0 0.0
0 0.985352 0.871582 0.029297 0.065430 0.0 0.0 0.0 0.05126934563139523 0.17745211751032916 0.0 0.0 0.35297387628539073 0.31144674674883527 0.0 0.0 0.3740005886955904 0.3639657582496129
