0 0.152832 0.740885 0.108398 0.187500 0.031535140026010905 0.0 0.06785790841244 0.0 0.07603420723659511 0.0 0.25897484471814614 0.0 0.3048448686390637 0.0 0.28843019698611594 0.0 0.347670033793335
0 0.193359 0.533203 0.158203 0.217448 0.0 0.09377786845749389 0.06681377097185896 0.02198350931953165 0.07697701107971697 0.3641698076935472 0.3892073769838971 0.39809995966954737 0.3866304915227523 0.34446986612816566 0.23250577260371932 0.3504329427863717 0.26335569522426006
0 0.612305 0.523438 0.097656 0.148438 0.0 0.07778400851545934 0.12669437893069618 0.0 0.13407152650480303 0.34780529061195375 0.3715993343542844 0.0 0.36766634154187094 0.35283959710442864 0.32625457244960687 0.0 0.3317409153895171
0 0.396973 0.453125 0.151367 0.182292 0.0 0.06570730877537664 0.06122487592331934 0.04551782368215799 0.07614829910289504 0.23531745297385268 0.2278518567198844 0.233127904918872 0.2302438525071099 0.24878149614997339 0.2087813761401479 0.2637706700834498 0.21101232336012604
0 0.576660 0.656250 0.083008 0.138021 0.0 0.05054011593449864 0.13347676512865594 0.0 0.1467829189578699 0.3547559056792282 0.39081534943598406 0.0 0.3869349824865442 0.34334788457584 0.3420116527768085 0.0 0.33910523570860046
0 0.747559 0.554688 0.149414 0.270833 0.0 0.03830111821554575 0.12361126492627186 0.03774784856647209 0.12171789271453905 0.2837811473311709 0.27993280068707876 0.28234909606039493 0.276816820547653 0.30084992546775013 0.30288502839441095 0.30166713989236704 0.30137162796589256
0 0.515137 0.478516 0.083008 0.118490 0.0 0.10544856361606586 0.044997138154184844 0.09708682284063318 0.0 0.315488394532847 0.3129818850953931 0.31650516939248735 0.0 0.3532121288108281 0.32491952222083503 0.3413657171682966 0.0
0 0.257324 0.753906 0.094727 0.096354 0.0 0.1126738563493826 0.0 0.020947525342708405 0.07510599545473488 0.27927465018126707 0.0 0.40413973825281063 0.2199508973203063 0.214046798840545 0.0 0.34433810777917073 0.2977805008577371
0 0.670898 0.861328 0.105469 0.134115 0.0 0.0 0.15811803880816264 0.0 0.1914926128618751 0.0 0.2458949367625815 0.0 0.23298404978806372 0.0 0.36444092249242 0.0 0.36931288567784354
0 0.022461 0.429688 0.042969 0.122396 0.0 0.11923582973147806 0.26052205729415284 0.0 0.0 0.28937485631924387 0.3401792570207029 0.0 0.0 0.40709562455185166 0.5103883797188175 0.0 0.0
0 0.032715 0.867839 0.063477 0.089844 0.0 0.23366358667877474 0.0 0.10975681654281977 0.018102530135606882 0.2666338838202161 0.0 0.32623071111423835 0.3379367351643581 0.35312652377323056 0.0 0.31353800866984927 0.28197328359513024
0 0.689453 0.752604 0.103516 0.098958 0.0 0.0 0.13372562590360307 0.0 0.1447885973806029 0.0 0.17069079497071005 0.0 0.18707140550901277 0.0 0.39808249749875635 0.0 0.3381726872139214
0 0.475098 0.684896 0.088867 0.216146 0.0 0.0 0.14114458289882292 0.0 0.10838040878006891 0.0 0.2710656062859887 0.0 0.2920121265901547 0.0 0.3334233923287166 0.0 0.3326848578887886
0 0.398926 0.279297 0.184570 0.180990 0.0 0.12437549633242648 0.0 0.11574721190942139 0.03390340105503331 0.3698782786963798 0.0 0.3655703314263898 0.36140709291246514 0.21692441495873105 0.0 0.2282870070940304 0.23103734965584916
0 0.195801 0.906250 0.079102 0.114583 0.0 0.10789516356163911 0.0 0.1053647859476412 0.1390275989680497 0.0792110228777944 0.0 0.2869793413680325 0.26492238242510585 0.08823031060974593 0.0 0.3150504531939242 0.2548823248351548
0 0.380859 0.822917 0.048828 0.098958 0.0 0.0 0.0 0.3018410956652837 0.0 0.0 0.0 0.08620823522678542 0.0 0.0 0.0 0.338996096872247 0.0
0 0.784668 0.336589 0.118164 0.139323 0.0 0.05955873104824985 0.13210500827353014 0.0 0.12337926418761683 0.18853471942394992 0.2790109208261769 0.0 0.27353432601154426 0.1328349473553679 0.2294412943961068 0.0 0.23302146959563036
0 0.555664 0.811198 0.097656 0.153646 0.0 0.0 0.1994518462572403 0.0 0.21768034849351736 0.0 0.31948533109717664 0.0 0.3059121380400498 0.0 0.3472377534890307 0.0 0.3416794581157875
0 0.026367 0.523438 0.050781 0.059896 0.0 0.0 0.11408503757331068 0.0 0.08017739668458673 0.0 0.2284606895823889 0.0 0.2616397444200868 0.0 0.5121677787744077 0.0 0.4568952487400545
0 0.327637 0.815755 0.057617 0.123698 0.0 0.019696417425089534 0.04856449427205599 0.04697095818224079 0.06146553951404703 0.1817250859157488 0.2991228783478739 0.0889094942029943 0.28103760254768917 0.3751792706265469 0.378940474949346 0.62492849577645 0.3814204565610613
0 0.100098 0.896484 0.063477 0.102865 0.010874442479204962 0.09749303539710899 0.05857375152588374 0.022304404601694635 0.0200573701598941 0.27183545260347575 0.35978927398906746 0.22386933153010632 0.39462698151041176 0.340730185775602 0.22560223479111982 0.3103480094584361 0.258972090328177
0 0.238770 0.175130 0.127930 0.152344 0.3129021885496573 0.017739588972939684 0.0 0.0 0.0 0.17366104366810206 0.0 0.0 0.0 0.2330801813949574 0.0 0.0 0.0
0 0.236328 0.829427 0.091797 0.070312 0.0 0.0 0.16110075793122255 0.0 0.12101613314354129 0.0 0.1748488975180198 0.0 0.25170596841374493 0.0 0.3006017720458664 0.0 0.1597602432395664
0 0.034668 0.151693 0.063477 0.076823 0.0 0.05687081470783516 0.0 0.12515190514760371 0.0 0.27539602255503715 0.0 0.27132355098662997 0.0 0.3615942887422493 0.0 0.5792091447401674 0.0
0 0.265137 0.932292 0.053711 0.104167 0.0 0.15268543568221143 0.0 0.17277557985419847 0.0 0.2571269468810029 0.0 0.2260926656732108 0.0 0.302382923481464 0.0 0.31314641115743536 0.0
0 0.550293 0.248047 0.098633 0.157552 0.0 0.16894045896746385 0.0 0.07433725747606733 0.0 0.29460618227203417 0.0 0.47961818872090245 0.0 0.9374017753985852 0.0 0.9294346721488759 0.0
0 0.022949 0.956380 0.043945 0.076823 0.0 0.2570518159671161 0.0 0.1900568674684203 0.0 0.341382141299072 0.0 0.29422549161416484 0.0 0.27725155842996896 0.0 0.2826109121080315 0.0
0 0.530762 0.942057 0.102539 0.115885 0.0 0.0 0.19987635876020235 0.0 0.23281335546426268 0.0 0.3058645227095863 0.0 0.27946998419445723 0.0 0.35313568824195346 0.0 0.34148350757759893
0 0.432617 0.896484 0.076172 0.201823 0.0 0.0 0.18106220672181983 0.0 0.22148574662628792 0.0 0.28331018897435956 0.0 0.28965314114745505 0.0 0.3447884571390375 0.0 0.32411585433807205
0 0.653320 0.964193 0.093750 0.069010 0.0 0.0 0.22338206129270624 0.0 0.22298988769171488 0.0 0.24677550141373997 0.0 0.2485748035271586 0.0 0.3720311978805689 0.0 0.3635305993084924
0 0.020020 0.295573 0.038086 0.065104 0.0 0.0 0.0651184174541166 0.10304127403209175 0.0 0.0 0.29145432969650265 0.2723828595438494 0.0 0.0 0.5042350416008138 0.45320126147232526 0.0
0 0.321777 0.945964 0.067383 0.105469 0.0 0.09540183979552462 0.06522633511901232 0.07592017112803111 0.0 0.3010838434075804 0.3285861910864019 0.2475276033019934 0.0 0.37633353340717357 0.35478323421987296 0.38379462461944375 0.0
0 0.031738 0.298177 0.061523 0.067708 0.0 0.0 0.038760962770307494 0.06133409168576889 0.0 0.0 0.29145432969650265 0.2723828595438494 0.0 0.0 0.5042350416008138 0.45320126147232526 0.0
0 0.356445 0.133464 0.134766 0.123698 0.0 0.13033003329180726 0.0 0.14732517148808094 0.012137348616417304 0.25193595038973887 0.0 0.26032176459229656 0.31401908519176475 0.6849158908409377 0.0 0.6155826953288409 0.2947735134456789
0 0.485352 0.054036 0.136719 0.105469 0.0 0.1214733526035893 0.05110215867775331 0.14206721613178103 0.043530460133741664 0.3992365673012821 0.45685780735242904 0.3875616708770242 0.48575588742031517 0.9380453310003819 0.9373579964148665 0.9500199629981783 0.9249516989878711
0 0.582520 0.132812 0.086914 0.156250 0.0 0.0 0.0926216774616869 0.03313658734919966 0.11488848591235404 0.0 0.31537203231926625 0.32575637529143425 0.29503546596299857 0.0 0.9538566978099863 0.961073865259936 0.9425049815908408
0 0.670410 0.111979 0.083008 0.127604 0.0 0.10437936031606286 0.0 0.11369524745169403 0.0 0.3102667705630958 0.0 0.33034698746793983 0.0 0.9418107383988191 0.0 0.9479318603324189 0.0
0 0.964844 0.213542 0.070312 0.135417 0.0 0.06793173689388583 0.04405752433886233 0.07692350681231053 0.03804196395554942 0.42959960907287453 0.5244066951980084 0.47225735582614403 0.4152247427147412 0.6034357183580866 0.6326588083543919 0.6382256307873848 0.6717960285649477
0 0.969727 0.027344 0.060547 0.052083 0.0 0.0 0.0 0.1833445871588744 0.10879222473226545 0.0 0.0 0.23765187906532978 0.2704239233758783 0.0 0.0 0.5607857719279283 0.5579401355101847
0 0.122070 0.048177 0.078125 0.093750 0.0 0.0 0.21232942529475415 0.030868793022030765 0.05849699214771228 0.0 0.2201134538709131 0.34230727686830276 0.38158565693668056 0.0 0.30291504328126345 0.13430306832802424 0.27506115959726807
0 0.297852 0.049479 0.185547 0.096354 0.3996445634018696 0.0 0.0 0.0 0.00413190840517147 0.0 0.0 0.0 0.07466679592593962 0.0 0.0 0.0 0.21234496915818618
