0 0.522135 0.526693 0.117188 0.113281 0.0 0.2310023463629075 0.0 0.18604042471771232 0.0 0.28587608984235047 0.0 0.28316418195109416 0.0 0.6372209784030288 0.0 0.6507998484166465 0.0
0 0.728516 0.491536 0.110677 0.108073 0.0 0.1802077359112287 0.0 0.2698758635132873 0.0 0.2873832447974281 0.0 0.3257427360961691 0.0 0.6490980486035222 0.0 0.6007895068777764 0.0
0 0.887370 0.447266 0.225260 0.105469 0.0 0.1746324136745846 0.042608601744792134 0.21691642318155133 0.0 0.2953553172966769 0.286142296273967 0.26592145699352665 0.0 0.6431333202923408 0.6397624802729182 0.6489191178831883 0.0
0 0.627604 0.509115 0.104167 0.117188 0.0 0.22101379425768947 0.0 0.2350218708918416 0.0 0.2520284399775417 0.0 0.2570121212308415 0.0 0.6372125328648198 0.0 0.642661753911567 0.0
0 0.410807 0.957031 0.136719 0.075521 0.0 0.23824909872170028 0.0 0.0 0.0 0.29257082645613297 0.0 0.0 0.0 0.5583337137799738 0.0 0.0 0.0
0 0.499349 0.332031 0.136719 0.114583 0.0 0.13271451233602413 0.0 0.06395847617460959 0.0 0.3164750972975592 0.0 0.3089757650537365 0.0 0.6574763842450512 0.0 0.652234549458567 0.0
0 0.748047 0.897135 0.121094 0.088542 0.0 0.25065599240671155 0.0 0.0 0.0 0.3079269183461483 0.0 0.0 0.0 0.5762804838897067 0.0 0.0 0.0
0 0.626302 0.925781 0.125000 0.085938 0.0 0.10150236075477646 0.0 0.0 0.0 0.22464361022119306 0.0 0.0 0.0 0.5831230304126386 0.0 0.0 0.0
0 0.860677 0.875651 0.109375 0.087240 0.0 0.2389404227772729 0.0 0.0 0.0 0.30413556039409806 0.0 0.0 0.0 0.5717979897998291 0.0 0.0 0.0
0 0.391276 0.550781 0.141927 0.088542 0.0 0.22173909329025632 0.0 0.23111218869739233 0.0 0.29494267438580746 0.0 0.3074544651222462 0.0 0.6604611307617093 0.0 0.6620699641111312 0.0
0 0.280599 0.968099 0.128906 0.063802 0.0 0.0 0.4500175977505348 0.0 0.0 0.0 0.11436759122316899 0.0 0.0 0.0 0.9702716534967825 0.0 0.0
0 0.388021 0.369792 0.109375 0.114583 0.0 0.14382947339643784 0.0 0.10953502770460141 0.0 0.2526089567869787 0.0 0.26578775879836447 0.0 0.6588243138726112 0.0 0.6519351017476935 0.0
0 0.521484 0.938151 0.092448 0.084635 0.0 0.2977830696790181 0.0 0.0 0.0 0.28199942921657467 0.0 0.0 0.0 0.5840363986456487 0.0 0.0 0.0
0 0.252604 0.406250 0.174479 0.119792 0.0 0.15285971326623182 0.0 0.0968154397346158 0.005887569827692657 0.25476330159475136 0.0 0.27878264531411995 0.2470923246610985 0.7716118347649579 0.0 0.6903842097514554 0.627748463377254
0 0.039062 0.473307 0.075521 0.144531 0.0 0.038364554768739886 0.14842659573002037 0.10095894393233401 0.05718706995972397 0.23724055066044025 0.3291481685948992 0.3110826292822078 0.38975930803164544 0.7441282919096882 0.6947984844579227 0.721146622863285 0.7170090182185378
0 0.337240 0.035807 0.088542 0.069010 0.0 0.5418730988073284 0.0 0.0 0.0 0.15709605897153373 0.0 0.0 0.0 0.8933245915187327 0.0 0.0 0.0
0 0.041667 0.656901 0.080729 0.113281 0.0 0.12208341051305016 0.0 0.15443071629674762 0.0 0.2695067902078454 0.0 0.3058467883574424 0.0 0.723500361706342 0.0 0.7399856506320147 0.0
0 0.955078 0.857422 0.089844 0.089844 0.0 0.2009697089041082 0.0 0.0 0.0 0.2705028745685685 0.0 0.0 0.0 0.6007250403978541 0.0 0.0 0.0
0 0.031250 0.792318 0.049479 0.066406 0.0 0.17632954372947832 0.0 0.06445169098642692 0.0 0.1719244170493727 0.0 0.19516236883469182 0.0 0.7415499713889993 0.0 0.7028967368559651 0.0
0 0.632161 0.102865 0.246094 0.195312 0.24241634756442523 0.0 0.0 0.0 0.0 0.0 0.0 0.0 0.0 0.0 0.0 0.0 0.0
0 0.100911 0.639323 0.082031 0.127604 0.0 0.2676384644184994 0.0 0.11354383582907908 0.0 0.2575447003440935 0.0 0.2776936049767963 0.0 0.7306898947176882 0.0 0.7358127086130998 0.0
0 0.087240 0.775391 0.070312 0.069010 0.0 0.22014630229235405 0.0 0.06794650000864091 0.0 0.23752324271018568 0.0 0.20180113567736943 0.0 0.8478010771366346 0.0 0.6080055258449041 0.0
0 0.264974 0.572266 0.141927 0.087240 0.0 0.1896498489860093 0.0 0.17538129352911652 0.029020576254140333 0.3060586354770588 0.0 0.3070580997271206 0.29063458656771474 0.6225013678664834 0.0 0.6538909643620223 0.6426915512434078
0 0.029297 0.941406 0.055990 0.072917 0.0 0.0 0.027008813953126595 0.0 0.0770558703443059 0.0 0.16989604546410428 0.0 0.6325160440631522 0.0 0.06011077342422229 0.0 0.3949974325967225
0 0.874349 0.046875 0.251302 0.091146 0.1831344371162105 0.0 0.0 0.0 0.0 0.0 0.0 0.0 0.0 0.0 0.0 0.0 0.0
0 0.833984 0.257812 0.332031 0.166667 0.20339372263530864 0.0 0.0 0.0 0.0 0.0 0.0 0.0 0.0 0.0 0.0 0.0 0.0
0 0.269531 0.072917 0.088542 0.070312 0.0 0.5995381112512711 0.0 0.0 0.0 0.1612161400046473 0.0 0.0 0.0 0.8944873932794319 0.0 0.0 0.0
0 0.205078 0.110026 0.084635 0.092448 0.0 0.4358499434364561 0.0 0.0 0.0 0.15987270819053132 0.0 0.0 0.0 0.8771470607965851 0.0 0.0 0.0
