0 0.464844 0.327474 0.142578 0.128906 0.0 0.13204867043906518 0.0 0.16788717158688313 0.02054625509877673 0.3253751260344768 0.0 0.2623056720580529 0.3416385636134922 0.4603642821015641 0.0 0.4533012880587193 0.35238142884789164
0 0.612793 0.513672 0.118164 0.102865 0.0 0.0 0.18740325115189255 0.0 0.1806960422992979 0.0 0.3115449195684794 0.0 0.29413297379283143 0.0 0.45766115143897224 0.0 0.46116906418571374
0 0.626953 0.419271 0.095703 0.088542 0.0 0.0 0.2050646202163444 0.0 0.1594495976487249 0.0 0.27491300757324794 0.0 0.273947502850929 0.0 0.4613830068950765 0.0 0.4583207235198371
0 0.910645 0.665365 0.088867 0.130208 0.027547950007200325 0.0 0.16101446906243452 0.0 0.1578110409348901 0.0 0.30315765004273554 0.0 0.32027183969990686 0.0 0.7175603435779749 0.0 0.7100703049317126
0 0.278809 0.754557 0.092773 0.157552 0.0 0.17899306752210406 0.0 0.13240333200393672 0.0 0.30555108541126474 0.0 0.29724445828670565 0.0 0.02640738457431095 0.0 0.04350056033611433 0.0
0 0.174805 0.622396 0.082031 0.117188 0.0 0.1730087066411949 0.0 0.09392362542450441 0.0 0.3072006590962009 0.0 0.2258322602658781 0.0 0.04407416215398901 0.0 0.033232661065843494 0.0
0 0.478027 0.710938 0.086914 0.127604 0.0 0.13096251804401388 0.0 0.18157542983480465 0.0 0.32581464599281384 0.0 0.32015903838871157 0.0 0.04705622274561658 0.0 0.03916505981495359 0.0
0 0.759277 0.822917 0.108398 0.130208 0.0 0.0 0.25582014896109617 0.0 0.18271672988675672 0.0 0.24167335581821633 0.0 0.23558325926028661 0.0 0.4547746773309177 0.0 0.4586878020428822
0 0.599121 0.679688 0.114258 0.104167 0.0 0.0 0.12265670369433639 0.0 0.1393465082435033 0.0 0.2483359950737825 0.0 0.3304747345647723 0.0 0.44001409332721786 0.0 0.46076675812061013
0 0.569336 0.340495 0.064453 0.115885 0.0 0.23432787736775124 0.0 0.15903498910058542 0.0 0.27226256708805313 0.0 0.26705856234161235 0.0 0.46326476606851086 0.0 0.45283614991569276 0.0
0 0.223145 0.667318 0.079102 0.118490 0.0 0.07326413086610206 0.12852839194605256 0.11068672554633933 0.08897571777056723 0.291309550535422 0.2738005439760769 0.254434564001984 0.28548102768340333 0.0738243032853274 0.46133363657056636 0.06428391528857402 0.04473175723259129
0 0.853516 0.442057 0.093750 0.118490 0.0 0.04101404222308034 0.11189920885664553 0.0 0.08948046985084972 0.26540821255682934 0.2611017001411629 0.0 0.2528612730427917 0.7124611064058043 0.7184571119231464 0.0 0.7240586841338803
0 0.352051 0.844401 0.135742 0.188802 0.0 0.16350232696649716 0.0 0.18922278476535628 0.0 0.23039169276712698 0.0 0.19354047226115634 0.0 0.03490861747026273 0.0 0.04739088430537208 0.0
0 0.521973 0.792318 0.065430 0.105469 0.0 0.13976923203791441 0.0 0.1993683415995675 0.0 0.3669906774703838 0.0 0.29921287651116923 0.0 0.048992960830269064 0.0 0.04304233053379739 0.0
0 0.210449 0.408203 0.092773 0.126302 0.0 0.12702304204506223 0.0 0.19878132991528386 0.0 0.33036518715277424 0.0 0.2438613369208177 0.0 0.041288431555503914 0.0 0.10538435094615327 0.0
0 0.443359 0.477865 0.107422 0.075521 0.0 0.0 0.12263561618906997 0.0 0.10972582674668327 0.0 0.34034996987998684 0.0 0.3637523910069631 0.0 0.4529622658812185 0.0 0.4319782017109134
0 0.113770 0.265625 0.073242 0.088542 0.0 0.0 0.0 0.18373444054820703 0.11048346719717028 0.0 0.0 0.1420337859530882 0.36046012619036016 0.0 0.0 0.9857614701784605 0.003758277441111583
0 0.868652 0.549479 0.098633 0.122396 0.0 0.0 0.18800904456874357 0.0 0.20005734624441088 0.0 0.29959621939730297 0.0 0.2992278737700236 0.0 0.7168780670507778 0.0 0.7169970274419948
0 0.019531 0.410156 0.037109 0.117188 0.0 0.3805055307951717 0.0 0.4831865670042922 0.0 0.278440083055405 0.0 0.3230351172295853 0.0 0.9296860901481756 0.0 0.8907025400777804 0.0
0 0.111328 0.549479 0.085938 0.130208 0.1293794581591976 0.0 0.01811478759404189 0.0 0.0 0.0 0.07204865042018517 0.0 0.0 0.0 0.6658020452466563 0.0 0.0
0 0.438477 0.552083 0.111328 0.078125 0.0 0.0 0.19077182697802816 0.0 0.06949304217361851 0.0 0.24672099400373323 0.0 0.2650512811458833 0.0 0.45618207397420557 0.0 0.42100425347065323
0 0.801270 0.320964 0.143555 0.123698 0.0 0.015696067831640573 0.07481285262166215 0.08048148345689049 0.10024703442443442 0.27612664508047075 0.3875600736517608 0.3568445242869371 0.3698999469385521 0.40212478305908644 0.7121541045650072 0.579910438464218 0.4583585830244816
0 0.607422 0.595052 0.111328 0.065104 0.0 0.0 0.1224078303151846 0.0 0.20677558774327126 0.0 0.3505794185454204 0.0 0.19553295071238463 0.0 0.4386359440971167 0.0 0.4675320684164979
0 0.752930 0.924479 0.103516 0.072917 0.0 0.0 0.17433002269275374 0.0 0.16773961739069665 0.0 0.23302688446995065 0.0 0.2440751598404334 0.0 0.4617362249104979 0.0 0.44448306382535446
0 0.947754 0.806641 0.102539 0.157552 0.0 0.0 0.21436640266835078 0.0 0.1763723830504552 0.0 0.28801209465644223 0.0 0.19492837092910506 0.0 0.7112540323699463 0.0 0.6168347233609184
0 0.063965 0.804036 0.124023 0.196615 0.0 0.06105651495271394 0.11031297636870453 0.0 0.023037021587987504 0.22942054714187068 0.18384865269990297 0.0 0.28297389709591686 0.06518275396526506 0.036483203836316716 0.0 0.003923112673081164
0 0.419434 0.654297 0.079102 0.113281 0.0 0.03700067986222281 0.08125548375834431 0.12723575084437205 0.11926305740566297 0.32970806378458206 0.24800773600880024 0.3995702396898284 0.36344199815228806 0.03552648397168115 0.48153425452911297 0.046338731609227087 0.46486313405281976
0 0.762695 0.434245 0.087891 0.092448 0.0 0.0 0.10550316616389899 0.0 0.0652196731182246 0.0 0.1949899017346684 0.0 0.3603161524598794 0.0 0.4410821573756089 0.0 0.45322737556476766
0 0.763184 0.630208 0.094727 0.059896 0.2489377619615108 0.0 0.0 0.0 0.0 0.0 0.0 0.0 0.0 0.0 0.0 0.0 0.0
0 0.603516 0.779297 0.099609 0.089844 0.0 0.0 0.20967852648552185 0.0 0.2190932770296468 0.0 0.2820437793234386 0.0 0.28294874621518074 0.0 0.4599622753726578 0.0 0.4593276451854785
0 0.758301 0.842448 0.110352 0.088542 0.0 0.0 0.16624257186820368 0.0 0.10690250399874177 0.0 0.2467874469727625 0.0 0.2317888124413972 0.0 0.44608002497790583 0.0 0.48360549736656233
0 0.564941 0.128255 0.057617 0.121094 0.0 0.19119145279271976 0.0 0.10433311318897548 0.0 0.2257976270762066 0.0 0.3900496669042556 0.0 0.465363303745502 0.0 0.4584837297764131 0.0
0 0.174805 0.216146 0.078125 0.101562 0.0 0.0 0.22744118786620499 0.0 0.13559125172575423 0.0 0.28907926341334456 0.0 0.2834315435445503 0.0 0.030660136087988753 0.0 0.0005004289889970752
0 0.280273 0.489583 0.103516 0.135417 0.0 0.11926269393588826 0.07480057408220449 0.17312822570281486 0.0 0.23528667670181372 0.2354740058827328 0.23085071673103813 0.0 0.03245153280734141 0.05027708445768692 0.124536504942832 0.0
0 0.759766 0.704427 0.097656 0.091146 0.0 0.0 0.17593322228758929 0.0 0.0821462564946649 0.0 0.1673770370165141 0.0 0.2159860816342775 0.0 0.45337625123591213 0.0 0.4641401655011329
0 0.436523 0.143880 0.054688 0.108073 0.0 0.17498956767209708 0.0 0.21955583912351576 0.0 0.24021823388635244 0.0 0.22459146833436688 0.0 0.43146636504157193 0.0 0.45744000098024457 0.0
0 0.959473 0.257812 0.081055 0.111979 0.0 0.0 0.014854687365566503 0.0 0.34509160583866 0.0 0.1875576214360949 0.0 0.16997933667137233 0.0 0.5974874702646951 0.0 0.7215243803878426
0 0.261719 0.138672 0.123047 0.173177 0.029602363937156685 0.0 0.08970370710354067 0.0 0.13451026687323422 0.0 0.3059893367889571 0.0 0.3244986927052185 0.0 0.4111828322854202 0.0 0.005458539198500034
0 0.757812 0.785807 0.103516 0.058594 0.0 0.0 0.16862083168296374 0.0 0.17108502272562015 0.0 0.22731724979612905 0.0 0.23232520827151978 0.0 0.41516297922917966 0.0 0.47557742413084664
0 0.311035 0.249349 0.071289 0.100260 0.05129046444195645 0.0 0.15026168354742997 0.0 0.08694631855767707 0.0 0.26287560381445996 0.0 0.19128882994004262 0.0 0.46328726126408243 0.0 0.4940517197978971
0 0.760254 0.493490 0.096680 0.205729 0.0 0.0 0.17301158583525555 0.0 0.1416118941001584 0.0 0.22112250038420111 0.0 0.34272631802177106 0.0 0.5115671293164543 0.0 0.42997786697598883
0 0.953613 0.936849 0.092773 0.118490 0.0 0.0 0.20977445554849847 0.0 0.27012104452054786 0.0 0.34769066816163213 0.0 0.3440132931748261 0.0 0.7129916135220498 0.0 0.7102902370229872
0 0.976074 0.353516 0.047852 0.108073 0.0 0.0 0.0 0.0 0.23906031754622903 0.0 0.0 0.0 0.1981681329779189 0.0 0.0 0.0 0.7103455183133742
0 0.758789 0.541016 0.089844 0.118490 0.0 0.0 0.21706219067365767 0.0 0.23319928959189015 0.0 0.22686607355067498 0.0 0.3421933101304574 0.0 0.47024189505781666 0.0 0.43676328046144275
0 0.603027 0.880859 0.098633 0.100260 0.0 0.0 0.06005511002616769 0.16136080036905973 0.017279297118238644 0.0 0.3890933909798611 0.3080487849205531 0.1184637125745871 0.0 0.4571103725734013 0.03580931198473536 0.5896033746825484
0 0.385742 0.156250 0.054688 0.096354 0.0 0.0 0.0 0.2841570816721241 0.0 0.0 0.0 0.18028169946313685 0.0 0.0 0.0 0.45690284454751817 0.0
0 0.936035 0.069661 0.127930 0.113281 0.08709807385867313 0.16152363289449445 0.09351821344240797 0.0 0.15856064901350544 0.2566408514356546 0.2953433604690464 0.0 0.24862245360946097 0.7179791403452669 0.7819741715184645 0.0 0.7001501381811863
0 0.437988 0.926432 0.075195 0.115885 0.0 0.06993093367121286 0.10809820325998931 0.048529850329807125 0.08508811973149215 0.3133317617871225 0.26463285040047385 0.27593316350740654 0.31486237302365 0.016114806102822187 0.10056108206633542 0.02627241787017972 0.051886327576996474
0 0.307129 0.360026 0.084961 0.139323 0.0 0.0 0.15396944786025296 0.0 0.18157329085503499 0.0 0.2107027520063292 0.0 0.19851880267250038 0.0 0.45916134082873505 0.0 0.45671638797479186
0 0.055176 0.097005 0.102539 0.160156 0.0 0.0 0.11109443148431118 0.0 0.14237634215162037 0.0 0.37100894687771485 0.0 0.3571036228651108 0.0 0.012122319661657204 0.0 0.011860096052599071
0 0.061035 0.487630 0.065430 0.100260 0.20499986215323912 0.0 0.0 0.0 0.0 0.0 0.0 0.0 0.0 0.0 0.0 0.0 0.0
0 0.487305 0.965495 0.078125 0.069010 0.0 0.2425946656626547 0.0 0.17845566811581606 0.0 0.2701269329686671 0.0 0.272219106158545 0.0 0.04182778882696259 0.0 0.046428434760326494 0.0
0 0.632324 0.331380 0.075195 0.087240 0.0 0.15941093040463034 0.15594669239534303 0.0 0.0 0.2730699398248687 0.2808843752660227 0.0 0.0 0.4386748708006125 0.47284956167600223 0.0 0.0
0 0.501465 0.101562 0.071289 0.156250 0.0 0.25426876225738737 0.0 0.21403858737877685 0.0 0.2000246508978712 0.0 0.20722039388659677 0.0 0.4575594331638085 0.0 0.439026114541853 0.0
0 0.634766 0.133464 0.089844 0.123698 0.03269302145913241 0.030018011679253977 0.06708824487436345 0.056523448925611286 0.03518036879195572 0.2904616881616365 0.348791489992702 0.3743841308479498 0.2811478122992001 0.4499370938320559 0.45554389552721025 0.46055229051204694 0.4750182593107948
0 0.636230 0.034505 0.098633 0.066406 0.0 0.02712547554113459 0.11611467922131413 0.023773130896999197 0.15355588548081536 0.3768060811045226 0.3231708870577654 0.29751435461868764 0.3176732988235117 0.49224806668353377 0.39977042997936696 0.45803528991190645 0.47122158482415716
0 0.771484 0.179688 0.074219 0.143229 0.3628422451783762 0.0 0.0 0.0 0.0 0.0 0.0 0.0 0.0 0.0 0.0 0.0 0.0
0 0.984375 0.431641 0.031250 0.066406 0.0 0.0 0.0 0.0 0.3713311717342601 0.0 0.0 0.0 0.24872969048098914 0.0 0.0 0.0 0.7238222831158898
0 0.368164 0.036458 0.117188 0.070312 0.0 0.14785343665317735 0.19664083465388785 0.0 0.010711716480122306 0.2638295808892164 0.2901784694995698 0.0 0.2725530848935254 0.9964170497962838 0.008489911224558 0.0 0.003052187662913752
