0 0.280762 0.434896 0.079102 0.177083 0.0 0.052965737705132916 0.0 0.0992712771128529 0.0 0.3177866471672709 0.0 0.2983540234795852 0.0 0.31603456499889226 0.0 0.3452872323347644 0.0
0 0.050293 0.372396 0.098633 0.223958 0.0 0.12347800544507075 0.02151482547064082 0.1418770691382935 0.012859839369247698 0.23457349822403695 0.23901260480578015 0.2703021476013356 0.2928962422343962 0.32852583232091226 0.3879733462560101 0.3475460724734908 0.3219314080595205
0 0.200195 0.414062 0.076172 0.187500 0.0 0.18355185205562527 0.0 0.19508341096268972 0.0 0.3213395674147087 0.0 0.3267429952784718 0.0 0.3094552808030492 0.0 0.32638404696436374 0.0
0 0.624023 0.411458 0.091797 0.174479 0.0 0.21666870686449402 0.0 0.24701068548919247 0.0 0.20723212128468488 0.0 0.18595235109794553 0.0 0.7087823749312938 0.0 0.7259002827436323 0.0
0 0.358887 0.457682 0.086914 0.157552 0.0 0.0804840544101732 0.0 0.06985336186980076 0.0 0.17748946017150113 0.0 0.2512331638072594 0.0 0.41177720639414855 0.0 0.4479606091041559 0.0
0 0.299316 0.252604 0.118164 0.106771 0.0 0.17600023123847286 0.0 0.105498834187397 0.020174632625434327 0.36044831307664144 0.0 0.3296415270177623 0.41107069643369787 0.3076307096027664 0.0 0.2588043636469428 0.3029577681896114
0 0.746094 0.171224 0.082031 0.084635 0.0 0.0 0.10686140576885576 0.0 0.1373624303129192 0.0 0.398329286499428 0.0 0.38523031084657094 0.0 0.6378500747371839 0.0 0.5652790978823725
0 0.969727 0.561849 0.060547 0.178385 0.0 0.2054236453367341 0.0 0.148423664799094 0.0 0.3702763516532893 0.0 0.36588187392073107 0.0 0.6619915484817368 0.0 0.6714091094362616 0.0
0 0.977051 0.198568 0.045898 0.274740 0.0 0.031650578731203534 0.08543118407252602 0.014766363493255176 0.20474375632778583 0.2226213068455475 0.4066809834441474 0.42650160948849575 0.4445875104827145 0.6057368962216594 0.5544615400844825 0.5719869786027864 0.4949691092603574
0 0.554688 0.229818 0.101562 0.110677 0.0 0.10977964276662593 0.026931471170547377 0.08558166115565292 0.01963259570569048 0.17549816804536775 0.20780258148231978 0.1255962361988186 0.1943662488138127 0.40911798607729016 0.4313559964566328 0.4878341151138291 0.4232753264524648
0 0.100098 0.831380 0.112305 0.199219 0.0 0.06536393320059564 0.0591884288691969 0.03335449152410152 0.13874795812334773 0.3365409561203263 0.2849556617822951 0.30596085427965325 0.3085426863605711 0.569378817664364 0.6909735578737464 0.6930205531512095 0.6733457956565387
0 0.460938 0.313151 0.097656 0.311198 0.002844245576003501 0.0 0.212266295230934 0.0 0.20732306972383302 0.0 0.16551325362004082 0.0 0.16439140311079595 0.0 0.42364966477083627 0.0 0.42934083799939915
0 0.897461 0.136068 0.080078 0.118490 0.0 0.01871977852912099 0.162919455327518 0.011060187158433519 0.16403385964837897 0.3142247385583339 0.4079235563101262 0.29787759399351066 0.35604163482784695 0.694272084973088 0.5516420215565301 0.6554015745334564 0.6237619290226368
0 0.036621 0.048828 0.071289 0.095052 0.0 0.0 0.0 0.3943060249186318 0.0 0.0 0.0 0.20824318182461027 0.0 0.0 0.0 0.24145158504160869 0.0
0 0.381836 0.884766 0.091797 0.201823 0.0 0.0 0.1634028759945279 0.05234177528275807 0.1389855971523275 0.0 0.3192032162656797 0.31875325462158377 0.32167994168317854 0.0 0.6636187373329664 0.6617104684878162 0.6616298444280744
0 0.282715 0.783854 0.161133 0.117188 0.0 0.1956508870334514 0.0 0.13462725738678358 0.06144459972131684 0.32196140375487353 0.0 0.3207859618032844 0.3167105348824686 0.5101897593773049 0.0 0.5117004656756503 0.5082600715631799
0 0.493164 0.078125 0.078125 0.104167 0.0 0.2083877078381652 0.0 0.21522168593689167 0.0 0.17758060140980902 0.0 0.34475626490578787 0.0 0.4760077186870383 0.0 0.4075652007509038 0.0
0 0.232422 0.303385 0.060547 0.059896 0.0 0.23487502517219894 0.0 0.0 0.0 0.16335025682355708 0.0 0.0 0.0 0.3036549323778928 0.0 0.0 0.0
0 0.721680 0.353516 0.128906 0.160156 0.0 0.13838359749620974 0.0 0.14415324436488186 0.0 0.2006149923163876 0.0 0.2067552179930651 0.0 0.8791551364125689 0.0 0.8734196570749526 0.0
0 0.385742 0.301432 0.054688 0.136719 0.0 0.1813314114239096 0.0 0.15123903511703313 0.0 0.32290835602267737 0.0 0.2824964684681053 0.0 0.31936133182929105 0.0 0.29491238636718753 0.0
0 0.205078 0.098307 0.097656 0.194010 0.0 0.0 0.11342255304262135 0.06969373973175902 0.06846707003931425 0.0 0.3651524654617106 0.43032559380793933 0.35763189189887873 0.0 0.31700741024430595 0.31207095992712147 0.3147651735823429
0 0.381836 0.054036 0.152344 0.105469 0.0 0.189606294216456 0.0 0.15100778885270022 0.020221625918521134 0.1494431411311934 0.0 0.13975721891413886 0.20545519372877613 0.47598007390037905 0.0 0.27526458830973805 0.3397694336598887
0 0.323242 0.138672 0.142578 0.128906 0.0 0.14742480604693087 0.06142303169367399 0.0 0.21868795831279686 0.22105574963441046 0.21585961449240582 0.0 0.214304057858111 0.21047295024145013 0.3379273708494048 0.0 0.2782241168687193
0 0.548828 0.317708 0.076172 0.075521 0.2936540719230787 0.0 0.0 0.0 0.0 0.0 0.0 0.0 0.0 0.0 0.0 0.0 0.0
0 0.857910 0.294922 0.166992 0.160156 0.0 0.13449734922650794 0.0489612409485114 0.12973232071339663 0.020529095771735985 0.3132417416781925 0.3676709251982445 0.2952512524101871 0.41760197068401966 0.7922039444206571 0.4796678384796616 0.8225041257435787 0.43874008898922595
0 0.116699 0.063151 0.083008 0.123698 0.0 0.07968768704633754 0.0 0.23620547671673003 0.0 0.21952847538914816 0.0 0.12515077848525577 0.0 0.2672513142485681 0.0 0.26771707749489276 0.0
0 0.488770 0.505208 0.170898 0.088542 0.0 0.0 0.0 0.17979556020184084 0.0 0.0 0.0 0.2134876865227667 0.0 0.0 0.0 0.4911463006622752 0.0
0 0.133301 0.407552 0.073242 0.179688 0.0 0.12540370440799184 0.03180374565525254 0.20392588710005793 0.018920914292425095 0.24434312571146433 0.2607732826812048 0.2698748340240393 0.2506708943053247 0.27225617330839025 0.33086628333994983 0.3411179187391463 0.26402749278785725
0 0.780762 0.056641 0.155273 0.110677 0.0 0.04681756858631602 0.0 0.25897822324120623 0.0 0.12122014415174838 0.0 0.12920529685345727 0.0 0.5467044060261377 0.0 0.540550198146904 0.0
0 0.894043 0.035156 0.088867 0.067708 0.0 0.0 0.22660419044921795 0.0 0.10739879268695135 0.0 0.32178411552141883 0.0 0.31515157043851666 0.0 0.69117680514118 0.0 0.7280815137730362
0 0.574219 0.093099 0.087891 0.115885 0.0 0.13897089274701863 0.10087324184601701 0.18196167599032184 0.0 0.3074070406577905 0.39160603103084696 0.30522918926898973 0.0 0.423212016108778 0.4550001696124757 0.4131302871046488 0.0
0 0.539062 0.014974 0.164062 0.027344 0.0 0.0 0.03404280007857354 0.31668841994243974 0.0 0.0 0.30777224746816684 0.3222277051376029 0.0 0.0 0.42824312825602534 0.5722331694950487 0.0
0 0.031738 0.166667 0.061523 0.140625 0.0 0.018428104238753365 0.12385047488440393 0.048725584374977 0.10969100925214799 0.16044813892447893 0.10935590853952032 0.12002157375174301 0.09702914411297221 0.19070386640041959 0.20716136910550695 0.13986648507997188 0.1516975945699013
0 0.082031 0.182292 0.050781 0.104167 0.0 0.14200843907421987 0.0 0.27698307578446024 0.0 0.33591868799821206 0.0 0.22726991223212403 0.0 0.2585496532459718 0.0 0.3283543585814041 0.0
0 0.127930 0.196615 0.050781 0.104167 0.0 0.07981245411680687 0.0 0.21555399353574425 0.0 0.324734806913195 0.0 0.23255188944020166 0.0 0.28317561630835775 0.0 0.32390547692002086 0.0
0 0.273926 0.923177 0.098633 0.109375 0.0 0.052543612565832905 0.10000187949991696 0.041764621731112256 0.00988492834924802 0.21545676648150142 0.2575047982117779 0.3031582791655382 0.29436791799692 0.2943966109579405 0.5776630604453136 0.09352601034498327 0.06975338658555345
