0 0.585286 0.112630 0.131510 0.110677 0.0 0.11417861756641026 0.05062436823416948 0.11253740484586686 0.0 0.3668569924774472 0.3471540643044175 0.3587678301137869 0.0 0.3517772578481899 0.36213045922368176 0.34215839856697194 0.0
0 0.470703 0.087891 0.115885 0.115885 0.0 0.19492378018208661 0.0 0.1676936922201514 0.0 0.29097878073586286 0.0 0.2891121431653905 0.0 0.3412489006975692 0.0 0.352999806054552 0.0
0 0.470703 0.551432 0.141927 0.115885 0.0 0.0 0.14949699884111825 0.0 0.18840493845552894 0.0 0.29446223815390477 0.0 0.29621909220995074 0.0 0.3449084882273269 0.0 0.34606292174312014
0 0.908854 0.042969 0.114583 0.083333 0.0 0.14781382432529896 0.0 0.2701099613515611 0.0 0.30711421470529243 0.0 0.29558112372627926 0.0 0.34555950897375504 0.0 0.3350827726587563 0.0
0 0.420573 0.774089 0.132812 0.136719 0.0 0.0 0.17394120636090238 0.0 0.200978721953732 0.0 0.22011724110466116 0.0 0.270247548342438 0.0 0.33234723062185684 0.0 0.3480272841484157
0 0.516927 0.378906 0.132812 0.083333 0.0 0.0 0.1532127053218743 0.0 0.23042653784889155 0.0 0.28729616330033275 0.0 0.2703706078040193 0.0 0.3450936242993293 0.0 0.355360630587286
0 0.486328 0.453776 0.147135 0.097656 0.0776171991974415 0.08796404514444742 0.0 0.05316256856654676 0.008197456410865486 0.15704932486410653 0.0 0.25925328404299486 0.2670298664571923 0.3376230074189312 0.0 0.3593201622467288 0.36059619825907324
0 0.132161 0.482422 0.108073 0.108073 0.0 0.0 0.23142366763386724 0.0 0.21943410101541028 0.0 0.21365173463433468 0.0 0.20224086542604336 0.0 0.3341935341031305 0.0 0.34992607673767934
0 0.444661 0.652995 0.128906 0.108073 0.0 0.0 0.21736969591752076 0.0 0.2268653838659164 0.0 0.2969555196956095 0.0 0.2985835375469848 0.0 0.34937259551873456 0.0 0.34692610587222816
0 0.199219 0.235026 0.117188 0.061198 0.0 0.0 0.1655747227797177 0.0 0.21243809929179525 0.0 0.2684569545144109 0.0 0.2637985798609054 0.0 0.34862379808547656 0.0 0.3341522860864703
0 0.597005 0.927083 0.147135 0.130208 0.0 0.0 0.1840142670364453 0.0 0.2813679621228586 0.0 0.24225373454808746 0.0 0.25169081238048097 0.0 0.34931103843884004 0.0 0.3608232641034808
0 0.216797 0.141927 0.128906 0.127604 0.0 0.0 0.14529293309010627 0.0 0.12194677084375828 0.0 0.2846930688637993 0.0 0.41302612014300744 0.0 0.34075890166082434 0.0 0.342682281667927
0 0.524740 0.306641 0.132812 0.069010 0.0 0.0 0.10485778271188971 0.0 0.14246783268137472 0.0 0.3050204327544788 0.0 0.28935890177199625 0.0 0.32999319543654526 0.0 0.3670048888663053
0 0.163411 0.383464 0.121094 0.102865 0.0 0.0 0.21384970411380128 0.0 0.21904200179857541 0.0 0.2529993522643736 0.0 0.2554404420946443 0.0 0.3383168054685812 0.0 0.34528989611105615
0 0.085938 0.729818 0.151042 0.082031 0.042158844607100385 0.0 0.060320220780755524 0.0 0.14376410630375333 0.0 0.2875358608790811 0.0 0.2654398843463601 0.0 0.3079246075825141 0.0 0.3380072448540255
0 0.042318 0.108073 0.082031 0.083333 0.0 0.0 0.29045356467741784 0.0 0.07710230877749853 0.0 0.2190506841593689 0.0 0.37871756605416096 0.0 0.301286953856105 0.0 0.36850935186748696
0 0.060547 0.035156 0.118490 0.067708 0.0 0.0 0.3379107419419692 0.0 0.17419482500205546 0.0 0.2610083279455532 0.0 0.07525852771420927 0.0 0.33502898007510945 0.0 0.6654594556047098
0 0.546875 0.222656 0.151042 0.117188 0.0 0.0 0.14691670276445307 0.0 0.18749293183133514 0.0 0.31898502263180495 0.0 0.31156590677883433 0.0 0.3417559290385428 0.0 0.3534921943943336
0 0.122396 0.824870 0.234375 0.100260 0.0 0.24603700394867445 0.0 0.1906638520131368 0.0 0.3371041156515776 0.0 0.34438591322687523 0.0 0.3411086541466116 0.0 0.34664750375091014 0.0
0 0.796875 0.027344 0.127604 0.052083 0.0 0.0 0.0 0.39382492472873776 0.0 0.0 0.0 0.3042987676070949 0.0 0.0 0.0 0.32206299544591466 0.0
0 0.656250 0.680990 0.143229 0.164062 0.0 0.0 0.17249436555657108 0.0 0.29795236263918995 0.0 0.24461699483752095 0.0 0.253819687708615 0.0 0.34329546316383747 0.0 0.3474863331661507
0 0.095052 0.643880 0.119792 0.095052 0.0 0.0 0.14267933634437874 0.0 0.2533025366929736 0.0 0.28673489401437535 0.0 0.29225019456349544 0.0 0.34985827888696563 0.0 0.3911245635553437
0 0.977865 0.048177 0.044271 0.093750 0.0 0.20336307910107673 0.0 0.1929593475523554 0.0 0.34394047630319546 0.0 0.37568882405023835 0.0 0.3193176945095936 0.0 0.3003632567798118 0.0
0 0.712240 0.448568 0.179688 0.311198 0.11615457744266905 0.0 0.12744048955885776 0.0 0.12352341072824442 0.0 0.24718595342507532 0.0 0.24632267103087221 0.0 0.34709205227311046 0.0 0.34553168480767465
0 0.364583 0.066406 0.101562 0.104167 0.0 0.3205822836973147 0.0 0.23845660674155436 0.0 0.32737952295569095 0.0 0.34468978467673184 0.0 0.35354695986214024 0.0 0.3452987677653621 0.0
0 0.251953 0.044271 0.136719 0.085938 0.0 0.17840333848316986 0.0 0.11159514116721342 0.10405760667440493 0.3298887553104434 0.0 0.3456805654961017 0.31762262688640613 0.3391710812610605 0.0 0.35096266418910005 0.34604379721344414
0 0.839193 0.944010 0.162760 0.075521 0.0 0.0 0.0 0.41386315107957183 0.0 0.0 0.0 0.2405784372621403 0.0 0.0 0.0 0.34556742187271666 0.0
0 0.813151 0.263021 0.204427 0.114583 0.0 0.2376675047743929 0.0 0.16524292533800536 0.0 0.24144872986252297 0.0 0.2793975708915465 0.0 0.3515346343506729 0.0 0.35572717648112884 0.0
0 0.187500 0.296875 0.117188 0.062500 0.0 0.0 0.2703100176328605 0.0 0.2824656906321014 0.0 0.2742534214836061 0.0 0.2712443279749781 0.0 0.339923303906864 0.0 0.3599535533491658
0 0.115885 0.566406 0.119792 0.067708 0.0 0.0 0.0941810868283451 0.0 0.044019343736274606 0.0 0.18514391937013452 0.0 0.20770350868706366 0.0 0.3795806344293055 0.0 0.2843275739110428
0 0.103516 0.912760 0.204427 0.098958 0.0 0.13995686820682857 0.0 0.26189491495954387 0.0 0.34541580389757076 0.0 0.3348017309035166 0.0 0.3430322630898595 0.0 0.34224066440097545 0.0
0 0.370443 0.918620 0.162760 0.162760 0.0 0.0 0.19865522763402232 0.0 0.1811211213187306 0.0 0.16404914214503977 0.0 0.1675811725158582 0.0 0.3447276305099289 0.0 0.35478036807179825
0 0.326172 0.184245 0.113281 0.115885 0.0 0.12367723071620454 0.0 0.1867782899104983 0.0 0.3128122367123472 0.0 0.3074949908198304 0.0 0.3445478061756946 0.0 0.338646922423678 0.0
0 0.833984 0.175781 0.204427 0.114583 0.0 0.3238833188649098 0.07402060192750635 0.0 0.0 0.16491334344813166 0.21658720119748892 0.0 0.0 0.339680765155125 0.3248332531370686 0.0 0.0
0 0.623698 0.813802 0.132812 0.106771 0.0 0.0 0.24036021405538546 0.0 0.37741238881575473 0.0 0.24712621133516097 0.0 0.2540591472130433 0.0 0.3444572214234136 0.0 0.34861316259722125
0 0.861328 0.880208 0.162760 0.075521 0.0 0.0 0.0 0.38474495433287254 0.0 0.0 0.0 0.23808372001235406 0.0 0.0 0.0 0.3444144100498275 0.0
0 0.878255 0.811198 0.162760 0.075521 0.0 0.0 0.0 0.387455044246846 0.0 0.0 0.0 0.23474625814142205 0.0 0.0 0.0 0.34635683995878835 0.0
0 0.905599 0.705729 0.162760 0.075521 0.0 0.18838154784603853 0.06443623674988751 0.12707319426673125 0.0629429839212517 0.3129441034286548 0.271654628788484 0.3137647212011455 0.29347111370614826 0.33394097774060943 0.3460768869485959 0.3328669127840499 0.3306163730441455
0 0.918620 0.639323 0.162760 0.075521 0.0 0.0 0.0 0.4316440244847917 0.0 0.0 0.0 0.19505684077054938 0.0 0.0 0.0 0.34013081896635844 0.0
0 0.932943 0.558594 0.134115 0.080729 0.0 0.0 0.0 0.3923238327582688 0.0 0.0 0.0 0.19530854378970916 0.0 0.0 0.0 0.33898038743715614 0.0
0 0.940755 0.493490 0.118490 0.075521 0.0 0.0 0.0 0.40236642587303095 0.0 0.0 0.0 0.19949626948422505 0.0 0.0 0.0 0.33871879119194453 0.0
0 0.951172 0.417969 0.097656 0.072917 0.0 0.0 0.0 0.4600799671550985 0.0 0.0 0.0 0.19838308063892762 0.0 0.0 0.0 0.34071176450076324 0.0
0 0.958984 0.348958 0.082031 0.065104 0.0 0.0 0.0 0.4240097249638147 0.0 0.0 0.0 0.1975536826681794 0.0 0.0 0.0 0.3415475519822009 0.0
0 0.966146 0.274740 0.067708 0.070312 0.0 0.0 0.0 0.41235877773039126 0.0 0.0 0.0 0.1980766644353519 0.0 0.0 0.0 0.340400535547583 0.0
0 0.974609 0.202474 0.050781 0.074219 0.0 0.0 0.0 0.36666077359736315 0.0 0.0 0.0 0.20141585516640909 0.0 0.0 0.0 0.347880427489646 0.0
