0 0.495443 0.340820 0.126302 0.091797 0.0 0.014539712878673007 0.07215534671774777 0.011819868219218117 0.0661225652951402 0.22451425002795336 0.36520667044887084 0.2820123542713865 0.3731485039251838 0.15831700663098852 0.1832637324827374 0.17768736746207436 0.17546290898615127
0 0.301432 0.152832 0.154948 0.122070 0.0077439990125722094 0.10893362471044199 0.03533416519921748 0.033591913129126384 0.10341746895714371 0.2967722981732847 0.20335949220136898 0.2645054293506547 0.29202506079910495 0.3332034690922296 0.3118537877390502 0.3330114444664368 0.3003341062090559
0 0.248698 0.275879 0.164062 0.129883 0.0 0.022728062513559175 0.15265840198311534 0.0 0.113825515515866 0.4653721549666053 0.2767516233171934 0.0 0.3755627226377264 0.3398915144365153 0.31450864086734454 0.0 0.3113338383253102
0 0.735026 0.298340 0.207031 0.168945 0.0 0.009850720388590615 0.07999373508750326 0.012026032296025863 0.06633893318684823 0.3218179582810006 0.32112363274561256 0.3176340465605134 0.3405084467949303 0.1967438785744526 0.18587314254824003 0.17073469023294605 0.19329595181717457
0 0.531250 0.786133 0.132812 0.070312 0.0 0.09230331983549772 0.033078907928981355 0.11787975846587607 0.025416204192131076 0.2014325690307517 0.18741395154266954 0.18597435620057184 0.18704808449527396 0.2940599585228496 0.29949698894761684 0.29552217047808826 0.2462477514684063
0 0.223307 0.708496 0.178385 0.153320 0.0 0.10537960672052514 0.10101771126356632 0.06647048125125284 0.05351476152757823 0.31706601711820215 0.3787199905768345 0.3435281532292551 0.1827726948131386 0.18381729022425877 0.1943530942774407 0.18685552129316457 0.20110976331945982
0 0.414062 0.413574 0.226562 0.131836 0.01560643965156434 0.0 0.1531038364078236 0.0036443002307248555 0.09209592944330078 0.0 0.29078025105464755 0.1656818861216701 0.20491778655903617 0.0 0.18797891824521767 0.15454258844056912 0.2060377697258066
0 0.404948 0.742676 0.135417 0.069336 0.0 0.0 0.08074323657938616 0.0 0.17373674605023148 0.0 0.17052513796882493 0.0 0.317103745300597 0.0 0.2429585043820301 0.0 0.1959069805556889
0 0.141927 0.129395 0.138021 0.137695 0.0 0.030039505987860572 0.12768138955932776 0.035174305131251485 0.02115502870104446 0.1723317285801795 0.21456790257560926 0.13119304592942146 0.18055839489566303 0.3316397842554408 0.29776912574903547 0.30182690157482167 0.2192973428233513
0 0.159505 0.530762 0.139323 0.094727 0.016342134276483455 0.05650156347185019 0.0 0.16625964255816722 0.07622669042869051 0.10106206663984538 0.0 0.13804116777889405 0.12389814790209121 0.19153851902201757 0.0 0.07574573162576302 0.31365762046293005
0 0.358724 0.556152 0.144531 0.143555 0.0 0.006200475179254504 0.14194926070513053 0.033344539275010236 0.11441113834374463 0.3966446142359188 0.4286464503279957 0.39964544750500935 0.33270546526927847 0.21240132833679912 0.19367352893301523 0.4564153208227607 0.24004797930426375
0 0.190104 0.433594 0.138021 0.101562 0.0 0.0 0.09355113564672743 0.0 0.15353778397439302 0.0 0.362018486672867 0.0 0.37134266205612665 0.0 0.30931282455857173 0.0 0.3123462241422876
0 0.299479 0.883301 0.132812 0.067383 0.0 0.0 0.14843504591213566 0.0 0.17011557530813864 0.0 0.22978506653015252 0.0 0.2584465845526491 0.0 0.2595017917342318 0.0 0.19384579200989957
0 0.336589 0.842285 0.154948 0.065430 0.06999520715494781 0.0 0.052364044206354945 0.0 0.1391377213133964 0.0 0.2675864368071287 0.0 0.20618341376526142 0.0 0.18204940368767403 0.0 0.18929019685174353
0 0.553385 0.220703 0.174479 0.144531 0.005909959149535172 0.13944964876741003 0.02779392026053818 0.14685361908576994 0.0 0.2945836753169115 0.2873240471296961 0.21387262356930026 0.0 0.2511854928509755 0.20395661648636731 0.2636055664037883 0.0
0 0.669922 0.038574 0.191406 0.075195 0.0 0.1550428800717191 0.019664490266405196 0.2747073065404283 0.027016619085862517 0.3029448307242061 0.23913697820192228 0.3151834387548774 0.23999356272327949 0.2734283923116155 0.26783097463115785 0.28030018322082556 0.23957497099308814
0 0.524089 0.028809 0.089844 0.055664 0.0 0.14639057991339446 0.0 0.3994235664096604 0.0 0.18263958357222596 0.0 0.21810326955531004 0.0 0.29648809077278915 0.0 0.27637593597869015 0.0
0 0.061849 0.095703 0.110677 0.150391 0.0 0.02453425637988528 0.094376332456338 0.00857517640821519 0.09892989613497251 0.24576194364015494 0.2536115135275309 0.26211591463984746 0.25319467916463145 0.2876977132019735 0.2872726009623433 0.2964751336492864 0.29363772887769657
0 0.288411 0.960938 0.196615 0.078125 0.021841367531612373 0.0 0.16497590921683827 0.0 0.12941713631196672 0.0 0.313040244395963 0.0 0.287099502014719 0.0 0.1968316220537712 0.0 0.1977380111298524
0 0.797526 0.075684 0.123698 0.112305 0.0 0.30119999028873456 0.0 0.1334517849670775 0.0 0.2732445273377614 0.0 0.23022722954513644 0.0 0.24126843287356067 0.0 0.29409929029199305 0.0
0 0.243490 0.578613 0.093750 0.063477 0.0 0.0 0.0 0.21632249333993625 0.0 0.0 0.0 0.16756308883076093 0.0 0.0 0.0 0.1842484471787884 0.0
0 0.093750 0.655273 0.161458 0.140625 0.0 0.06516518565763817 0.046841711464387724 0.05598535387057987 0.07668489894963167 0.3391944497389169 0.34391959815911743 0.31861202118613025 0.3372611618789327 0.2383738815656803 0.30498851795855003 0.22795271174738102 0.3087606783919941
0 0.207031 0.360840 0.127604 0.051758 0.0 0.0 0.17872043364011847 0.0 0.19580675038913242 0.0 0.303414848629596 0.0 0.28431344361752126 0.0 0.31546767877439946 0.0 0.317334363733324
0 0.382812 0.794922 0.153646 0.056641 0.0 0.0 0.10924697708040189 0.0 0.16333084343764329 0.0 0.23721074200620557 0.0 0.2361055091281113 0.0 0.21703340199513263 0.0 0.20571255191014062
0 0.457031 0.183594 0.085938 0.097656 0.0 0.1776094288821884 0.0 0.10698090060900192 0.0 0.21050660228488904 0.0 0.23849459563189232 0.0 0.3104264578120341 0.0 0.09329658571702769 0.0
0 0.389974 0.013184 0.188802 0.024414 0.0 0.0 0.0 0.24235734307250437 0.0 0.0 0.0 0.44196635408805474 0.0 0.0 0.0 0.2777074434118886 0.0
0 0.401693 0.167969 0.110677 0.119141 0.09516108992846764 0.07543784577437489 0.0 0.019572340549390766 0.0 0.18920357480872924 0.0 0.18539558407947376 0.0 0.31046884290178733 0.0 0.3123065255624959 0.0
0 0.919922 0.104980 0.160156 0.155273 0.0 0.07817942751642538 0.0 0.09593256764351604 0.0 0.2861607083264735 0.0 0.3222936685740227 0.0 0.20742043463329335 0.0 0.13284270415264884 0.0
0 0.082682 0.252441 0.134115 0.086914 0.006433896322038064 0.0549675585917509 0.13655342681236293 0.006442130344721836 0.0 0.32740002038363314 0.38213426736729816 0.4583439785033767 0.0 0.3192325785185754 0.2810622822871026 0.3048897749247607 0.0
0 0.052083 0.329102 0.101562 0.054688 0.0 0.0 0.14405045640159314 0.0 0.15063483570792768 0.0 0.20142853859033033 0.0 0.2056257367970247 0.0 0.29180963000951515 0.0 0.2598220694248896
0 0.048828 0.391602 0.095052 0.070312 0.0 0.0 0.13842607181315075 0.0 0.15610804393122113 0.0 0.52276797408844 0.0 0.39554012179747544 0.0 0.31051133303043155 0.0 0.25582413203070886
0 0.031250 0.468750 0.059896 0.083984 0.0 0.0 0.2026586870548681 0.07171740537267082 0.11979737948759484 0.0 0.2764812683211863 0.2916029035815532 0.28038066228044395 0.0 0.32015963927924407 0.19615012769852644 0.23722719652256122
0 0.091146 0.873047 0.179688 0.154297 0.0 0.10611861356222585 0.097663620269761 0.10004207162559216 0.07775117433382027 0.1401031964510353 0.2036488103189769 0.1336184279599425 0.19376939476205082 0.18853285282723564 0.20348849179757608 0.26108572272071784 0.20920793916339006
