0 0.321777 0.723958 0.088867 0.143229 0.0 0.19756249707858897 0.0 0.20617090467601593 0.0 0.30024363929334197 0.0 0.3368666556363448 0.0 0.5550010368109523 0.0 0.5295327235607197 0.0
0 0.213379 0.524089 0.096680 0.152344 0.0 0.22272109646594096 0.0 0.1637464377670717 0.0 0.26576220953378027 0.0 0.3626868622352536 0.0 0.543454146673101 0.0 0.5382267954642379 0.0
0 0.105469 0.520833 0.119141 0.171875 0.0 0.22557154619547126 0.0 0.11960216805941848 0.0 0.23063186041436134 0.0 0.22130997402601899 0.0 0.49382030033947993 0.0 0.5382293425420044 0.0
0 0.235840 0.728516 0.083008 0.134115 0.0 0.21804478203299718 0.0 0.17713018106812892 0.0 0.2938883992654432 0.0 0.37644322143647646 0.0 0.5391231237203958 0.0 0.527359509148803 0.0
0 0.881836 0.829427 0.109375 0.125000 0.0 0.0 0.1067196236899722 0.0 0.2423115823668839 0.0 0.2683184632610266 0.0 0.31813727438904 0.0 0.5956576721354082 0.0 0.6151121489065894
0 0.406738 0.719401 0.086914 0.136719 0.0 0.21744446191272856 0.0 0.1878849911491986 0.0 0.30230097286318725 0.0 0.3862429888108318 0.0 0.5495657240514376 0.0 0.5430953543046232 0.0
0 0.487793 0.716797 0.075195 0.147135 0.0 0.20252091840447894 0.0 0.20287014946180043 0.0 0.2468749640733145 0.0 0.2637848114603938 0.0 0.542128558737183 0.0 0.5562324642632348 0.0
0 0.154785 0.739583 0.084961 0.158854 0.0 0.09758990297717608 0.06991725119846096 0.062401165176305784 0.16264335362130355 0.4278249828725759 0.31775725996820187 0.19488756278468433 0.5138924199217869 0.5279580762443249 0.5286821746499899 0.637600887300551 0.5013870328316397
0 0.861328 0.351562 0.138672 0.109375 0.0 0.0 0.1351280251087734 0.005129792818175475 0.2557033279136827 0.0 0.3133946383262025 0.25727540476957605 0.2667410253474756 0.0 0.5871450555278541 0.3105169401089619 0.6279129064898126
0 0.024902 0.533203 0.047852 0.144531 0.0 0.2152403018948841 0.0 0.19367877981827628 0.0 0.174668741817501 0.0 0.1882026228436158 0.0 0.5430609554498805 0.0 0.5570956483923434 0.0
0 0.166016 0.865885 0.105469 0.093750 0.0 0.0 0.1608116367126705 0.0 0.2296614599788202 0.0 0.3920724642624673 0.0 0.27606840280702244 0.0 0.5723442300671003 0.0 0.511985560300468
0 0.191895 0.301432 0.079102 0.160156 0.0 0.109984238761968 0.0 0.24632479963852089 0.0 0.3545073080597571 0.0 0.19491085481953635 0.0 0.6311600745682994 0.0 0.6045157545249721 0.0
0 0.849609 0.257812 0.140625 0.083333 0.0 0.08378068731915975 0.0668818315847183 0.04134116313392409 0.1447163196604797 0.36289189058083654 0.31022147085221463 0.36534207933334784 0.24438941087642435 0.5807333950540213 0.6064844312395276 0.5856932709922325 0.5993584285880221
0 0.442383 0.514323 0.111328 0.127604 0.0 0.0 0.10614731329558091 0.07879711023726234 0.1622673277133267 0.0 0.19761170605300207 0.1811306951503906 0.22395661034484843 0.0 0.710936162955073 0.5435980562275365 0.5933105920542814
0 0.624023 0.134115 0.089844 0.145833 0.0 0.0 0.17474577849065986 0.0 0.08027842930251607 0.0 0.3571641764447163 0.0 0.3893212753714517 0.0 0.7593548617171055 0.0 0.7542883882069557
0 0.029297 0.309245 0.056641 0.134115 0.15256298401284557 0.0841702548971939 0.022914578488230624 0.12047117457480581 0.0 0.25425327410375415 0.2626463853419539 0.23369150603409702 0.0 0.4289152380248696 0.47429986459729634 0.48131318207389173 0.0
0 0.596680 0.505208 0.082031 0.104167 0.0 0.012071073919439667 0.042478083782045206 0.10432491040559926 0.15140198998550927 0.28517705341639726 0.3173967731684197 0.312461496233983 0.33549876200425227 0.7094393548259998 0.6731490900093622 0.5594765005550282 0.6962739299362132
0 0.680176 0.468750 0.079102 0.169271 0.44468580892416404 0.0 0.0 0.0 0.0 0.0 0.0 0.0 0.0 0.0 0.0 0.0 0.0
0 0.284180 0.514323 0.050781 0.132812 0.0 0.14041750166768327 0.0 0.2009221603218261 0.0 0.34329737751478884 0.0 0.3262878213346522 0.0 0.571124836711629 0.0 0.5394913670435711 0.0
0 0.868164 0.450521 0.136719 0.101562 0.015943111519801132 0.0 0.1312909160646528 0.0 0.17455187137962702 0.0 0.2991874047124145 0.0 0.27099600402901014 0.0 0.5769165104794884 0.0 0.5806878283229802
0 0.293457 0.270182 0.045898 0.136719 0.0 0.12281033405521767 0.0 0.20441815172087735 0.0 0.2895867326617716 0.0 0.15382343987495897 0.0 0.6059663905777717 0.0 0.6001033764301534 0.0
0 0.645508 0.723307 0.171875 0.204427 0.2303373043686758 0.0 0.0 0.0 0.0 0.0 0.0 0.0 0.0 0.0 0.0 0.0 0.0
0 0.024902 0.747396 0.047852 0.106771 0.0 0.09514115383990555 0.21773634787275947 0.0 0.05561388351418333 0.13888576035862074 0.11036051252014875 0.0 0.1040908074283809 0.4375382514317317 0.5343469058746262 0.0 0.580271514892532
0 0.827637 0.157552 0.131836 0.114583 0.0 0.036957563612856445 0.09620272783840554 0.04059042805154699 0.08629811126541981 0.32251020387784435 0.33151108435753995 0.3423914653588771 0.34901670448737554 0.6578192135907485 0.6692676993247847 0.6693492210681301 0.6637813959565695
0 0.298340 0.895833 0.139648 0.164062 0.0 0.1484603592393833 0.0 0.09833193284996321 0.0 0.2515448568118615 0.0 0.24445375882277448 0.0 0.6510309921386358 0.0 0.7384906740046802 0.0
0 0.577637 0.397786 0.063477 0.097656 0.0 0.0 0.1598642296556791 0.0 0.15690986455962827 0.0 0.4146871859194385 0.0 0.3848929583972144 0.0 0.7045165630179164 0.0 0.6885652647853732
0 0.892090 0.936198 0.106445 0.088542 0.0 0.0 0.19592538013254174 0.0 0.1910169934324776 0.0 0.332258617929058 0.0 0.30232811076088356 0.0 0.5692449842993378 0.0 0.5778882342181425
0 0.399414 0.283854 0.072266 0.093750 0.0 0.0 0.26190067986402527 0.015877237659719937 0.11914618380440432 0.0 0.24657786828999959 0.29946220986622063 0.25964527520664954 0.0 0.9091653281417681 0.049699184680873525 0.8026617153582395
0 0.881836 0.633464 0.134766 0.240885 0.3025291832769498 0.007323636927593904 0.00750700014976207 0.008826662039712378 0.0 0.351958624153669 0.20295341975124692 0.4721994541337816 0.0 0.604618566581556 0.6387637528471141 0.5514601930551746 0.0
0 0.351074 0.246745 0.077148 0.121094 0.0 0.22013715546327436 0.0 0.12117347085428035 0.0 0.2620234524196777 0.0 0.2674861414918879 0.0 0.40629810453295506 0.0 0.56643828470305 0.0
0 0.123047 0.309245 0.050781 0.144531 0.0 0.1524369560035463 0.0 0.21882675905092777 0.0 0.2818195804448256 0.0 0.18431104369893705 0.0 0.5346304529573339 0.0 0.530190470777792 0.0
0 0.349121 0.513672 0.075195 0.139323 0.0 0.15869632284402477 0.0 0.15971554507422395 0.0 0.2699644776468112 0.0 0.2490831559300059 0.0 0.5526316441878748 0.0 0.5360683797955239 0.0
0 0.165039 0.954427 0.105469 0.083333 0.0 0.0 0.17126135000188492 0.0 0.17608295122810064 0.0 0.26239008682462706 0.0 0.2430338411256536 0.0 0.5466128592788231 0.0 0.4974157879523311
0 0.549316 0.312500 0.071289 0.096354 0.0 0.0 0.2190763963256877 0.0 0.1476704014117506 0.0 0.35151042428077794 0.0 0.3260074669253269 0.0 0.6895837204355175 0.0 0.7042333085548446
0 0.081055 0.311849 0.042969 0.144531 0.0 0.13781150475730564 0.0 0.1727277069498863 0.0 0.2524230263525797 0.0 0.18207790890656356 0.0 0.46279940251306073 0.0 0.49748500708061993 0.0
0 0.097656 0.101562 0.074219 0.122396 0.0 0.19313097557893366 0.0 0.24407534059247113 0.0 0.3361428961456243 0.0 0.32120991901817836 0.0 0.5471134584664307 0.0 0.5516768798688184 0.0
0 0.537109 0.226562 0.082031 0.101562 0.0 0.0 0.11718272089415813 0.0 0.20135399590859512 0.0 0.17407071315038725 0.0 0.2557772415905083 0.0 0.6944950923141082 0.0 0.804611614431225
0 0.026367 0.836589 0.050781 0.084635 0.0 0.0 0.3826242109330459 0.0 0.0 0.0 0.2569931882095976 0.0 0.0 0.0 0.5251330091434006 0.0 0.0
0 0.415039 0.348307 0.082031 0.055990 0.0 0.0 0.27077309636098673 0.0 0.24329526065001333 0.0 0.26043140565169054 0.0 0.27483375782822506 0.0 0.6994978159067818 0.0 0.6932299422961108
0 0.434570 0.414714 0.103516 0.076823 0.0 0.0 0.22427031722233035 0.0 0.13817748152888457 0.0 0.2587293533399131 0.0 0.2511405797714846 0.0 0.6964580591894154 0.0 0.6679919363727743
0 0.544434 0.714844 0.038086 0.151042 0.0 0.18232224498425384 0.0 0.11599549170143521 0.0 0.17700263138649525 0.0 0.21011214720822216 0.0 0.5441870259710433 0.0 0.6263934575644492 0.0
0 0.036133 0.089193 0.070312 0.121094 0.14393184066543188 0.07217612734192351 0.0 0.11095808560163281 0.0 0.34133137489119864 0.0 0.3219620303683618 0.0 0.4172712587805252 0.0 0.43306389063336737 0.0
0 0.494141 0.143229 0.111328 0.114583 0.0 0.007781792757555571 0.12982254648785102 0.11538108502441033 0.06886438127051156 0.20061817547867591 0.2522538214281364 0.31721166421076324 0.3498333670090499 0.8000430284220714 0.9456264076582743 0.07727175520718167 0.8821884753138018
0 0.223633 0.065755 0.072266 0.128906 0.0 0.1911690596595692 0.0 0.21747874235057418 0.0 0.2912883435229444 0.0 0.2928567577245507 0.0 0.6072922820776527 0.0 0.6278595197242971 0.0
0 0.524414 0.966146 0.111328 0.067708 0.506712045055511 0.0 0.0 0.0 0.0 0.0 0.0 0.0 0.0 0.0 0.0 0.0 0.0
0 0.163086 0.085938 0.056641 0.130208 0.0 0.19831746691008353 0.0 0.18305472277255394 0.0 0.28027971133630497 0.0 0.30696327175609944 0.0 0.6052261498537239 0.0 0.6166268941792572 0.0
0 0.291016 0.052734 0.070312 0.102865 0.2426810440752015 0.029682338602389967 0.03242562604635281 0.283704125310427 0.027826162931091174 0.3046982568888471 0.448225836389923 0.29177825214231945 0.4633226769972992 0.7389912859832368 0.5883930638984493 0.5912581296730051 0.607013071530966
0 0.357910 0.049479 0.063477 0.096354 0.0 0.24383002291669492 0.0 0.2598360435272976 0.0 0.2762801869993036 0.0 0.26636224092790495 0.0 0.37727405045588447 0.0 0.405423405209169 0.0
0 0.425293 0.061198 0.065430 0.104167 0.0 0.23602180239762624 0.0 0.27132830000514635 0.0 0.2559246273850228 0.0 0.2863834168581829 0.0 0.20159429946804178 0.0 0.20111916621070172 0.0
0 0.660645 0.293620 0.104492 0.183594 0.3109060265923362 0.0 0.0 0.0 0.0 0.0 0.0 0.0 0.0 0.0 0.0 0.0 0.0
0 0.579590 0.040365 0.083008 0.078125 0.0 0.0 0.1685116522632348 0.0 0.13270449225323183 0.0 0.35455464357935856 0.0 0.36985087774652825 0.0 0.8407004057272981 0.0 0.8793794625896936
0 0.796387 0.057943 0.131836 0.113281 0.048726010042360504 0.007214000532097421 0.012812201961403133 0.06329643797154297 0.062998288622545 0.3240475776521627 0.329691200781858 0.3148533530303694 0.3149119442634094 0.7647579676058225 0.751631606340366 0.731289019545996 0.7687549867164992
0 0.026855 0.938802 0.051758 0.122396 0.0 0.0 0.3354312086787061 0.0 0.0 0.0 0.27938804672873596 0.0 0.0 0.0 0.4962105356091736 0.0 0.0
0 0.248535 0.285807 0.045898 0.136719 0.0 0.14232645353675466 0.0 0.1310194347132124 0.0 0.2156323592293775 0.0 0.17799599575365593 0.0 0.6566772059615222 0.0 0.6162496416412175 0.0
