0 0.076172 0.854818 0.060547 0.170573 0.0 0.23679735712737146 0.0 0.16330366707723348 0.0 0.22510400121429489 0.0 0.20632013321100615 0.0 0.5130771839034324 0.0 0.5562405845992481 0.0
0 0.213867 0.861979 0.093750 0.161458 0.0 0.21671526044732814 0.0 0.15933089622446167 0.0 0.26576220953378027 0.0 0.3626868622352536 0.0 0.543454146673101 0.0 0.5382267954642379 0.0
0 0.797363 0.369141 0.118164 0.131510 0.05005806746620449 0.041676258871018834 0.0611729901931531 0.06148074902099626 0.07818229577485186 0.3210119795925701 0.3231187739529762 0.31863158149150256 0.3208895169556494 0.7505724995006045 0.7556520661669757 0.7268398014569717 0.7561472164185634
0 0.746094 0.215495 0.125000 0.191406 0.0 0.07966637707525581 0.08261854985682823 0.07028344305037396 0.08059765444773356 0.28868098867749925 0.3151361559493498 0.28323922211031494 0.31389437673746684 0.9191824734605485 0.8771058579781681 0.8731163966758042 0.8423933811061485
0 0.617676 0.466797 0.071289 0.139323 0.0 0.0 0.23051856376491603 0.0 0.10590051664743637 0.0 0.3571641764447163 0.0 0.3893212753714517 0.0 0.7593548617171055 0.0 0.7542883882069557
0 0.185547 0.641276 0.085938 0.167969 0.0 0.09652686493882023 0.0 0.2161851637419471 0.0 0.3545073080597571 0.0 0.19491085481953635 0.0 0.6311600745682994 0.0 0.6045157545249721 0.0
0 0.569336 0.338542 0.066406 0.117188 0.0 0.0 0.26894132300016416 0.0 0.2171917679313565 0.0 0.3557920885249187 0.0 0.3714646612076701 0.0 0.8648602436166095 0.0 0.8545215412583387
0 0.223145 0.396484 0.059570 0.136719 0.0 0.21865800641155408 0.0 0.24875086127405252 0.0 0.2912883435229444 0.0 0.2928567577245507 0.0 0.6072922820776527 0.0 0.6278595197242971 0.0
0 0.024902 0.866536 0.047852 0.144531 0.0 0.2152403018948841 0.0 0.19367877981827628 0.0 0.174668741817501 0.0 0.1882026228436158 0.0 0.5430609554498805 0.0 0.5570956483923434 0.0
0 0.028809 0.647786 0.055664 0.139323 0.14943618076614854 0.08244517179141442 0.022444940463795676 0.11800209819804726 0.0 0.25425327410375415 0.2626463853419539 0.23369150603409702 0.0 0.42891523802486964 0.47429986459729634 0.48131318207389173 0.0
0 0.451660 0.856771 0.122070 0.130208 0.0 0.0 0.09487022273105837 0.07042570524565556 0.1450280468170628 0.0 0.19761170605300207 0.1811306951503906 0.22395661034484848 0.0 0.710936162955073 0.5435980562275365 0.5933105920542814
0 0.860352 0.683594 0.138672 0.106771 0.0 0.0 0.13842383059923127 0.005254909716179754 0.26193999444816274 0.0 0.3133946383262025 0.25727540476957605 0.2667410253474757 0.0 0.5871450555278541 0.3105169401089619 0.6279129064898127
0 0.528320 0.256510 0.072266 0.093750 0.0 0.0 0.29598874904922634 0.0 0.14282990162230363 0.0 0.3314306304906272 0.0 0.28660975930730914 0.0 0.8802610300481449 0.0 0.8357341049697558
0 0.101562 0.431641 0.080078 0.126302 0.0 0.17346337560169756 0.0 0.21921979295858865 0.0 0.3361428961456243 0.0 0.32120991901817836 0.0 0.5471134584664307 0.0 0.5516768798688184 0.0
0 0.825195 0.492839 0.134766 0.115885 0.0 0.03574791204370091 0.09305393313143281 0.03926186983002591 0.08347350283611688 0.32251020387784435 0.33151108435753995 0.34239146535887716 0.3490167044873755 0.6578192135907485 0.6692676993247848 0.6693492210681302 0.6637813959565695
0 0.292969 0.597005 0.046875 0.134115 0.0 0.12258677155390357 0.0 0.20404603129905535 0.0 0.2895867326617716 0.0 0.15382343987495897 0.0 0.6059663905777717 0.0 0.6001033764301534 0.0
0 0.167480 0.421224 0.057617 0.152344 0.0 0.16662919137744234 0.0 0.1538052139766497 0.0 0.28027971133630497 0.0 0.30696327175609944 0.0 0.6052261498537239 0.0 0.6166268941792572 0.0
0 0.286133 0.848958 0.054688 0.135417 0.0 0.12788022473306868 0.0 0.18298268172166304 0.0 0.34329737751478884 0.0 0.3262878213346522 0.0 0.571124836711629 0.0 0.5394913670435711 0.0
0 0.855957 0.184896 0.112305 0.127604 0.0 0.13881973404709316 0.04899449568062108 0.14519097050166607 0.045081940965036295 0.36215389791043157 0.3554793041252333 0.3495822832599593 0.38004628029804044 0.8970910613910408 0.8831034512167413 0.8888767027265743 0.8686475658018064
0 0.849121 0.589193 0.139648 0.082031 0.0 0.08570571809672285 0.06841857696578577 0.042291059989149116 0.14804146986246874 0.36289189058083654 0.3102214708522146 0.36534207933334784 0.24438941087642435 0.5807333950540213 0.6064844312395274 0.5856932709922325 0.5993584285880221
0 0.290527 0.382161 0.077148 0.121094 0.1878820986388657 0.022979875047011593 0.025103710487498956 0.21964190346613707 0.02154283581761898 0.3046982568888471 0.448225836389923 0.29177825214231945 0.4633226769972992 0.7389912859832368 0.5883930638984493 0.5912581296730051 0.607013071530966
0 0.866699 0.783854 0.135742 0.101562 0.01605781016382848 0.0 0.13223545502914671 0.0 0.17580764023847326 0.0 0.2991874047124145 0.0 0.27099600402901014 0.0 0.5769165104794884 0.0 0.5806878283229802
0 0.126465 0.660156 0.045898 0.148438 0.0 0.1642153994125549 0.0 0.23573498567412374 0.0 0.2818195804448256 0.0 0.18431104369893705 0.0 0.5346304529573339 0.0 0.530190470777792 0.0
0 0.597168 0.837891 0.075195 0.102865 0.0 0.013335133443799862 0.046926306594664444 0.11524961333645029 0.1672565136778929 0.28517705341639726 0.3173967731684197 0.312461496233983 0.33549876200425227 0.7094393548259998 0.6731490900093622 0.5594765005550282 0.6962739299362132
0 0.362305 0.380208 0.060547 0.114583 0.0 0.21496011917692495 0.0 0.22907099878414613 0.0 0.2762801869993036 0.0 0.26636224092790495 0.0 0.37727405045588447 0.0 0.405423405209169 0.0
0 0.349609 0.849609 0.082031 0.136719 0.0 0.1482425174503311 0.0 0.14919460043838223 0.0 0.2699644776468112 0.0 0.2490831559300059 0.0 0.5526316441878748 0.0 0.5360683797955239 0.0
0 0.484375 0.454427 0.097656 0.117188 0.0 0.0 0.16863289395361186 0.1097621271837057 0.0 0.0 0.2781515630911622 0.32197534564170033 0.0 0.0 0.9853491822530995 0.019352047070580625 0.0
0 0.348633 0.600260 0.078125 0.122396 0.0 0.14078724445891638 0.0 0.11127928974225615 0.0 0.2765595348247042 0.0 0.27006479637349756 0.0 0.4040088527961391 0.0 0.5495800117936243 0.0
0 0.425781 0.758464 0.105469 0.076823 0.0 0.015669223909240085 0.19370057959991352 0.0 0.1783725960127618 0.3993005150800928 0.2559366451104904 0.0 0.2500020963824381 0.3422377603074054 0.694379101388045 0.0 0.6642615254267249
0 0.078613 0.645182 0.043945 0.144531 0.0 0.13474902687380994 0.0 0.168889313462111 0.0 0.2524230263525797 0.0 0.18207790890656356 0.0 0.46279940251306073 0.0 0.49748500708061993 0.0
0 0.552246 0.647135 0.067383 0.091146 0.0 0.0 0.2450208474019389 0.0 0.1651584903574072 0.0 0.35151042428077794 0.0 0.3260074669253269 0.0 0.6895837204355175 0.0 0.7042333085548446
0 0.406738 0.623047 0.077148 0.097656 0.0 0.0 0.2355116999688653 0.014277455232234233 0.10714107465145424 0.0 0.24657786828999959 0.29946220986622063 0.25964527520664954 0.0 0.9091653281417681 0.049699184680873525 0.8026617153582395
0 0.571289 0.736979 0.072266 0.091146 0.0 0.0 0.15045137443464007 0.0 0.14767096326798995 0.0 0.4146871859194385 0.0 0.3848929583972143 0.0 0.7045165630179164 0.0 0.6885652647853729
0 0.415039 0.696615 0.089844 0.067708 0.0 0.0 0.20443821573074497 0.0 0.18369199027337962 0.0 0.26043140565169054 0.0 0.27483375782822506 0.0 0.6994978159067818 0.0 0.6932299422961108
0 0.028320 0.384766 0.054688 0.217448 0.124134297881412 0.046384620831211795 0.11514906101124722 0.0679898348051877 0.09089863281387309 0.34125285222069834 0.28358939937234 0.3205274564731792 0.29529510459661024 0.4091733865005581 0.35301826590647223 0.44336707921435037 0.35232954441561615
0 0.425293 0.395833 0.067383 0.098958 0.0 0.24124272708834413 0.0 0.2773302227360001 0.0 0.2559246273850228 0.0 0.2863834168581829 0.0 0.20159429946804178 0.0 0.20111916621070172 0.0
0 0.539062 0.554036 0.087891 0.108073 0.0 0.0 0.10278195278427363 0.0 0.17660928797765935 0.0 0.17407071315038725 0.0 0.2557772415905083 0.0 0.6944950923141082 0.0 0.8046116144312249
0 0.449219 0.098307 0.146484 0.194010 0.0 0.07364827733724957 0.07162836305663126 0.08190054492659396 0.15280090353698966 0.3646349731040238 0.36412455338095123 0.3636785148565237 0.35188958482059546 0.8940759123274341 0.8880965263903821 0.8975002675965884 0.8356839265638609
0 0.653809 0.622396 0.086914 0.187500 0.3659986909487028 0.0 0.0 0.0 0.0 0.0 0.0 0.0 0.0 0.0 0.0 0.0 0.0
0 0.984375 0.369792 0.031250 0.083333 0.0 0.0 0.2643499132369593 0.0 0.0 0.0 0.07771434083286576 0.0 0.0 0.0 0.21615968799105442 0.0 0.0
0 0.932129 0.121094 0.118164 0.151042 0.0 0.05318831587351359 0.045431417337660485 0.11570353898883684 0.04529793454537091 0.3788345521823724 0.40371288266556216 0.3467596825221624 0.3951114468016203 0.9217981323487003 0.8898390802122447 0.8562050421856173 0.8890674029084396
0 0.250977 0.111979 0.171875 0.156250 0.34944878188120715 0.0 0.0 0.006754497993146917 0.0 0.0 0.0 0.29133256853630674 0.0 0.0 0.0 0.5752687327169964 0.0
0 0.679199 0.810547 0.086914 0.183594 0.3731406142299345 0.0 0.0 0.0 0.0 0.0 0.0 0.0 0.0 0.0 0.0 0.0 0.0
0 0.873535 0.917969 0.141602 0.164062 0.2417656891828492 0.0 0.0 0.0 0.0 0.0 0.0 0.0 0.0 0.0 0.0 0.0 0.0
0 0.635742 0.976562 0.154297 0.046875 0.23124315894428848 0.0 0.0 0.0 0.0 0.0 0.0 0.0 0.0 0.0 0.0 0.0 0.0
0 0.502441 0.986979 0.112305 0.026042 0.0 0.3573090689895213 0.0 0.0 0.0 0.1419972523805306 0.0 0.0 0.0 0.48204550955632264 0.0 0.0 0.0
0 0.248047 0.615234 0.046875 0.134115 0.0 0.14206736411890863 0.0 0.13078092846070047 0.0 0.2156323592293775 0.0 0.17799599575365593 0.0 0.6566772059615222 0.0 0.6162496416412175 0.0
0 0.135742 0.860026 0.060547 0.170573 0.0 0.15871373931247382 0.0 0.12377699783515607 0.0 0.25091596571687874 0.0 0.24475421381256116 0.0 0.560333061932018 0.0 0.5095978298851573 0.0
