0 0.759766 0.617188 0.109375 0.097656 0.0 0.0 0.25353604048822925 0.0 0.18108533051276782 0.0 0.2416733558182163 0.0 0.23558325926028661 0.0 0.4547746773309177 0.0 0.4586878020428822
0 0.462891 0.247070 0.144531 0.099609 0.0 0.12643292809527346 0.0 0.16074729584769534 0.01967246762041063 0.3253751260344768 0.0 0.26230567205805294 0.3416385636134922 0.4603642821015641 0.0 0.4533012880587194 0.35238142884789164
0 0.276367 0.562988 0.087891 0.112305 0.0 0.19879471605474258 0.0 0.1470508503753867 0.0 0.30555108541126474 0.0 0.29724445828670565 0.0 0.02640738457431095 0.0 0.04350056033611433 0.0
0 0.910156 0.499023 0.089844 0.097656 0.02724851576799163 0.0 0.15926431179001674 0.0 0.15609570353342392 0.0 0.3031576500427356 0.0 0.32027183969990686 0.0 0.717560343577975 0.0 0.7100703049317126
0 0.636230 0.249512 0.067383 0.065430 0.0 0.1778933571182107 0.17402746832523788 0.0 0.0 0.2730699398248687 0.2808843752660227 0.0 0.0 0.4386748708006125 0.47284956167600223 0.0 0.0
0 0.340820 0.646973 0.140625 0.135742 0.0 0.14115817854427554 0.0 0.2152487669897561 0.0 0.23040305309465106 0.0 0.19255553360577032 0.0 0.03450946880426626 0.0 0.045199304273687506 0.0
0 0.174805 0.467285 0.076172 0.086914 0.0 0.18841051890052338 0.0 0.10228501990914049 0.0 0.3072006590962009 0.0 0.2258322602658781 0.0 0.04407416215398901 0.0 0.033232661065843494 0.0
0 0.477539 0.532715 0.087891 0.096680 0.0 0.1281992236116598 0.0 0.17774420864412638 0.0 0.32581464599281384 0.0 0.32015903838871157 0.0 0.04705622274561658 0.0 0.03916505981495359 0.0
0 0.612793 0.385254 0.120117 0.077148 0.0 0.0 0.18435604381608942 0.0 0.17775789527004102 0.0 0.3115449195684794 0.0 0.29413297379283143 0.0 0.45766115143897224 0.0 0.46116906418571374
0 0.753906 0.694336 0.101562 0.056641 0.0 0.0 0.17155553957297512 0.0 0.16507002135795343 0.0 0.23302688446995065 0.0 0.2440751598404334 0.0 0.4617362249104979 0.0 0.44448306382535446
0 0.223145 0.503906 0.079102 0.083984 0.0 0.0775236733583173 0.13600097287314866 0.11712200028740558 0.09414872461769325 0.291309550535422 0.27380054397607684 0.254434564001984 0.28548102768340333 0.0738243032853274 0.4613336365705663 0.06428391528857402 0.04473175723259129
0 0.927734 0.041016 0.144531 0.080078 0.0 0.14846141378735295 0.08981420212480001 0.0 0.13044540893989662 0.25624195155451396 0.29879644571879777 0.0 0.24955765236973804 0.7172832958508241 0.7743265225412873 0.0 0.7057469469690764
0 0.434082 0.707520 0.096680 0.088867 0.0 0.05319532561314483 0.08222854777896622 0.03691586905429772 0.06472515090686154 0.31333176178712246 0.26463285040047385 0.2759331635074065 0.31486237302365 0.016114806102822184 0.10056108206633542 0.02627241787017972 0.051886327576996474
0 0.521973 0.594238 0.067383 0.079102 0.0 0.13571794994985892 0.0 0.19358954908943513 0.0 0.3669906774703838 0.0 0.29921287651116923 0.0 0.048992960830269064 0.0 0.04304233053379739 0.0
0 0.443848 0.358398 0.108398 0.056641 0.0 0.0 0.12153079081799728 0.0 0.10873730578500145 0.0 0.34034996987998684 0.0 0.3637523910069631 0.0 0.4529622658812185 0.0 0.4319782017109134
0 0.488281 0.740723 0.074219 0.094727 0.0 0.13016660430072313 0.0 0.14447432325856382 0.0 0.27378854074741227 0.0 0.27324004538869584 0.0 0.04900119500276842 0.0 0.030852112467121627 0.0
0 0.113770 0.195312 0.086914 0.070312 0.0 0.0 0.0 0.1462305940692659 0.08793159842471418 0.0 0.0 0.1420337859530882 0.36046012619036016 0.0 0.0 0.9857614701784605 0.003758277441111583
0 0.029785 0.302734 0.057617 0.097656 0.0 0.068795983385777 0.0 0.14328335327812622 0.0 0.2696259200924127 0.0 0.3238150703606476 0.0 0.9222498355258106 0.0 0.9029116550011597 0.0
0 0.253906 0.108887 0.117188 0.116211 0.034739244738016234 0.0 0.10526993863033157 0.0 0.1578517543600602 0.0 0.3059893367889571 0.0 0.3244986927052185 0.0 0.4111828322854202 0.0 0.005458539198500034
0 0.601074 0.510254 0.114258 0.079102 0.0 0.0 0.12114242340181373 0.0 0.13762618098123783 0.0 0.2483359950737825 0.0 0.3304747345647723 0.0 0.4400140933272178 0.0 0.46076675812061024
0 0.437988 0.414062 0.112305 0.058594 0.0 0.0 0.18911294152604527 0.0 0.06888875485036965 0.0 0.24672099400373323 0.0 0.2650512811458833 0.0 0.45618207397420557 0.0 0.42100425347065323
0 0.868164 0.412109 0.099609 0.093750 0.0 0.0 0.1822873640865657 0.0 0.19396899971859038 0.0 0.29959621939730297 0.0 0.2992278737700236 0.0 0.7168780670507778 0.0 0.7169970274419948
0 0.959473 0.895020 0.081055 0.120117 0.0 0.0414613611450046 0.0 0.04735711210789027 0.3779426209176873 0.24798523928606334 0.0 0.23707906176037746 0.3047517528543768 0.6745855825103417 0.0 0.7364934508003779 0.7187417613199794
0 0.952148 0.709961 0.095703 0.097656 0.0 0.0 0.18505103757313976 0.0 0.238285349987769 0.0 0.34769066816163213 0.0 0.3440132931748261 0.0 0.7129916135220498 0.0 0.7102902370229872
0 0.210938 0.307617 0.091797 0.089844 0.0 0.13535121790532476 0.0 0.21181428713799036 0.0 0.33036518715277424 0.0 0.2438613369208177 0.0 0.041288431555503914 0.0 0.10538435094615327 0.0
0 0.223145 0.913086 0.053711 0.068359 0.0 0.0 0.12181302885762414 0.2387144897157112 0.0 0.0 0.2516802699998723 0.22054141349956002 0.0 0.0 0.9871137995706676 0.4212471479292362 0.0
0 0.567383 0.260254 0.066406 0.098633 0.0 0.20041379610631488 0.0 0.13601798572755366 0.0 0.27226256708805313 0.0 0.26705856234161235 0.0 0.46326476606851086 0.0 0.45283614991569276 0.0
0 0.606934 0.446289 0.110352 0.048828 0.0 0.0 0.12349108545071721 0.0 0.20860546020117635 0.0 0.3505794185454204 0.0 0.19553295071238463 0.0 0.4386359440971167 0.0 0.4675320684164979
0 0.114258 0.410156 0.093750 0.101562 0.1140363813903184 0.0 0.015966559578081792 0.0 0.0 0.0 0.07204865042018517 0.0 0.0 0.0 0.6658020452466563 0.0 0.0
0 0.419922 0.490723 0.080078 0.084961 0.0 0.03654945205902497 0.08026456322470596 0.12568409534626995 0.11780862987632562 0.32970806378458206 0.24800773600880027 0.3995702396898284 0.36344199815228806 0.03552648397168115 0.481534254529113 0.046338731609227087 0.46486313405281976
0 0.573242 0.972656 0.113281 0.054688 0.0 0.0 0.18709209212166536 0.0 0.23833016035462962 0.0 0.2475097856770313 0.0 0.24905927426359045 0.0 0.45624094641030155 0.0 0.45923596886861856
0 0.279297 0.782227 0.087891 0.074219 0.0 0.21772313467043072 0.03572375806041792 0.1044928171740827 0.04205852072622553 0.3834994599695633 0.2898774781107879 0.37410916201296374 0.2930375597016548 0.037873412861488334 0.07831091288708762 0.02505104342058826 0.059454827355008254
0 0.944824 0.602539 0.108398 0.115234 0.0 0.0 0.2079344286075276 0.0 0.17108040362315108 0.0 0.28801209465644223 0.0 0.1949283709291051 0.0 0.7112540323699463 0.0 0.6168347233609184
0 0.541504 0.915527 0.166992 0.067383 0.0 0.16782209751204835 0.0 0.16859017257283127 0.0 0.3825004965638321 0.0 0.39397653823802614 0.0 0.46830468676607256 0.0 0.4566514935860621 0.0
0 0.853516 0.332520 0.091797 0.086914 0.0 0.04282795515907601 0.11684813394353998 0.0 0.0934378896267061 0.26540821255682934 0.2611017001411629 0.0 0.2528612730427917 0.7124611064058043 0.7184571119231464 0.0 0.7240586841338803
0 0.565430 0.094238 0.058594 0.098633 0.0 0.17311344908806162 0.0 0.09446795248645354 0.0 0.2257976270762066 0.0 0.3900496669042556 0.0 0.465363303745502 0.0 0.4584837297764131 0.0
0 0.765625 0.791992 0.134766 0.134766 0.0 0.010042393196160798 0.11547436237615746 0.037729688477703256 0.14564394940565287 0.28542961351274926 0.2439309554613111 0.27071057583767827 0.23941498160992253 0.4455862633307577 0.45416931086299084 0.4608320236915075 0.45524369154049943
0 0.639160 0.100586 0.090820 0.093750 0.03200459313987649 0.029385911970954276 0.06567554437745705 0.055333215010063025 0.034439563535135866 0.2904616881616365 0.348791489992702 0.3743841308479498 0.2811478122992001 0.4499370938320559 0.45554389552721025 0.46055229051204694 0.4750182593107948
0 0.056641 0.070801 0.097656 0.118164 0.0 0.0 0.11857723823304785 0.0 0.15196615362712207 0.0 0.37100894687771485 0.0 0.3571036228651108 0.0 0.012122319661657204 0.0 0.011860096052599071
0 0.779785 0.144043 0.104492 0.110352 0.271671137709242 0.0 0.0 0.0 0.0 0.0 0.0 0.0 0.0 0.0 0.0 0.0 0.0
0 0.527344 0.772461 0.072266 0.089844 0.0 0.14935115244020022 0.0 0.09491199931002726 0.0 0.2794906959940334 0.0 0.1948715715566042 0.0 0.0368839840692212 0.0 0.03884616587170468 0.0
0 0.498535 0.079590 0.075195 0.124023 0.0 0.22777322398759722 0.0 0.1917351493443179 0.0 0.2000246508978712 0.0 0.20722039388659677 0.0 0.4575594331638085 0.0 0.439026114541853 0.0
0 0.280762 0.367188 0.104492 0.101562 0.0 0.11814808931966501 0.0741015032963895 0.17151020490185398 0.0 0.23528667670181372 0.2354740058827328 0.23085071673103813 0.0 0.03245153280734141 0.05027708445768692 0.124536504942832 0.0
0 0.958984 0.182129 0.082031 0.106445 0.0 0.0 0.011580685715969168 0.0 0.2690327525640405 0.0 0.1875576214360949 0.0 0.16997933667137233 0.0 0.5974874702646951 0.0 0.7215243803878426
0 0.061035 0.747070 0.120117 0.140625 0.0 0.12675225214282632 0.0 0.12591844297434668 0.0 0.25924930651044165 0.0 0.26544522509641866 0.0 0.07783965766189169 0.0 0.06406079577568688 0.0
0 0.162109 0.153320 0.078125 0.074219 0.0 0.0 0.18275676698888454 0.0 0.22651336268639413 0.0 0.2905088806669754 0.0 0.2842265080507435 0.0 0.02946253830801753 0.0 0.005506198740708454
0 0.763184 0.472656 0.094727 0.044922 0.2489377619615108 0.0 0.0 0.0 0.0 0.0 0.0 0.0 0.0 0.0 0.0 0.0 0.0
0 0.759766 0.527832 0.097656 0.067383 0.0 0.0 0.17848297913233693 0.0 0.0833367819511093 0.0 0.1673770370165141 0.0 0.21598608163427752 0.0 0.45337625123591213 0.0 0.46414016550113296
0 0.787109 0.242676 0.123047 0.090820 0.0 0.01870588729039602 0.08915868636810989 0.09591431272192144 0.11947003206496214 0.27612664508047075 0.3875600736517609 0.35684452428693714 0.36989994693855216 0.40212478305908644 0.7121541045650072 0.579910438464218 0.4583585830244817
0 0.591797 0.845703 0.085938 0.087891 0.045599825579330726 0.0 0.05592278461237374 0.0 0.06786121202320583 0.0 0.3085895305630468 0.0 0.3234682464066497 0.0 0.45674473926620685 0.0 0.45480697064681946
0 0.603027 0.662598 0.098633 0.079102 0.0 0.0 0.057089425580431015 0.15339236578293333 0.016425998495115748 0.0 0.3890933909798611 0.3080487849205531 0.1184637125745871 0.0 0.4571103725734013 0.03580931198473536 0.5896033746825484
0 0.751953 0.937500 0.134766 0.125000 0.010791934728457738 0.014701873010497565 0.19198582317351082 0.013343043742511527 0.15590508845334974 0.262698249386457 0.24017475425290233 0.26669984966781307 0.3594194701528547 0.46052586021133585 0.4636244069928988 0.45227273520015765 0.49777561989495356
0 0.562988 0.810059 0.075195 0.090820 0.0 0.11491751775866427 0.0 0.07015237387893546 0.0 0.2263378501191411 0.0 0.2816342891806764 0.0 0.056249847095930665 0.0 0.03509532954349671 0.0
0 0.604980 0.585449 0.100586 0.071289 0.0 0.0 0.19626512427252327 0.0 0.20507760124147542 0.0 0.2820437793234386 0.0 0.28294874621518074 0.0 0.4599622753726578 0.0 0.4593276451854785
0 0.958984 0.185059 0.082031 0.081055 0.0 0.0 0.015208370398079993 0.0 0.35330807264434244 0.0 0.1875576214360949 0.0 0.16997933667137233 0.0 0.5974874702646951 0.0 0.7215243803878426
0 0.118652 0.012207 0.083008 0.022461 0.0 0.1240666654520194 0.24772089361724745 0.0 0.0 0.3961283797597598 0.2958338156758539 0.0 0.0 0.9775638948461862 0.010642938632927704 0.0 0.0
0 0.311523 0.186523 0.074219 0.074219 0.04991407559353137 0.0 0.14622938421400689 0.0 0.08461309844402748 0.0 0.26287560381445996 0.0 0.19128882994004262 0.0 0.46328726126408243 0.0 0.4940517197978971
0 0.762695 0.375488 0.097656 0.151367 0.0 0.0 0.1745965952022624 0.0 0.14290924177514047 0.0 0.22112250038420111 0.0 0.34272631802177106 0.0 0.5115671293164543 0.0 0.42997786697598883
0 0.959473 0.792969 0.081055 0.074219 0.37165559527617315 0.0 0.0 0.0 0.0 0.0 0.0 0.0 0.0 0.0 0.0 0.0 0.0
0 0.226074 0.733398 0.094727 0.080078 0.0 0.2293353219518501 0.0 0.10249166438963152 0.034225456186290984 0.3839940072540621 0.0 0.35581166461854125 0.29047322859319097 0.0424966540741838 0.0 0.27535114414324285 0.03730361318476759
0 0.277832 0.876465 0.063477 0.073242 0.0 0.1679712864222612 0.12015283213166424 0.0 0.0 0.219369360105926 0.27892919237391844 0.0 0.0 0.990861969596238 0.012142886120158083 0.0 0.0
0 0.974609 0.264160 0.050781 0.073242 0.0 0.0 0.0 0.0 0.24929700293859314 0.0 0.0 0.0 0.1981681329779189 0.0 0.0 0.0 0.7103455183133742
0 0.068359 0.601074 0.126953 0.151367 0.0 0.05810822765499729 0.10498620088449861 0.0 0.021924613548031584 0.22942054714187068 0.18384865269990297 0.0 0.28297389709591686 0.06518275396526506 0.036483203836316716 0.0 0.003923112673081164
0 0.635742 0.027832 0.103516 0.053711 0.0 0.023966264924937267 0.1025912028591748 0.021004356303678022 0.13567176091109434 0.3768060811045226 0.3231708870577654 0.29751435461868764 0.3176732988235117 0.49224806668353377 0.39977042997936696 0.45803528991190645 0.47122158482415716
0 0.354980 0.018555 0.124023 0.035156 0.0 0.2095560519493852 0.2787035451787387 0.0 0.015181960365527679 0.2638295808892164 0.2901784694995698 0.0 0.2725530848935254 0.9964170497962838 0.008489911224558 0.0 0.003052187662913752
0 0.307129 0.269043 0.084961 0.100586 0.0 0.0 0.15994884389366085 0.0 0.18862468079115285 0.0 0.2107027520063292 0.0 0.19851880267250038 0.0 0.45916134082873505 0.0 0.45671638797479186
0 0.440430 0.104980 0.060547 0.077148 0.0 0.16605788291954005 0.0 0.20834943655494104 0.0 0.24021823388635244 0.0 0.22459146833436688 0.0 0.43146636504157193 0.0 0.45744000098024457 0.0
0 0.375977 0.108887 0.074219 0.075195 0.08618306041545921 0.09757312116261839 0.15959330054953452 0.0 0.3739023440105872 0.3078858603129128 0.2606714501780301 0.0 0.3230303537662684 0.0063006357501320075 0.020359880002653506 0.0 0.0036105935730578013
0 0.619629 0.311523 0.100586 0.064453 0.0 0.0 0.20102245206262415 0.0 0.15630657821875593 0.0 0.27491300757324794 0.0 0.273947502850929 0.0 0.4613830068950765 0.0 0.4583207235198371
0 0.063477 0.365234 0.076172 0.058594 0.22598168565140186 0.0 0.0 0.0 0.0 0.0 0.0 0.0 0.0 0.0 0.0 0.0 0.0
