0 0.537109 0.760742 0.178385 0.125000 0.0 0.1677386036418988 0.0 0.14078423117650116 0.0 0.23736350683770932 0.0 0.17182568099158185 0.0 0.42241401177059085 0.0 0.4166910923919482 0.0
0 0.396484 0.100586 0.121094 0.083984 0.0 0.0 0.15602284309982697 0.07416287944305172 0.1815334090232805 0.0 0.3404344881971723 0.30416395006164637 0.3250471444933782 0.0 0.40709207671006 0.43464606600910544 0.3817779809131167
0 0.394531 0.510742 0.106771 0.107422 0.0 0.15072357375791437 0.0 0.16100563986312355 0.0 0.23643185265980102 0.0 0.23767154333814916 0.0 0.43394025955895044 0.0 0.42212708817038 0.0
0 0.712240 0.372559 0.184896 0.112305 0.0 0.21022108207231888 0.0 0.21052531715760564 0.0 0.2952992694485696 0.0 0.307839995406627 0.0 0.4167692398765292 0.0 0.4226550617932219 0.0
0 0.162760 0.186035 0.145833 0.094727 0.0 0.0 0.14975722246104364 0.0 0.14833067003315376 0.0 0.25199364827573345 0.0 0.283137960672781 0.0 0.40007119473614094 0.0 0.4000709034455036
0 0.487630 0.336914 0.165365 0.111328 0.0 0.1377468954830746 0.0 0.12689146198615084 0.0 0.19437403283646615 0.0 0.29383618347033374 0.0 0.3297519228270972 0.0 0.3560961982391475 0.0
0 0.354818 0.274414 0.126302 0.089844 0.0 0.0 0.17423432739066114 0.0 0.18752539200422502 0.0 0.14412028943176425 0.0 0.172802980847293 0.0 0.39273766170843893 0.0 0.4076961047863005
0 0.118490 0.493652 0.106771 0.124023 0.0 0.04697870853850673 0.16417542062113866 0.0 0.14526854479977902 0.17400253880085195 0.1929463559890186 0.0 0.1932262427873723 0.4374282853860944 0.39279362589232136 0.0 0.3975159510166785
0 0.500000 0.516113 0.109375 0.100586 0.0 0.14024552913009083 0.0 0.14174141091402384 0.0 0.23836047884168005 0.0 0.25382564992333045 0.0 0.43075306561925025 0.0 0.4219258252628366 0.0
0 0.606120 0.520996 0.115885 0.090820 0.0 0.10128993152482203 0.04535156393861339 0.07511772194650992 0.04100468152889442 0.26370301533313373 0.2201784961929131 0.1328017538491829 0.1223515078956376 0.42686559077204844 0.3639155386496384 0.39182712823319366 0.3405954312035157
0 0.572917 0.974609 0.205729 0.050781 0.0 0.3817705359463674 0.0 0.0 0.0 0.2073218035242569 0.0 0.0 0.0 0.43305998270062407 0.0 0.0 0.0
0 0.377604 0.188965 0.138021 0.088867 0.0 0.0 0.20164247275011685 0.0 0.19651281662826847 0.0 0.3410024662634202 0.0 0.33393976420962673 0.0 0.3552784798529419 0.0 0.40778126999326314
0 0.339193 0.359375 0.147135 0.074219 0.0 0.059985009042944126 0.012578549692960033 0.15642456061723725 0.0670025430118836 0.32546409795924214 0.1938721789049176 0.3179568089511005 0.3026168386696833 0.5802805405681872 0.4328056045010423 0.5079859494381497 0.3839435267890641
0 0.149740 0.324219 0.093750 0.091797 0.14311627869300464 0.0 0.15155420055807559 0.09575213813851158 0.0 0.0 0.3047220039091005 0.3320011109905016 0.0 0.0 0.3753769755318735 0.4354926300112336 0.0
0 0.558594 0.047852 0.145833 0.093750 0.047138068683757854 0.18918497566319392 0.0 0.17674028855905277 0.0 0.2712284598044898 0.0 0.21855482108442126 0.0 0.44918704240817564 0.0 0.43987802676060694 0.0
0 0.178385 0.107422 0.138021 0.062500 0.0 0.0 0.15170997000896325 0.0 0.21633051329800373 0.0 0.25864765544177165 0.0 0.2244619512035664 0.0 0.3855738313484027 0.0 0.39272647058868415
0 0.837891 0.657715 0.139323 0.079102 0.0 0.0 0.15772124612078733 0.0 0.22996792924058995 0.0 0.24448090326726152 0.0 0.21303677554685227 0.0 0.18513161846600623 0.0 0.1808477794736449
0 0.414714 0.030762 0.139323 0.059570 0.0 0.11377658896506444 0.025834886512102133 0.11409042680446352 0.11661827218685078 0.36457972728545174 0.3166896317726893 0.3734051139035512 0.29297869935369986 0.42895437324682273 0.42613439272714876 0.42629914006730074 0.3982133892219278
0 0.664062 0.056152 0.083333 0.106445 0.0 0.11396325362795467 0.0 0.12676238035627116 0.08996395994167888 0.351966500492117 0.0 0.2770074711812703 0.34075371014453204 0.4370171838890506 0.0 0.4422132806680813 0.4181353814290579
0 0.283203 0.541992 0.105469 0.080078 0.0613258572566031 0.0 0.1045107629290506 0.0 0.2375454439302847 0.0 0.3501647726153759 0.0 0.3246555834009709 0.0 0.40578151519031597 0.0 0.4021201056451935
0 0.161458 0.257324 0.127604 0.049805 0.0 0.0 0.11505998551462246 0.03227707637513837 0.07488434302319046 0.0 0.2810291787231137 0.4316356633865121 0.2910127417624377 0.0 0.41004942529781563 0.43970245505166633 0.3821217671013408
0 0.798177 0.719238 0.119792 0.075195 0.0 0.0 0.0 0.21745300202339304 0.1053313261232268 0.0 0.0 0.17370328656804473 0.1781672650198127 0.0 0.0 0.9864335987382851 0.031699974207707426
0 0.717448 0.521973 0.106771 0.065430 0.05988415504792883 0.16587266693462216 0.0 0.0 0.0 0.2634996488038037 0.0 0.0 0.0 0.42635032568026 0.0 0.0 0.0
0 0.083333 0.719727 0.156250 0.134766 0.24335502116570926 0.0 0.0 0.0 0.0 0.0 0.0 0.0 0.0 0.0 0.0 0.0 0.0
0 0.730469 0.980469 0.117188 0.039062 0.24148431215060526 0.0 0.0 0.0 0.0 0.0 0.0 0.0 0.0 0.0 0.0 0.0 0.0
0 0.293620 0.479004 0.100260 0.059570 0.0 0.16657679185555774 0.012872743088463704 0.0 0.06982744097648597 0.31020496519103435 0.49779601336560947 0.0 0.32805265335130795 0.5050802594195634 0.6883280470748538 0.0 0.36414054245461647
0 0.589193 0.370117 0.071615 0.083984 0.0 0.1875006443908839 0.0 0.14723533518286047 0.0 0.2322994767626853 0.0 0.25100468512974056 0.0 0.33536393381769536 0.0 0.3700891670308958 0.0
0 0.220052 0.038086 0.096354 0.074219 0.0 0.04290111740434238 0.08673503539156142 0.2732492976058476 0.0 0.20523254072310707 0.2982798352575056 0.17851805029739332 0.0 0.4658751125873083 0.374804586706679 0.44274325527015573 0.0
0 0.355469 0.966309 0.216146 0.067383 0.33832523007800924 0.0053692389517979045 0.0 0.0 0.0 0.10861329269732894 0.0 0.0 0.0 0.4219859865826035 0.0 0.0 0.0
0 0.135417 0.955566 0.119792 0.088867 0.0 0.17539893234846626 0.0 0.13779137367403543 0.0 0.2989987377334294 0.0 0.10430598257135125 0.0 0.4313405490213145 0.0 0.4184558614914983 0.0
0 0.040365 0.950684 0.078125 0.098633 0.0 0.1507447402640061 0.0 0.14821315907819552 0.0 0.2560229411852651 0.0 0.25342021055826236 0.0 0.4331516003827864 0.0 0.43041908960475694 0.0
0 0.253906 0.610352 0.088542 0.054688 0.0 0.0 0.0 0.0 0.3446164929382026 0.0 0.0 0.0 0.23131314071556952 0.0 0.0 0.0 0.419648799567151
0 0.842448 0.981934 0.111979 0.036133 0.0 0.30942716682147176 0.0 0.0 0.0 0.23397918793423517 0.0 0.0 0.0 0.42768980166749027 0.0 0.0 0.0
0 0.308594 0.724609 0.247396 0.152344 0.1434904167846629 0.06436757657647897 0.014391039344098092 0.08062891514991245 0.023918002865554 0.28320339741198847 0.1673635752015245 0.2356538868575277 0.1660006964779104 0.4298053771566106 0.46201401653198626 0.41465794416348406 0.3809108424952945
0 0.836589 0.396973 0.087240 0.096680 0.0 0.11137738324883412 0.0 0.09072099579008358 0.0 0.16086559346813603 0.0 0.23314389933156623 0.0 0.39660257511513114 0.0 0.3535141192990535 0.0
0 0.949870 0.988281 0.100260 0.023438 0.0 0.44681693942932416 0.0 0.0 0.0 0.14437108334638638 0.0 0.0 0.0 0.42034514747099394 0.0 0.0 0.0
0 0.884766 0.553711 0.217448 0.136719 0.04631908618014827 0.13362169045459668 0.10001155616502679 0.0 0.03856354933738429 0.24966648786759266 0.2327343138147927 0.0 0.2377446343984604 0.4186565729261853 0.18542918704084677 0.0 0.18493199197125568
0 0.052734 0.020020 0.100260 0.038086 0.0 0.0 0.0 0.44455435519109004 0.0 0.0 0.0 0.2523023428202494 0.0 0.0 0.0 0.43705530140234145 0.0
0 0.740885 0.062500 0.072917 0.113281 0.019785849760065637 0.032648209053965954 0.008843763965313146 0.10449395655744105 0.0 0.22158532347632529 0.17132374687635005 0.1912977722697395 0.0 0.47420984064949323 0.4596310633729685 0.4409415196390571 0.0
0 0.029297 0.081543 0.055990 0.077148 0.0 0.0 0.26500138121557976 0.0 0.07001592746782626 0.0 0.2626605804897978 0.0 0.2972399904065733 0.0 0.42124953629649375 0.0 0.43507106314907684
0 0.027995 0.149414 0.053385 0.066406 0.0 0.0 0.2927230847028701 0.0 0.0 0.0 0.25258175794610904 0.0 0.0 0.0 0.42774061131740254 0.0 0.0
0 0.027995 0.211914 0.053385 0.066406 0.0 0.0 0.29329854122145627 0.0 0.0 0.0 0.2458978578142328 0.0 0.0 0.0 0.4147319942925517 0.0 0.0
0 0.050781 0.332031 0.098958 0.091797 0.0 0.1860209468090279 0.0 0.17705483784718443 0.0 0.3173104227906784 0.0 0.3199937460038696 0.0 0.4294852307273143 0.0 0.4340469825279045 0.0
0 0.141927 0.024902 0.070312 0.047852 0.0 0.052585742618094004 0.0 0.23496752903211338 0.0 0.23770192107126778 0.0 0.18488291101679216 0.0 0.5895422900265868 0.0 0.4106303619774331 0.0
0 0.917318 0.415039 0.092448 0.060547 0.0 0.0 0.0 0.30560872191521016 0.0 0.0 0.0 0.21918933405101954 0.0 0.0 0.0 0.3436052425817499 0.0
0 0.886719 0.053711 0.226562 0.105469 0.12812617653294128 0.05957222379742021 0.0 0.04477006425180399 0.022327724905231296 0.26343435243689767 0.0 0.25310698690998484 0.2765024600328876 0.7800249582206165 0.0 0.778784462774816 0.4358704988459313
0 0.876302 0.317383 0.114583 0.076172 0.0 0.0 0.0 0.25230287960422065 0.0 0.0 0.0 0.19938878640645313 0.0 0.0 0.0 0.8788641146988557 0.0
0 0.960286 0.276367 0.079427 0.070312 0.0 0.0 0.0 0.2886825550575136 0.0 0.0 0.0 0.1897155019683068 0.0 0.0 0.0 0.16441676525068438 0.0
0 0.697917 0.762695 0.140625 0.119141 0.12157621781257404 0.060714913596041614 0.07212348084608772 0.014356160949901275 0.0 0.20679149361353355 0.2471745763089081 0.3342494095011954 0.0 0.859604867726734 0.007497638659559523 0.42178899669763914 0.0
0 0.034505 0.490234 0.066406 0.115234 0.0 0.18628558516419266 0.0 0.15214482891271455 0.0 0.20545280084894324 0.0 0.2535937100150872 0.0 0.41908194192949555 0.0 0.4175207327031324 0.0
0 0.095052 0.603027 0.117188 0.102539 0.0 0.0 0.11195729981033278 0.0 0.11098809361475842 0.0 0.22426869586015602 0.0 0.21448905230382206 0.0 0.39462710479764695 0.0 0.4093472046969746
0 0.220703 0.959473 0.053385 0.081055 0.0 0.16077781222617654 0.0 0.07810805764141582 0.0 0.29325992577953547 0.0 0.16881047804879587 0.0 0.426225257327458 0.0 0.3138385369933297 0.0
