0 0.321289 0.793457 0.085938 0.108398 0.0 0.20245706344765313 0.0 0.21127874240447583 0.0 0.30024363929334197 0.0 0.3368666556363448 0.0 0.5550010368109523 0.0 0.5295327235607197 0.0
0 0.077148 0.640137 0.062500 0.127930 0.0 0.2293974397171411 0.0 0.15820042748106994 0.0 0.22510400121429489 0.0 0.20632013321100615 0.0 0.5130771839034324 0.0 0.5562405845992481 0.0
0 0.215332 0.644531 0.090820 0.117188 0.0 0.23116294447715005 0.0 0.16995295597275914 0.0 0.26576220953378027 0.0 0.3626868622352536 0.0 0.543454146673101 0.0 0.5382267954642379 0.0
0 0.406738 0.790039 0.086914 0.103516 0.0 0.2153930990644953 0.0 0.18611249123269674 0.0 0.30230097286318725 0.0 0.3862429888108318 0.0 0.5495657240514376 0.0 0.5430953543046232 0.0
0 0.878418 0.871582 0.102539 0.094727 0.0 0.0 0.11266071614281599 0.0 0.25580109313782384 0.0 0.2683184632610266 0.0 0.31813727438904 0.0 0.5956576721354083 0.0 0.6151121489065894
0 0.481934 0.786133 0.061523 0.107422 0.0 0.2542762642189569 0.0 0.2547147432131494 0.0 0.2468749640733145 0.0 0.2637848114603938 0.0 0.542128558737183 0.0 0.5562324642632348 0.0
0 0.235840 0.796875 0.084961 0.101562 0.0 0.21098387120898437 0.0 0.17139420150878304 0.0 0.2938883992654432 0.0 0.37644322143647646 0.0 0.5391231237203958 0.0 0.527359509148803 0.0
0 0.154785 0.805176 0.084961 0.120117 0.0 0.09679648913183318 0.0693488182618881 0.06189383863015696 0.16132104993332547 0.4278249828725759 0.31775725996820187 0.19488756278468433 0.5138924199217869 0.5279580762443249 0.5286821746499899 0.637600887300551 0.5013870328316397
0 0.165527 0.900391 0.104492 0.068359 0.0 0.0 0.16695210775403552 0.0 0.23843090958548813 0.0 0.3920724642624673 0.0 0.27606840280702244 0.0 0.5723442300671003 0.0 0.511985560300468
0 0.889160 0.957520 0.104492 0.073242 0.0 0.0 0.18095936667195012 0.0 0.176425913435704 0.0 0.332258617929058 0.0 0.30232811076088356 0.0 0.5692449842993378 0.0 0.5778882342181425
0 0.798340 0.277344 0.118164 0.095703 0.0515904572865985 0.042952062714009205 0.06304563275008636 0.06336281276653695 0.0805756313597963 0.3210119795925701 0.3231187739529762 0.3186315814915026 0.3208895169556494 0.7505724995006045 0.7556520661669756 0.7268398014569718 0.7561472164185634
0 0.623535 0.350098 0.088867 0.108398 0.0 0.0 0.17825764791285606 0.0 0.08189178650956591 0.0 0.3571641764447163 0.0 0.3893212753714518 0.0 0.7593548617171055 0.0 0.7542883882069558
0 0.449707 0.076172 0.153320 0.146484 0.0 0.06642386238784072 0.07364775953319247 0.08908537835709558 0.09081035160618244 0.3653614509894795 0.3703571545462733 0.36547499815167883 0.34756360275147313 0.8956722034274569 0.8925844747491312 0.8949031064173382 0.8086455681990969
0 0.747070 0.159668 0.123047 0.145508 0.0 0.07984460163247115 0.08280337882742515 0.07044067670373048 0.0807779623995182 0.28868098867749925 0.3151361559493498 0.28323922211031494 0.31389437673746684 0.9191824734605485 0.8771058579781681 0.8731163966758042 0.8423933811061485
0 0.024902 0.649902 0.047852 0.108398 0.0 0.2152403018948841 0.0 0.19367877981827628 0.0 0.174668741817501 0.0 0.1882026228436158 0.0 0.5430609554498805 0.0 0.5570956483923434 0.0
0 0.575195 0.260742 0.070312 0.093750 0.0 0.0 0.23812512973972869 0.0 0.19230521118922192 0.0 0.3557920885249187 0.0 0.3714646612076701 0.0 0.8648602436166095 0.0 0.8545215412583386
0 0.529297 0.187012 0.070312 0.069336 0.0 0.0 0.3084953159104612 0.0 0.14886496788803477 0.0 0.3314306304906272 0.0 0.28660975930730914 0.0 0.8802610300481449 0.0 0.8357341049697558
0 0.182617 0.479492 0.078125 0.134766 0.0 0.09925479807839556 0.0 0.2222947444563934 0.0 0.3545073080597571 0.0 0.19491085481953635 0.0 0.6311600745682994 0.0 0.6045157545249721 0.0
0 0.860840 0.513184 0.139648 0.081055 0.0 0.0 0.13579973742501045 0.005155292672946083 0.2569744119432477 0.0 0.3133946383262025 0.25727540476957605 0.2667410253474756 0.0 0.5871450555278541 0.3105169401089619 0.6279129064898126
0 0.229980 0.301270 0.071289 0.110352 0.0 0.18673508179013915 0.0 0.1888822309303139 0.0 0.2925146080459169 0.0 0.2881328174266189 0.0 0.6119214807331244 0.0 0.6288314556431898 0.0
0 0.165527 0.967773 0.106445 0.064453 0.0 0.0 0.16454801935126895 0.0 0.16918061702649873 0.0 0.26239008682462706 0.0 0.2430338411256536 0.0 0.5466128592788231 0.0 0.49741578795233105
0 0.454590 0.641602 0.118164 0.095703 0.0 0.0 0.10000655963385309 0.07423859972766864 0.15287996164726644 0.0 0.19761170605300207 0.1811306951503906 0.22395661034484843 0.0 0.710936162955073 0.5435980562275365 0.5933105920542814
0 0.286133 0.636230 0.054688 0.100586 0.0 0.1291217803130014 0.0 0.18475921261216463 0.0 0.34329737751478884 0.0 0.3262878213346522 0.0 0.571124836711629 0.0 0.5394913670435711 0.0
0 0.650391 0.799316 0.169922 0.149414 0.2390759670315998 0.0 0.0 0.0 0.0 0.0 0.0 0.0 0.0 0.0 0.0 0.0 0.0
0 0.416992 0.299316 0.072266 0.071289 0.0 0.23418675691434224 0.0 0.2692187500976647 0.0 0.2559246273850228 0.0 0.2863834168581829 0.0 0.20159429946804178 0.0 0.20111916621070172 0.0
0 0.867188 0.587891 0.138672 0.076172 0.015718560653325057 0.0 0.12944174823275625 0.0 0.1720933943179421 0.0 0.2991874047124145 0.0 0.2709960040290102 0.0 0.5769165104794884 0.0 0.5806878283229802
0 0.027832 0.480957 0.053711 0.104492 0.15487022370309936 0.08544317803837494 0.023261120117024605 0.12229308358706714 0.0 0.25425327410375415 0.2626463853419539 0.233691506034097 0.0 0.42891523802486964 0.47429986459729634 0.4813131820738917 0.0
0 0.848633 0.442383 0.142578 0.062500 0.0 0.08263300667095208 0.06596564211095506 0.04077484583071965 0.14273390432266492 0.36289189058083654 0.3102214708522146 0.36534207933334784 0.2443894108764244 0.5807333950540213 0.6064844312395274 0.5856932709922325 0.5993584285880222
0 0.851562 0.120117 0.111328 0.091797 0.0 0.14988265998784422 0.04413186430051975 0.13878693948775417 0.04029284118581675 0.3527067496639245 0.3664678764780685 0.3475029577304669 0.3726569563688931 0.896938216935614 0.8960733733226691 0.872174433656235 0.8808318643712015
0 0.296387 0.449219 0.055664 0.105469 0.0 0.09845175415245279 0.0 0.1638732259165903 0.0 0.2895867326617716 0.0 0.15382343987495897 0.0 0.6059663905777717 0.0 0.6001033764301534 0.0
0 0.597168 0.628906 0.081055 0.078125 0.0 0.012216508544975083 0.04298986792399756 0.10558183703699203 0.1532261103467805 0.28517705341639726 0.3173967731684197 0.312461496233983 0.33549876200425227 0.7094393548259998 0.6731490900093622 0.5594765005550282 0.6962739299362132
0 0.101074 0.327148 0.079102 0.095703 0.0 0.17381301203526106 0.0 0.21966165699075507 0.0 0.3361428961456243 0.0 0.32120991901817836 0.0 0.5471134584664307 0.0 0.5516768798688184 0.0
0 0.025879 0.879883 0.049805 0.072266 0.0 0.0 0.3426788110635122 0.0 0.0 0.0 0.2569931882095976 0.0 0.0 0.0 0.5251330091434006 0.0 0.0
0 0.349609 0.636719 0.082031 0.101562 0.0 0.1496679262719689 0.0 0.15062916390413592 0.0 0.2699644776468112 0.0 0.2490831559300059 0.0 0.5526316441878748 0.0 0.5360683797955239 0.0
0 0.164551 0.312012 0.055664 0.106445 0.0 0.18513460616103083 0.0 0.17088643040090346 0.0 0.28027971133630497 0.0 0.30696327175609944 0.0 0.6052261498537239 0.0 0.6166268941792572 0.0
0 0.123047 0.488770 0.052734 0.124023 0.0 0.12829777049467325 0.0 0.1841744026307896 0.0 0.2818195804448256 0.0 0.18431104369893705 0.0 0.5346304529573339 0.0 0.530190470777792 0.0
0 0.826660 0.369141 0.135742 0.083984 0.0 0.03672878163967999 0.09560719480678082 0.04033915720699166 0.08576389173776036 0.32251020387784435 0.33151108435753995 0.34239146535887705 0.34901670448737554 0.6578192135907485 0.6692676993247847 0.6693492210681301 0.6637813959565696
0 0.679199 0.606445 0.100586 0.132812 0.3342762398608971 0.0 0.0 0.0 0.0 0.0 0.0 0.0 0.0 0.0 0.0 0.0 0.0
0 0.352539 0.438477 0.064453 0.091797 0.0 0.26069433932763975 0.0 0.1434979836180525 0.0 0.2620234524196777 0.0 0.2674861414918879 0.0 0.40629810453295506 0.0 0.56643828470305 0.0
0 0.078613 0.484375 0.043945 0.109375 0.0 0.13354591056243664 0.0 0.16738137316334217 0.0 0.2524230263525797 0.0 0.18207790890656356 0.0 0.46279940251306073 0.0 0.49748500708061993 0.0
0 0.547852 0.478027 0.068359 0.069336 0.0 0.0 0.23811885170047584 0.0 0.16050613851635345 0.0 0.35151042428077794 0.0 0.32600746692532695 0.0 0.6895837204355175 0.0 0.7042333085548447
0 0.571777 0.552246 0.073242 0.069336 0.0 0.0 0.14635457644534 0.0 0.1436498760052935 0.0 0.4146871859194385 0.0 0.3848929583972143 0.0 0.7045165630179164 0.0 0.6885652647853729
0 0.033691 0.288086 0.065430 0.148438 0.11399292554860221 0.04259514670203188 0.10574175359163235 0.06243528427907651 0.08347250727369804 0.34125285222069834 0.28358939937234 0.3205274564731792 0.29529510459661024 0.4091733865005581 0.35301826590647223 0.44336707921435037 0.35232954441561615
0 0.490723 0.340332 0.086914 0.088867 0.0 0.0 0.18739301711106393 0.12197297748528849 0.0 0.0 0.2781515630911622 0.32197534564170033 0.0 0.0 0.9853491822530995 0.019352047070580625 0.0
0 0.402344 0.460449 0.078125 0.073242 0.0 0.0 0.23256780371925448 0.014098987041831304 0.10580181121831105 0.0 0.24657786828999959 0.29946220986622063 0.25964527520664954 0.0 0.9091653281417681 0.049699184680873525 0.8026617153582395
0 0.883301 0.719727 0.145508 0.191406 0.26446959488633504 0.0064022890960646625 0.0065625843659575965 0.007716226608473395 0.0 0.351958624153669 0.20295341975124692 0.47219945413378167 0.0 0.604618566581556 0.6387637528471142 0.5514601930551747 0.0
0 0.412109 0.515137 0.082031 0.067383 0.0 0.0 0.16874265425394824 0.0 0.1516187856224721 0.0 0.26043140565169054 0.0 0.27483375782822506 0.0 0.6994978159067818 0.0 0.6932299422961108
0 0.422852 0.564941 0.089844 0.067383 0.0 0.015728464831392223 0.19443290693299448 0.0 0.1790469725572335 0.3993005150800928 0.2559366451104904 0.0 0.2500020963824381 0.3422377603074054 0.694379101388045 0.0 0.6642615254267249
0 0.355469 0.287109 0.058594 0.091797 0.0 0.2079472358562593 0.0 0.22159776052593994 0.0 0.2762801869993036 0.0 0.26636224092790495 0.0 0.37727405045588447 0.0 0.405423405209169 0.0
0 0.936035 0.079590 0.114258 0.114258 0.0 0.05453657693042858 0.04658305016812058 0.1186364871975538 0.04644618374452672 0.3788345521823724 0.40371288266556216 0.3467596825221624 0.3951114468016203 0.9217981323487003 0.8898390802122447 0.8562050421856173 0.8890674029084396
0 0.022949 0.808105 0.043945 0.071289 0.0 0.11637051936947958 0.26632104893538733 0.0 0.06802331322982909 0.13888576035862074 0.11036051252014875 0.0 0.1040908074283809 0.4375382514317317 0.5343469058746262 0.0 0.580271514892532
0 0.973633 0.028320 0.052734 0.054688 0.0 0.12031794068672523 0.0 0.25271153845493943 0.0 0.3474561508217387 0.0 0.3529996542332364 0.0 0.9153923040346134 0.0 0.9015487676747274 0.0
0 0.295898 0.289062 0.068359 0.091797 0.20978264113977904 0.025658532214345615 0.02802993327532748 0.24524453871819285 0.024053984004870306 0.3046982568888471 0.448225836389923 0.29177825214231945 0.4633226769972992 0.7389912859832368 0.5883930638984493 0.5912581296730051 0.607013071530966
0 0.914551 0.244141 0.116211 0.064453 0.27093292854277506 0.0 0.0 0.0 0.0 0.0 0.0 0.0 0.0 0.0 0.0 0.0 0.0
0 0.514648 0.981934 0.125000 0.036133 0.3732482183801299 0.0 0.0 0.0 0.0 0.0 0.0 0.0 0.0 0.0 0.0 0.0 0.0
0 0.537598 0.409180 0.088867 0.082031 0.0 0.0 0.1004423321949927 0.0 0.17258913935022438 0.0 0.17407071315038722 0.0 0.2557772415905083 0.0 0.6944950923141082 0.0 0.804611614431225
0 0.248047 0.074219 0.179688 0.119141 0.32877576057248287 0.0 0.0 0.006354909017073364 0.0 0.0 0.0 0.29133256853630674 0.0 0.0 0.0 0.5752687327169964 0.0
0 0.054688 0.018555 0.087891 0.035156 0.1600534639777312 0.0 0.07492073593780131 0.0 0.0 0.0 0.08398137054858135 0.0 0.0 0.0 0.6094234914577601 0.0 0.0
0 0.658203 0.468750 0.105469 0.140625 0.3016100323558754 0.0 0.0 0.0 0.0 0.0 0.0 0.0 0.0 0.0 0.0 0.0 0.0
0 0.025879 0.946289 0.049805 0.072266 0.0 0.0 0.4427976368938299 0.0 0.0 0.0 0.27938804672873596 0.0 0.0 0.0 0.49621053560917366 0.0 0.0
0 0.296875 0.923828 0.150391 0.132812 0.0 0.12771957375741064 0.0 0.08459438340768895 0.0 0.2515448568118615 0.0 0.24445375882277448 0.0 0.6510309921386358 0.0 0.7384906740046802 0.0
0 0.539551 0.785645 0.049805 0.108398 0.0 0.14570320372880488 0.0 0.09269804000305476 0.0 0.17700263138649525 0.0 0.21011214720822216 0.0 0.5441870259710433 0.0 0.6263934575644492 0.0
0 0.138184 0.648438 0.057617 0.119141 0.0 0.1790876619471954 0.0 0.1396661262041036 0.0 0.25091596571687874 0.0 0.24475421381256116 0.0 0.560333061932018 0.0 0.5095978298851573 0.0
0 0.249512 0.465820 0.055664 0.105469 0.0 0.11409698638789545 0.0 0.10503263650255089 0.0 0.2156323592293775 0.0 0.1779959957536559 0.0 0.6566772059615222 0.0 0.6162496416412175 0.0
