0 0.141602 0.407552 0.128906 0.192708 0.02580147820309983 0.0 0.05552010688290546 0.0 0.06220980592085054 0.0 0.25897484471814614 0.0 0.30484486863906374 0.0 0.28843019698611594 0.0 0.347670033793335
0 0.504395 0.840495 0.114258 0.251302 0.0 0.0573850624360025 0.1625388795907994 0.03975792939030388 0.11309362079516637 0.2938583253650464 0.27260316686952085 0.28390697675285853 0.2824287585678407 0.46383994388761685 0.471303816347431 0.5189273370544596 0.47572176879530603
0 0.668457 0.529948 0.100586 0.135417 0.0 0.0 0.16419950183924584 0.0 0.1988577133565626 0.0 0.2458949367625815 0.0 0.23298404978806372 0.0 0.36444092249242 0.0 0.36931288567784354
0 0.576660 0.324219 0.081055 0.140625 0.0 0.05079946949685774 0.1341617195235598 0.0 0.1475361557128969 0.3547559056792282 0.39081534943598406 0.0 0.3869349824865442 0.34334788457584 0.3420116527768085 0.0 0.33910523570860046
0 0.528320 0.631510 0.105469 0.161458 0.0 0.0 0.15580212588954445 0.0 0.15449261096715383 0.0 0.3045612314384856 0.0 0.28528838087223496 0.0 0.35263489308018353 0.0 0.34965211907710236
0 0.648926 0.656250 0.100586 0.117188 0.0 0.0 0.19591177470581003 0.0 0.21149837262860005 0.0 0.24665159659877822 0.0 0.2495382836731902 0.0 0.368415883889143 0.0 0.36545003424724753
0 0.195801 0.573568 0.079102 0.118490 0.0 0.10433818014751912 0.0 0.10189122157574093 0.13444427152954255 0.0792110228777944 0.0 0.2869793413680325 0.26492238242510585 0.08823031060974593 0.0 0.3150504531939243 0.2548823248351548
0 0.611328 0.190755 0.095703 0.147135 0.0 0.08007383936032478 0.13042404910691138 0.0 0.13801836754151656 0.34780529061195375 0.37159933435428427 0.0 0.36766634154187094 0.35283959710442864 0.32625457244960676 0.0 0.3317409153895171
0 0.256836 0.420573 0.093750 0.096354 0.0 0.113847542353022 0.0 0.02116572873169495 0.07588834957405505 0.27927465018126707 0.0 0.40413973825281063 0.21995089732030626 0.21404679884054498 0.0 0.34433810777917073 0.2977805008577371
0 0.322266 0.624349 0.068359 0.134115 0.0 0.07395296568893026 0.050561718027761424 0.058851294928511225 0.0 0.3010838434075804 0.3285861910864019 0.2475276033019934 0.0 0.37633353340717357 0.35478323421987296 0.38379462461944375 0.0
0 0.032227 0.533854 0.062500 0.088542 0.0 0.2408045005179928 0.0 0.11311105748955574 0.01865575543616656 0.2666338838202161 0.0 0.32623071111423835 0.3379367351643581 0.35312652377323056 0.0 0.31353800866984927 0.28197328359513024
0 0.689941 0.421875 0.104492 0.098958 0.0 0.0 0.1324758536988965 0.0 0.14343543291910194 0.0 0.17069079497071005 0.0 0.18707140550901277 0.0 0.39808249749875635 0.0 0.3381726872139214
0 0.166504 0.667318 0.073242 0.084635 0.0 0.0 0.0906171607537534 0.0 0.23577415140153307 0.0 0.15656546153411943 0.0 0.2467879488749898 0.0 0.17623336185180025 0.0 0.2436157001262463
0 0.475098 0.351562 0.086914 0.218750 0.0 0.0 0.14259831923954117 0.0 0.10949668639859023 0.0 0.2710656062859887 0.0 0.2920121265901547 0.0 0.3334233923287166 0.0 0.3326848578887886
0 0.237793 0.732422 0.071289 0.108073 0.0 0.14237970190869081 0.0 0.25112657818753314 0.0 0.1445047293573223 0.0 0.15305226648979023 0.0 0.23452855796822758 0.0 0.24978699612271069 0.0
0 0.209473 0.867188 0.100586 0.091146 0.0 0.055880032336710635 0.0 0.2247115251633339 0.05800538579950251 0.25727481621995163 0.0 0.22047704098205842 0.2094754144839801 0.38586923438764986 0.0 0.48399548592950037 0.3739416968252863
0 0.288086 0.832031 0.050781 0.104167 0.0 0.06969746054584441 0.1771833268418849 0.0 0.09535622965535748 0.28795505824743994 0.28662984180432677 0.0 0.3629755447159711 0.3588660835147738 0.30639935044985944 0.0 0.32055429014086423
0 0.516602 0.145833 0.076172 0.117188 0.0 0.11618869509548 0.049580180003222195 0.10697529553736433 0.0 0.315488394532847 0.3129818850953931 0.31650516939248735 0.0 0.3532121288108281 0.32491952222083503 0.3413657171682966 0.0
0 0.432129 0.576172 0.077148 0.230469 0.0 0.0 0.1565502452454267 0.0 0.19150129991502693 0.0 0.28331018897435956 0.0 0.28965314114745505 0.0 0.3447884571390375 0.0 0.32411585433807205
0 0.380859 0.488932 0.048828 0.097656 0.0 0.0 0.0 0.3058656436074876 0.0 0.0 0.0 0.08620823522678542 0.0 0.0 0.0 0.338996096872247 0.0
0 0.555176 0.478516 0.096680 0.152344 0.0 0.0 0.20318844736557326 0.0 0.22175844878041132 0.0 0.31948533109717664 0.0 0.3059121380400498 0.0 0.3472377534890307 0.0 0.3416794581157875
0 0.265625 0.603516 0.052734 0.113281 0.0 0.14300040804634534 0.0 0.161816209314277 0.0 0.2571269468810029 0.0 0.2260926656732108 0.0 0.302382923481464 0.0 0.31314641115743536 0.0
0 0.191895 0.203776 0.155273 0.212240 0.0 0.09789198029282092 0.0697449457835657 0.022947943864282484 0.08035405555236574 0.3641698076935472 0.3892073769838971 0.3980999596695475 0.3866304915227522 0.34446986612816566 0.23250577260371932 0.35043294278637177 0.26335569522426
0 0.098633 0.566406 0.062500 0.109375 0.010386953521338817 0.0931225328802371 0.05594795648910212 0.021304523368620154 0.019158220939556585 0.27183545260347575 0.35978927398906746 0.22386933153010632 0.39462698151041176 0.340730185775602 0.22560223479111982 0.3103480094584361 0.258972090328177
0 0.134277 0.762370 0.096680 0.087240 0.0 0.04829748740625124 0.08840315524177673 0.00845156372042342 0.09431153580548285 0.3470018668549356 0.13166838423050728 0.31972922603844006 0.3601480741830965 0.24760752397950692 0.27118756027659224 0.14498123429444074 0.21096008562325338
0 0.327637 0.481771 0.057617 0.125000 0.0 0.019491246410244856 0.04805861412338874 0.04648167736784245 0.060825273477442376 0.18172508591574876 0.2991228783478739 0.08890949420299432 0.2810376025476891 0.37517927062654677 0.378940474949346 0.6249284957764503 0.3814204565610613
0 0.745605 0.224609 0.143555 0.274740 0.0 0.03929763633141593 0.12682738159762955 0.038729971718070993 0.12488474764637106 0.2837811473311709 0.27993280068707876 0.28234909606039493 0.276816820547653 0.30084992546775013 0.30288502839441095 0.30166713989236704 0.30137162796589256
0 0.401367 0.120443 0.136719 0.178385 0.0 0.0743403858407546 0.06926902020521532 0.05149826766959481 0.08615318511641411 0.23531745297385268 0.2278518567198844 0.233127904918872 0.2302438525071099 0.24878149614997339 0.2087813761401479 0.2637706700834498 0.21101232336012604
0 0.236328 0.495443 0.091797 0.069010 0.0 0.0 0.1641403948733211 0.0 0.12329945641040058 0.0 0.1748488975180198 0.0 0.25170596841374493 0.0 0.3006017720458664 0.0 0.1597602432395664
0 0.128906 0.896484 0.052734 0.076823 0.0 0.09153891821441308 0.0 0.1486475792836411 0.0 0.2938264592494849 0.0 0.229428726528761 0.0 0.5102115400916583 0.0 0.5715254854878657 0.0
0 0.025391 0.188802 0.048828 0.054688 0.0 0.0 0.1299482904168377 0.0 0.09132587279501499 0.0 0.2284606895823889 0.0 0.2616397444200868 0.0 0.5121677787744077 0.0 0.4568952487400545
0 0.066406 0.904948 0.072266 0.078125 0.0 0.03141820159227396 0.06854935635405277 0.0642502026041732 0.16165659909233454 0.11987165477090095 0.19277960911585137 0.26202544423781327 0.1912016460925161 0.6969911832816701 0.3818563775697631 0.5818906011173233 0.23198281230037543
0 0.566406 0.438802 0.083984 0.085938 0.0 0.0 0.1930343379056195 0.0 0.17499316874494497 0.0 0.3266982363613627 0.0 0.3221927051184293 0.0 0.3446895806644281 0.0 0.3423761374111289
0 0.083496 0.838542 0.057617 0.059896 0.0 0.0 0.0 0.0 0.3417955096067191 0.0 0.0 0.0 0.3084568495715903 0.0 0.0 0.0 0.24109945843601363
0 0.764648 0.671875 0.060547 0.114583 0.0 0.0 0.0 0.0 0.2783276005961458 0.0 0.0 0.0 0.22853738814615582 0.0 0.0 0.0 0.4322828281478959
0 0.297363 0.958984 0.090820 0.074219 0.0 0.0 0.23521292340246142 0.0 0.21799989025215408 0.0 0.205833409261938 0.0 0.3479107966188867 0.0 0.5669319265073522 0.0 0.6107299086953055
0 0.020020 0.815755 0.038086 0.128906 0.0 0.058386423820228316 0.19266296151004556 0.04504473461478609 0.0 0.20862930964018384 0.3225564982303973 0.1913403244000882 0.0 0.24749253996415035 0.21048573601103854 0.18077421493847268 0.0
0 0.548340 0.514323 0.086914 0.085938 0.0 0.0 0.24019782663971243 0.0 0.1873580708365991 0.0 0.31934126400404905 0.0 0.3107923960118102 0.0 0.3484178204501316 0.0 0.3411124006326948
0 0.117676 0.966146 0.182617 0.067708 0.0 0.24219316546492672 0.08490939499096867 0.059902102191050285 0.023362009946397692 0.2899268913496537 0.2875659028330573 0.32105450429230586 0.3298044756778994 0.635942204720584 0.6204789545989392 0.6355646110103133 0.5759235147696339
0 0.022461 0.096354 0.042969 0.119792 0.0 0.12182791298651022 0.26618558027880834 0.0 0.0 0.28937485631924376 0.34017925702070284 0.0 0.0 0.4070956245518516 0.5103883797188173 0.0 0.0
0 0.050781 0.713542 0.050781 0.091146 0.0 0.0 0.11130815582165313 0.0 0.10420701058470278 0.0 0.3326682608093513 0.0 0.346514796389063 0.0 0.22513654869895908 0.0 0.22152170776305222
0 0.026855 0.315104 0.051758 0.205729 0.1709594358270901 0.0 0.0 0.0 0.05795501509796643 0.0 0.0 0.0 0.1959333905485263 0.0 0.0 0.0 0.28898744367955087
0 0.974121 0.942708 0.051758 0.114583 0.3583033604482663 0.0 0.0 0.0 0.0 0.0 0.0 0.0 0.0 0.0 0.0 0.0 0.0
0 0.800293 0.050130 0.139648 0.097656 0.0355708526124718 0.07695522577117414 0.09599401607336835 0.02848012895448308 0.06564644042934856 0.1336162424536111 0.2731503077028849 0.13385843721972887 0.27808367227683434 0.17408100734438717 0.23686736065296007 0.22029970343793145 0.22528256170204297
0 0.680664 0.763021 0.191406 0.098958 0.26242915124475125 0.008724371606808497 0.008352008635996843 0.011202481178758102 0.03334857279107868 0.4913787988661073 0.10531727624730555 0.4551510868661149 0.2549811229942578 0.7594808875620798 0.5804409592390188 0.1045784019456287 0.3199172743237635
0 0.623047 0.974609 0.085938 0.050781 0.0 0.0 0.11686071873677789 0.0 0.11323793320465839 0.0 0.29855255890561627 0.0 0.30150126178669373 0.0 0.48037089128482646 0.0 0.48086368698447346
0 0.485352 0.985026 0.138672 0.029948 0.0 0.0 0.12914488206536162 0.0 0.22763111985186546 0.0 0.1674951121248292 0.0 0.21582302196689393 0.0 0.473845713935734 0.0 0.4717428049433664
0 0.985840 0.824870 0.028320 0.087240 0.0 0.0 0.0 0.05303725410144333 0.18357115604516808 0.0 0.0 0.35297387628539073 0.31144674674883527 0.0 0.0 0.3740005886955904 0.3639657582496129
