0 0.246582 0.901855 0.106445 0.110352 0.0 0.21697140294095812 0.0 0.19751194521728957 0.0 0.17849803134230907 0.0 0.18780157619540527 0.0 0.5318915471001587 0.0 0.5422276167160685 0.0
0 0.327148 0.889648 0.068359 0.125000 0.0 0.21465046144961059 0.0 0.148030400000144 0.0 0.22510400121429489 0.0 0.20632013321100615 0.0 0.5130771839034324 0.0 0.5562405845992481 0.0
0 0.462891 0.893066 0.095703 0.114258 0.0 0.22499376071559346 0.0 0.16541731978510307 0.0 0.26576220953378027 0.0 0.3626868622352536 0.0 0.543454146673101 0.0 0.5382267954642379 0.0
0 0.159180 0.901855 0.068359 0.112305 0.06745412236575592 0.18604021701180257 0.0 0.16208455996246102 0.0 0.27599795491439605 0.0 0.3076615450911754 0.0 0.5432787625934131 0.0 0.48666903662340627 0.0
0 0.094238 0.667969 0.102539 0.097656 0.0 0.13064057405517474 0.0 0.2026326257560365 0.0 0.28529456845918055 0.0 0.22916322444543438 0.0 0.22720299027178062 0.0 0.17993207118730367 0.0
0 0.539062 0.049805 0.119141 0.091797 0.029826282044836935 0.0 0.18928926046058556 0.0 0.15640971842547197 0.0 0.3182112022057204 0.0 0.34010382799592265 0.0 0.6914105683655236 0.0 0.6840624623921198
0 0.101074 0.460449 0.108398 0.106445 0.0 0.18185338366561568 0.0 0.14012363315727816 0.0 0.2566392070928832 0.0 0.27013080402858436 0.0 0.01316129515294209 0.0 0.025525020260456523 0.0
0 0.088867 0.902344 0.070312 0.103516 0.0 0.2245250792806331 0.0 0.17709540546679162 0.0 0.28163570736684873 0.0 0.26967190470003627 0.0 0.5414252010346533 0.0 0.5401755243254336 0.0
0 0.260742 0.733398 0.103516 0.113281 0.15692699577107794 0.08377876130085993 0.019084562310649235 0.10614232385318477 0.020923545961619713 0.24439480094542235 0.2559489609522136 0.2637820781449376 0.2548382812400828 0.4103928788313684 0.47700695078499455 0.4164370093548238 0.33351814096753
0 0.870117 0.599609 0.078125 0.111328 0.0 0.0 0.19743207254032444 0.0 0.09070054117687779 0.0 0.3571641764447163 0.0 0.3893212753714517 0.0 0.7593548617171055 0.0 0.7542883882069558
0 0.822754 0.507324 0.069336 0.096680 0.0 0.0 0.2341614592062889 0.0 0.18910422816046404 0.0 0.3557920885249187 0.0 0.37146466120767013 0.0 0.8648602436166095 0.0 0.8545215412583387
0 0.498047 0.713867 0.058594 0.107422 0.0 0.10642137093998247 0.0 0.09796680459237926 0.0 0.2156323592293775 0.0 0.17799599575365593 0.0 0.6566772059615222 0.0 0.6162496416412175 0.0
0 0.571289 0.126953 0.107422 0.082031 0.0 0.0 0.251937750027363 0.0 0.23551214166531914 0.0 0.2838254135431595 0.0 0.30557909795732463 0.0 0.7075576288548738 0.0 0.717482578000992
0 0.781250 0.442383 0.080078 0.072266 0.0 0.0 0.2598925601407841 0.0 0.12541162093665684 0.0 0.3314306304906272 0.0 0.28660975930730914 0.0 0.8802610300481449 0.0 0.8357341049697559
0 0.041504 0.611816 0.067383 0.086914 0.0 0.2226670702175745 0.0 0.19817853981708836 0.0 0.3787772933261959 0.0 0.3766130886977888 0.0 0.07875630699400275 0.0 0.08158098990667718 0.0
0 0.479980 0.551270 0.071289 0.110352 0.0 0.18673508179013915 0.0 0.1888822309303139 0.0 0.2925146080459169 0.0 0.2881328174266189 0.0 0.6119214807331244 0.0 0.6288314556431898 0.0
0 0.158203 0.527344 0.080078 0.095703 0.0 0.14644592911188975 0.0 0.19248459587385244 0.0 0.19629664857565077 0.0 0.15390303210893833 0.0 0.18533589927339883 0.0 0.17966766697543335 0.0
0 0.699219 0.892090 0.126953 0.096680 0.0 0.0 0.09214279597033644 0.0684010346208776 0.1408586313297036 0.0 0.19761170605300207 0.1811306951503906 0.22395661034484848 0.0 0.710936162955073 0.5435980562275365 0.5933105920542814
0 0.536133 0.886230 0.054688 0.100586 0.0 0.1291217803130014 0.0 0.18475921261216463 0.0 0.34329737751478884 0.0 0.3262878213346522 0.0 0.571124836711629 0.0 0.5394913670435711 0.0
0 0.258789 0.533691 0.121094 0.151367 0.08546757525953574 0.057742325679370536 0.05567339313531831 0.07375694517466928 0.05901627239454947 0.326950927257135 0.28605608597043586 0.30388053149366623 0.2840356647254565 0.3138599827384926 0.35386796041196933 0.3434296633600451 0.34654513309852303
0 0.730469 0.033691 0.121094 0.065430 0.0 0.0 0.08734861932725349 0.0 0.196853407884227 0.0 0.2640375749484049 0.0 0.25754335067185036 0.0 0.664145306972479 0.0 0.6772765935607212
0 0.750000 0.096680 0.123047 0.076172 0.0 0.0 0.16747650852675897 0.0 0.1833575629786736 0.0 0.14811723365083285 0.0 0.23235115227400083 0.0 0.7350063567181241 0.0 0.7785849843952054
0 0.350586 0.577148 0.080078 0.095703 0.0 0.17169334115678228 0.0 0.2169828562957459 0.0 0.3361428961456243 0.0 0.32120991901817836 0.0 0.5471134584664307 0.0 0.5516768798688184 0.0
0 0.702148 0.300781 0.148438 0.199219 0.0 0.052980446866339764 0.07780078466418 0.058250503089473944 0.10761689699425256 0.3646694192050537 0.3685939515113653 0.3632533979967461 0.3536782071708042 0.8944735811191104 0.8876502538577821 0.897902655931645 0.837274576119002
0 0.676270 0.553223 0.065430 0.079102 0.0 0.23310795298530987 0.0 0.2679785679063174 0.0 0.2559246273850228 0.0 0.2863834168581829 0.0 0.20159429946804178 0.0 0.20111916621070172 0.0
0 0.909180 0.100098 0.117188 0.122070 0.0 0.13027136852577917 0.03521774802725406 0.08252862636315235 0.03648861340553621 0.3667310648248916 0.35694311174417886 0.3689169379228367 0.3450205992134945 0.8964141501966576 0.8788683165308839 0.89648953168856 0.89120585924658
0 0.541504 0.698730 0.041992 0.106445 0.0 0.129308512601344 0.0 0.2152343884665094 0.0 0.2895867326617716 0.0 0.15382343987495897 0.0 0.6059663905777717 0.0 0.6001033764301534 0.0
0 0.847168 0.872559 0.075195 0.084961 0.0 0.012108914276553896 0.04261124391929299 0.10465194774229392 0.15187660437417858 0.28517705341639726 0.3173967731684197 0.312461496233983 0.33549876200425227 0.7094393548259998 0.6731490900093622 0.5594765005550282 0.6962739299362132
0 0.967285 0.403809 0.065430 0.159180 0.0 0.0839138156770409 0.011623012550424514 0.025219231759652398 0.11866570321842203 0.2795014976994634 0.35037668519324455 0.27138990534896423 0.3155702280215437 0.9064569203449254 0.8379673982880598 0.8763582700743597 0.7660821326916198
0 0.613281 0.537598 0.060547 0.092773 0.0 0.19912095250073045 0.0 0.21219208308426166 0.0 0.2762801869993036 0.0 0.26636224092790495 0.0 0.37727405045588447 0.0 0.405423405209169 0.0
0 0.802246 0.735352 0.067383 0.068359 0.0 0.0 0.2450208474019389 0.0 0.1651584903574072 0.0 0.35151042428077794 0.0 0.3260074669253269 0.0 0.6895837204355175 0.0 0.7042333085548446
0 0.416992 0.568848 0.056641 0.110352 0.0 0.1755021831062686 0.0 0.1619953298872159 0.0 0.28027971133630497 0.0 0.30696327175609944 0.0 0.6052261498537239 0.0 0.6166268941792572 0.0
0 0.598633 0.886719 0.080078 0.101562 0.0 0.15331836349811445 0.0 0.15430304595057823 0.0 0.2699644776468112 0.0 0.2490831559300059 0.0 0.5526316441878748 0.0 0.5360683797955239 0.0
0 0.373047 0.738281 0.052734 0.123047 0.0 0.1293160067684405 0.0 0.18563610423897045 0.0 0.2818195804448256 0.0 0.18431104369893705 0.0 0.5346304529573339 0.0 0.530190470777792 0.0
0 0.027832 0.904297 0.053711 0.123047 0.0 0.0666408277846729 0.19678412078470506 0.14626199639636556 0.0 0.3630655707188556 0.22405546818078179 0.34133015389270427 0.0 0.5411364355084352 0.6737716048339657 0.6131882035052545 0.0
0 0.600586 0.685547 0.078125 0.091797 0.0 0.21507282994530272 0.0 0.11838583648489329 0.0 0.2620234524196777 0.0 0.2674861414918879 0.0 0.40629810453295506 0.0 0.56643828470305 0.0
0 0.333496 0.734863 0.043945 0.108398 0.0 0.13474902687380994 0.0 0.168889313462111 0.0 0.2524230263525797 0.0 0.18207790890656356 0.0 0.46279940251306073 0.0 0.49748500708061993 0.0
0 0.739746 0.585938 0.088867 0.089844 0.0 0.0 0.18128237524874663 0.11799559778468126 0.0 0.0 0.2781515630911622 0.32197534564170033 0.0 0.0 0.9853491822530995 0.019352047070580625 0.0
0 0.834961 0.188965 0.162109 0.112305 0.0 0.056318043109547855 0.08757472896896576 0.07590258576994917 0.08644103489317022 0.30966435554642596 0.32263637038893705 0.34814544083470567 0.31464639437037895 0.892196396049828 0.8954755629160114 0.8138039766985625 0.9041439071363812
0 0.037598 0.391602 0.073242 0.111328 0.0 0.24673107438871533 0.0 0.0 0.19300657850464903 0.2875081260153729 0.0 0.0 0.24794506824117526 0.031481683890694966 0.0 0.0 0.9697906766331524
0 0.652344 0.710449 0.078125 0.073242 0.0 0.0 0.23256780371925448 0.014098987041831304 0.10580181121831105 0.0 0.24657786828999959 0.29946220986622063 0.25964527520664954 0.0 0.9091653281417681 0.049699184680873525 0.8026617153582395
0 0.677246 0.819824 0.108398 0.055664 0.0 0.015780669313999976 0.19507825086307082 0.0 0.17964124890047709 0.3993005150800928 0.2559366451104904 0.0 0.2500020963824381 0.3422377603074054 0.694379101388045 0.0 0.6642615254267249
0 0.965332 0.056641 0.069336 0.111328 0.0 0.14396200101408618 0.0493054907032722 0.1826462779139721 0.06462894706717072 0.3637117679480908 0.3601696499235644 0.3666929604643212 0.35780096753036916 0.9375608254797788 0.8933615226037063 0.893606850349356 0.8969339594485158
0 0.935059 0.857910 0.096680 0.131836 0.35035851612206864 0.0 0.0 0.0 0.0 0.0 0.0 0.0 0.0 0.0 0.0 0.0 0.0
0 0.665527 0.768066 0.088867 0.051758 0.0 0.0 0.20278507651998423 0.0 0.1822066102981232 0.0 0.26043140565169054 0.0 0.27483375782822506 0.0 0.6994978159067818 0.0 0.6932299422961108
0 0.367676 0.022461 0.114258 0.042969 0.0 0.0 0.22936857735850294 0.0 0.21294216927840573 0.0 0.245086957331343 0.0 0.24551855785293988 0.0 0.4332799137070304 0.0 0.41797024263312516
0 0.110352 0.766113 0.062500 0.079102 0.0 0.0 0.1142371543522385 0.0 0.19532714536074677 0.0 0.3128850109358107 0.0 0.3101845169570991 0.0 0.22485992603757332 0.0 0.23816475382263164
0 0.786133 0.654785 0.087891 0.081055 0.0 0.0 0.10278195278427363 0.0 0.17660928797765935 0.0 0.17407071315038725 0.0 0.2557772415905083 0.0 0.6944950923141082 0.0 0.8046116144312249
0 0.892578 0.985352 0.166016 0.029297 0.25790413491668873 0.0 0.0 0.0 0.0 0.0 0.0 0.0 0.0 0.0 0.0 0.0 0.0
0 0.307617 0.062988 0.244141 0.061523 0.31136664224282606 0.0 0.0 0.0 0.0 0.0 0.0 0.0 0.0 0.0 0.0 0.0 0.0
0 0.543457 0.537598 0.081055 0.094727 0.17145320813560383 0.020970456088733592 0.022908577934623628 0.20043585452312868 0.01965907523935494 0.3046982568888471 0.448225836389923 0.29177825214231945 0.4633226769972992 0.7389912859832368 0.5883930638984493 0.5912581296730051 0.607013071530966
0 0.818848 0.802734 0.057617 0.068359 0.0 0.0 0.18870172386717568 0.0 0.1852144285056145 0.0 0.4146871859194385 0.0 0.3848929583972143 0.0 0.7045165630179164 0.0 0.6885652647853729
0 0.617676 0.189941 0.083008 0.069336 0.0 0.0 0.17956046245745733 0.0 0.2133145197273554 0.0 0.17119425423399198 0.0 0.17800124494196684 0.0 0.8725072095748696 0.0 0.8161539192627013
0 0.294434 0.189453 0.086914 0.179688 0.2760508432657619 0.0 0.0 0.0 0.16113316929222118 0.0 0.0 0.0 0.10167552179564816 0.0 0.0 0.0 0.5546993407993015
0 0.362793 0.168945 0.065430 0.082031 0.1515228435202131 0.0 0.07150710292583848 0.0 0.02593997710504364 0.0 0.0769499478750931 0.0 0.07553984317673762 0.0 0.5423397639961044 0.0 0.5554308757911037
0 0.499023 0.333984 0.189453 0.128906 0.2882051809329544 0.0 0.0 0.005570719994347973 0.0 0.0 0.0 0.29133256853630674 0.0 0.0 0.0 0.5752687327169964 0.0
0 0.912109 0.723145 0.101562 0.137695 0.319874469667115 0.0 0.0 0.0 0.0 0.0 0.0 0.0 0.0 0.0 0.0 0.0 0.0
0 0.182129 0.711426 0.071289 0.108398 0.30220407705420804 0.0 0.0 0.0 0.0 0.0 0.0 0.0 0.0 0.0 0.0 0.0 0.0
0 0.388184 0.892578 0.057617 0.117188 0.0 0.18207245631298197 0.0 0.14199389497417197 0.0 0.25091596571687874 0.0 0.24475421381256116 0.0 0.560333061932018 0.0 0.5095978298851573 0.0
0 0.437012 0.734375 0.086914 0.128906 0.0 0.09327315039032068 0.0 0.20889802339109498 0.0 0.3545073080597571 0.0 0.19491085481953635 0.0 0.6311600745682994 0.0 0.6045157545249721 0.0
