0 0.528809 0.572266 0.122070 0.165365 0.0640590839542049 0.025952423631244545 0.06405252140316484 0.02580304182200794 0.07837473599050501 0.3593693183455995 0.3724064789541152 0.37723027486127014 0.3642254591686294 0.7879018359354384 0.7970025798310004 0.8007572587722027 0.789873779848197
0 0.243652 0.472005 0.100586 0.102865 0.0 0.04705498858483494 0.10016069060540782 0.06286371473307976 0.06313966618124356 0.27230876578045143 0.22980740074853825 0.2591495542084119 0.26267098980531345 0.46278179580320017 0.4651610473409471 0.4637222571968405 0.4626188856735354
0 0.222168 0.652995 0.106445 0.134115 0.0 0.05979556500513208 0.0773760822472111 0.06898361732830062 0.07912376584241332 0.29894859279243835 0.29016946473535965 0.275109961091555 0.26818342955946006 0.2956930567533997 0.2754386016792495 0.31351938391589645 0.3009651558192862
0 0.080566 0.641276 0.096680 0.134115 0.0 0.03236914337985408 0.10169487253367199 0.037494170677009026 0.10225496338436738 0.3159774358465315 0.3233064507296674 0.3211555968838923 0.3204272460726235 0.27126230489316266 0.26441514523192367 0.2723456690224377 0.2615027513066574
0 0.782227 0.490234 0.103516 0.212240 0.0 0.04277299201628708 0.13344005929435646 0.050513620381470906 0.12285705268282208 0.33889058461644933 0.33441178717404996 0.2972200106343533 0.3229854491170679 0.6885542300549071 0.6894596007201003 0.6898207191449299 0.7095413447259905
0 0.111816 0.417318 0.084961 0.162760 0.05506788128527933 0.04083032107833746 0.09565697343648523 0.04460183813632022 0.0 0.3165899710217792 0.3255919728231876 0.3171503637123863 0.0 0.4985760851675691 0.48624543738302906 0.48972759533373783 0.0
0 0.485840 0.258464 0.092773 0.131510 0.10698878535607863 0.04886102870045933 0.110738245261111 0.050114177438404996 0.09150791486112608 0.2700250603297864 0.2969285185533368 0.24891992123131637 0.267736172253589 0.3760512948124705 0.40024152978177135 0.41094219805853904 0.4022119337440346
0 0.350586 0.798177 0.132812 0.117188 0.0 0.0225556752772133 0.03889964528567213 0.030298451459430296 0.10299177909350046 0.28256884650296643 0.28081639130958697 0.2710267430994097 0.16502912809317621 0.4034777676426752 0.38873617098862306 0.40186495254258336 0.5633795952217127
0 0.145996 0.867188 0.102539 0.161458 0.0 0.049051931321731336 0.09091920570641121 0.10016047993079955 0.09141112382558401 0.2965615872366724 0.27653338679491135 0.2901761406270433 0.27793321689376843 0.13922174828992165 0.13864905381521242 0.14422884063983632 0.14348482332989648
0 0.822266 0.797526 0.130859 0.100260 0.10991378675897895 0.046823949221455524 0.04826692633431448 0.05010937058952883 0.05273145679508024 0.24989920118003894 0.2527279313918403 0.2545562399003117 0.2520307031663817 0.6390275418002647 0.6244369112996174 0.6591740397940359 0.6675619396132213
0 0.822266 0.657552 0.085938 0.119792 0.0 0.08979524574017102 0.09132551024750539 0.07953431715910143 0.08365211352373382 0.24966380724161863 0.2513630146317323 0.25170756109690395 0.25964642322263054 0.6841591551059856 0.6698998172392056 0.6644331336729642 0.6538628568678992
0 0.958008 0.388021 0.083984 0.166667 0.0 0.0 0.13349412566515534 0.04070037979079366 0.15082210385058767 0.0 0.3061734081910783 0.29301338471875915 0.29675886558274245 0.0 0.6937356027044913 0.69503807297893 0.6871363510825884
0 0.604004 0.713542 0.094727 0.109375 0.0 0.05329969010488363 0.05819039723124163 0.12270337490195704 0.0 0.28915641822730564 0.2700554244387953 0.2729625193984081 0.0 0.9840191825217564 0.7647059097549737 0.4864473614162003 0.0
0 0.371582 0.636719 0.106445 0.140625 0.0 0.040924544764508144 0.07524090596702582 0.0586343669308194 0.11951166712994381 0.2881330777411679 0.28852243684956697 0.2196879287219905 0.18052476295913752 0.6714108346931291 0.6791425240878053 0.6599813681539318 0.6301557256047295
0 0.703125 0.813151 0.089844 0.113281 0.0 0.07723801712590503 0.10411953149435987 0.09366052534189856 0.044200267736203024 0.2960523959494763 0.28170915102631156 0.2884931866703504 0.31977723771967836 0.1915223209501456 0.20581969416615853 0.20349809519302636 0.19919154263655736
0 0.491211 0.378906 0.097656 0.080729 0.0 0.08588176197488401 0.18552511829566062 0.02078602165946464 0.15604164702117754 0.2485322301205371 0.24319628375231833 0.27524491664436385 0.2755129427783733 0.5151827035515749 0.6122994680904711 0.686155260181347 0.598738525024468
0 0.736816 0.292318 0.084961 0.183594 0.0 0.023020823098644685 0.08934994981518363 0.01743268544339202 0.09602479971814855 0.2969835309769729 0.3285964167989446 0.30606552788168234 0.3279388447141712 0.7253479278768304 0.7259969767206711 0.7073280876984787 0.720678802968595
0 0.497559 0.454427 0.106445 0.080729 0.0 0.0 0.07947398513383028 0.08926361589300547 0.10916609265689277 0.0 0.274600781030608 0.34621797579938 0.2725100330835098 0.0 0.6076853031777303 0.6124916699827591 0.6275552449147335
0 0.252441 0.119792 0.084961 0.127604 0.0 0.04860780415116374 0.0894821756712841 0.07796571683510069 0.11826951331833868 0.293261709448706 0.2527605125424574 0.24323782808664707 0.226401510936202 0.40752905640337284 0.41102279365915895 0.41534228181285215 0.4068218560878487
0 0.304199 0.305990 0.104492 0.088542 0.0 0.09185810829051186 0.03211149877457389 0.11910794474006656 0.015481130404790986 0.30185241509223737 0.2985782487212553 0.3111739579938051 0.299099662466444 0.27486727873709527 0.29308818450389884 0.2891622777779263 0.30310027295383196
0 0.035645 0.156901 0.069336 0.121094 0.0 0.0878360222601862 0.03806208601153822 0.12428632548683514 0.07108530504535514 0.3136832026396131 0.20783524066386505 0.31884651769937444 0.3238562862714476 0.2764792399691492 0.2439174819142478 0.27678627856582616 0.2948950908129051
0 0.982422 0.576823 0.035156 0.158854 0.0 0.08463838377285836 0.012752715104105352 0.0 0.22786982672696895 0.29164211672675544 0.2954707920663517 0.0 0.3036189291332224 0.6661997039203724 0.7029440827162503 0.0 0.6640867393635189
0 0.326172 0.931641 0.130859 0.136719 0.0 0.057663702145315666 0.0800671758446843 0.061569049423628744 0.05672268102292884 0.28838816756988755 0.29302397751867937 0.30177910571747346 0.29549579760902756 0.2593119782483359 0.25159472837782776 0.2599071356339367 0.2602341575048137
0 0.023438 0.803385 0.044922 0.161458 0.0 0.04996792443335892 0.056253738122734084 0.0 0.0 0.33119743534054924 0.31524069845603137 0.0 0.0 0.1092183815098288 0.018373005226089846 0.0 0.0
0 0.020020 0.402995 0.038086 0.186198 0.12089044871786368 0.0 0.0 0.0 0.0 0.0 0.0 0.0 0.0 0.0 0.0 0.0 0.0
0 0.909668 0.164062 0.106445 0.169271 0.0 0.06355026640588782 0.04838018352009977 0.02285969255290814 0.05787454323541252 0.31155558425102436 0.3141235170544983 0.31653508303747063 0.311958854263596 0.7145503094909297 0.7082960360403728 0.7232393169339862 0.725947914458306
0 0.518066 0.134766 0.098633 0.095052 0.0 0.0 0.08755943386383801 0.11637158790874794 0.04400146740851565 0.0 0.2680736304874673 0.25462388650819323 0.27297759428552454 0.0 0.2081435692809028 0.20151304045283908 0.20513016444691093
0 0.129395 0.043620 0.055664 0.084635 0.0 0.09066503244499997 0.22991449407487854 0.0 0.2094327931541285 0.3685240738871431 0.3694243473944148 0.0 0.3705299651459705 0.38677674086614156 0.37832289303914307 0.0 0.3691630768620478
0 0.097168 0.185547 0.067383 0.118490 0.0 0.1209370697188012 0.10125515312407082 0.09119503479663836 0.0 0.3248737919451618 0.33911002592945905 0.32398068411662695 0.0 0.2925513215171754 0.28264829727577684 0.28160998583066177 0.0
0 0.044434 0.966797 0.086914 0.066406 0.0 0.15877747467634784 0.08230588634286522 0.0 0.0 0.29381103626117133 0.2528540140635541 0.0 0.0 0.966365572028978 0.988372110143261 0.0 0.0
0 0.540527 0.055990 0.081055 0.093750 0.0 0.0984669408620693 0.13650641000079747 0.0 0.20213635170626035 0.2899091433121739 0.28166371517731736 0.0 0.28046778750336737 0.2069843053060619 0.20149906639257564 0.0 0.2134622363244189
0 0.676270 0.106771 0.100586 0.109375 0.0 0.030870124774472416 0.07691901834086919 0.08582593555535067 0.0877711059186792 0.25979820614407806 0.23920154028977195 0.23890180281118767 0.2351996264754203 0.7678247225431581 0.7190702162648934 0.7401424414189617 0.721801001116557
0 0.384277 0.089193 0.069336 0.100260 0.0 0.08342532747699855 0.139879279709103 0.07410229686464108 0.12414544553605927 0.26639315227650173 0.28585675751673856 0.299626847143686 0.29572389321561643 0.29753553822750595 0.29038912141688167 0.28298566182049284 0.2741929392205779
