0 0.529297 0.429199 0.121094 0.124023 0.02889595452189648 0.03203823534795914 0.08611464418130704 0.026150708602020456 0.0829798424475047 0.3590681186850669 0.3134935962027551 0.3740962688887929 0.3667969594328707 0.7965113652752301 0.7942282944691451 0.8128143209137237 0.7885428036519339
0 0.244141 0.354004 0.101562 0.077148 0.0 0.04660253677151922 0.09919760704189427 0.06225925593756938 0.06253255400642391 0.27230876578045143 0.22980740074853825 0.2591495542084119 0.26267098980531345 0.46278179580320017 0.4651610473409471 0.4637222571968405 0.4626188856735354
0 0.222656 0.489746 0.105469 0.100586 0.0 0.06034922764406848 0.07809252745320377 0.06962235452578487 0.07985639330391714 0.29894859279243835 0.29016946473535965 0.27510996109155506 0.26818342955946006 0.2956930567533997 0.2754386016792495 0.31351938391589645 0.3009651558192862
0 0.080566 0.481445 0.096680 0.099609 0.0 0.032686487922793835 0.10269188108792368 0.037861760585607154 0.1032574630253906 0.3159774358465315 0.3233064507296674 0.3211555968838923 0.3204272460726235 0.27126230489316266 0.26441514523192367 0.2723456690224377 0.2615027513066574
0 0.491211 0.190430 0.103516 0.105469 0.08967133084307952 0.04095226855179134 0.09281389441652342 0.04200257971012368 0.07669623017928938 0.2700250603297864 0.2969285185533368 0.24891992123131637 0.267736172253589 0.3760512948124705 0.40024152978177135 0.41094219805853904 0.4022119337440346
0 0.109863 0.311523 0.090820 0.125000 0.05030772924877459 0.03730088556173722 0.08738823808146648 0.040746386906290524 0.0 0.3165899710217792 0.3255919728231876 0.3171503637123863 0.0 0.4985760851675691 0.48624543738302906 0.48972759533373783 0.0
0 0.604492 0.534668 0.095703 0.081055 0.0 0.05339142795360116 0.05829055282027991 0.12291456831831152 0.0 0.28915641822730564 0.2700554244387953 0.2729625193984081 0.0 0.9840191825217564 0.7647059097549737 0.4864473614162004 0.0
0 0.818848 0.497559 0.079102 0.077148 0.0 0.113608737226508 0.11554482434189775 0.10062663411784424 0.10583646055448492 0.24966380724161863 0.2513630146317323 0.25170756109690395 0.25964642322263054 0.6841591551059856 0.6698998172392056 0.6644331336729642 0.6538628568678992
0 0.782227 0.365723 0.103516 0.155273 0.0 0.04384904212990437 0.13679704191811387 0.051784403284149426 0.1259477961465409 0.33889058461644933 0.33441178717404996 0.2972200106343533 0.3229854491170679 0.6885542300549071 0.6894596007201003 0.6898207191449299 0.7095413447259905
0 0.162109 0.945801 0.109375 0.094727 0.0 0.08738250149173171 0.07928676766184531 0.08391477748559352 0.08526053747617991 0.2883824168837775 0.29306504404807626 0.29139774840817023 0.2760751757556148 0.9648644742837847 0.9616713414898015 0.9631100964334981 0.9630076916594037
0 0.336426 0.710938 0.108398 0.103516 0.0 0.07338956392451686 0.10000999587816913 0.07333821851173818 0.09329360545285582 0.2903404017271183 0.29308163370414964 0.3027129445679046 0.28850068380013305 0.2627260862504623 0.2529238452448169 0.2580088742816088 0.2598967461598152
0 0.154297 0.654297 0.095703 0.113281 0.0 0.05618016764681053 0.10413160259478133 0.1147158206103985 0.10469500635196201 0.2965615872366724 0.27653338679491135 0.29017614062704333 0.27793321689376843 0.13922174828992165 0.13864905381521242 0.14422884063983632 0.14348482332989648
0 0.957520 0.291504 0.084961 0.125977 0.0 0.0 0.1309367669359378 0.039920679028517925 0.14793279151628524 0.0 0.3061734081910783 0.29301338471875915 0.29675886558274245 0.0 0.6937356027044913 0.69503807297893 0.6871363510825884
0 0.675293 0.082031 0.100586 0.091797 0.0 0.027586068947400882 0.06873614404928735 0.07669551687924953 0.07843375422520268 0.25979820614407806 0.23920154028977195 0.23890180281118767 0.2351996264754203 0.7678247225431581 0.7190702162648934 0.7401424414189617 0.721801001116557
0 0.704590 0.832031 0.161133 0.101562 0.0 0.10343012906891946 0.05280258474500693 0.05762445874965237 0.013364636386239933 0.29503402293432535 0.3068066933573024 0.30876907895913425 0.32116148480407514 0.7451132051880041 0.7234308936222451 0.7371827001911183 0.7097397237758839
0 0.371582 0.477051 0.108398 0.106445 0.0 0.03981847598708901 0.07320736796791702 0.057049654311067524 0.11628162207237776 0.2881330777411679 0.28852243684956697 0.2196879287219905 0.18052476295913752 0.6714108346931291 0.6791425240878053 0.6599813681539318 0.6301557256047295
0 0.255371 0.095703 0.102539 0.105469 0.0 0.03654586756550459 0.06727733948618767 0.05861866858342755 0.08892115260601019 0.293261709448706 0.2527605125424574 0.24323782808664707 0.226401510936202 0.40752905640337284 0.41102279365915895 0.41534228181285215 0.4068218560878487
0 0.705078 0.608398 0.097656 0.080078 0.0 0.07539184013118827 0.10163082074156785 0.09142181034592148 0.0431437735317767 0.2960523959494763 0.28170915102631156 0.2884931866703504 0.31977723771967836 0.1915223209501456 0.2058196941661585 0.20349809519302633 0.19919154263655736
0 0.356934 0.590820 0.114258 0.089844 0.0 0.0426307398975762 0.05111142786647695 0.03478585591352598 0.1224220901955762 0.26875827984845124 0.2813668418575782 0.2742663242927484 0.17027412787950447 0.4048623987694184 0.39639835309053395 0.4167872462772638 0.5558482488306231
0 0.036133 0.121582 0.070312 0.083008 0.0 0.0947681789189558 0.04106600554480177 0.1340951972531981 0.07669546882589541 0.3136832026396131 0.20783524066386505 0.31884651769937444 0.3238562862714476 0.27647923996914925 0.2439174819142478 0.27678627856582616 0.2948950908129051
0 0.445312 0.945801 0.125000 0.081055 0.0 0.10844865964782342 0.03911475948685944 0.1652070949306179 0.04575374335028194 0.31406716482645786 0.31064989728415543 0.31211023263114357 0.2925247898164487 0.8105751801222312 0.8033344308100699 0.796326666839597 0.7816824098675915
0 0.545898 0.889160 0.095703 0.073242 0.0 0.08729283305538485 0.04954085323636214 0.0954399288822684 0.05962101177897897 0.31853201061465813 0.332670161519484 0.3229713127352928 0.344857619521211 0.7795102655211607 0.7418546269166898 0.7490524990822337 0.7321992071506647
0 0.824219 0.597656 0.138672 0.072266 0.10792638482862056 0.045977303774931304 0.04739418975232745 0.049203319922226735 0.05177799497636448 0.24989920118003894 0.2527279313918403 0.2545562399003117 0.2520307031663817 0.6390275418002647 0.6244369112996174 0.6591740397940359 0.6675619396132213
0 0.289062 0.842285 0.072266 0.069336 0.0 0.0685620595255175 0.08621947651945822 0.0667394785143305 0.06314472380467295 0.26242058524629647 0.2836364231475452 0.28920174219746386 0.2852347822978203 0.17455972771421432 0.17314531949155088 0.11430214949048528 0.18163325122819615
0 0.132324 0.037109 0.071289 0.072266 0.0 0.07437315575772716 0.15885305960749235 0.0 0.18145858463140244 0.368371998576115 0.36874227999694026 0.0 0.3675502236528857 0.3789113226909273 0.37736450366210444 0.0 0.3698347121304326
0 0.728516 0.210938 0.109375 0.150391 0.0 0.016372706223972303 0.06354683640902467 0.012398350668720425 0.06829407572718739 0.2969835309769729 0.3285964167989446 0.30606552788168234 0.3279388447141712 0.7253479278768304 0.7259969767206711 0.7073280876984787 0.720678802968595
0 0.536133 0.040039 0.093750 0.070312 0.0 0.08513287595366408 0.11802116697985614 0.0 0.17476372074603758 0.2899091433121739 0.28166371517731736 0.0 0.28046778750336737 0.2069843053060619 0.20149906639257564 0.0 0.2134622363244189
0 0.918457 0.967773 0.090820 0.062500 0.0 0.0 0.13500708373196124 0.08281949855267641 0.10987762827779882 0.0 0.31390310534190946 0.32015470823542985 0.33128046828250496 0.0 0.5984472731114373 0.6086458940250882 0.6027135433394338
0 0.491211 0.284180 0.097656 0.060547 0.0 0.10869552390010838 0.12298925683259511 0.02045139096500337 0.07598390789869881 0.24052279366673193 0.20779607806935046 0.2733114327681577 0.27500972853739125 0.5085787454250712 0.5820946549496697 0.6702369730836968 0.6075852896014318
0 0.892578 0.833008 0.082031 0.066406 0.0 0.0 0.0734336608045874 0.0758051464789987 0.0864680280211194 0.0 0.3057236069744614 0.2982259687786627 0.3012428317712972 0.0 0.6286120351845169 0.62653302109649 0.617832546522211
0 0.854980 0.780762 0.133789 0.073242 0.04660683490789771 0.03413906211258512 0.09123771295766774 0.0 0.06900105037575475 0.33270414455380715 0.3054568034819345 0.0 0.2969690194138712 0.6437575236914892 0.6207297881820976 0.0 0.6325655681258916
0 0.041016 0.745117 0.080078 0.083984 0.06124564038023498 0.1430177182765819 0.07551321617419432 0.01672364506975169 0.06469933758256313 0.2838258535328195 0.2602258469012581 0.24893336206856836 0.3346554368263365 0.9666290655489591 0.9769143919195736 0.9720458811426441 0.9850145611651846
0 0.929199 0.149902 0.088867 0.057617 0.27405222052028916 0.0 0.0 0.0 0.0 0.0 0.0 0.0 0.0 0.0 0.0 0.0 0.0
0 0.640625 0.023438 0.099609 0.044922 0.0 0.0 0.056506376398912476 0.12979563441839892 0.11740660113030428 0.0 0.25074733665298327 0.26265783615093646 0.25959705420808415 0.0 0.7373463415822752 0.7442863171884084 0.7531247818198419
0 0.523926 0.099609 0.098633 0.068359 0.0 0.0 0.09131198102943107 0.12135894167626572 0.04588724458316632 0.0 0.2680736304874673 0.25462388650819323 0.27297759428552454 0.0 0.2081435692809028 0.20151304045283908 0.20513016444691093
0 0.498535 0.340332 0.106445 0.061523 0.0 0.0 0.07821249330630915 0.08784673310105298 0.10743329753535479 0.0 0.274600781030608 0.34621797579938 0.2725100330835098 0.0 0.6076853031777303 0.6124916699827591 0.6275552449147335
0 0.308105 0.231445 0.100586 0.068359 0.0 0.09269897308207549 0.03240544592008317 0.12019825324947633 0.015622843942477007 0.30185241509223737 0.2985782487212553 0.3111739579938051 0.299099662466444 0.27486727873709527 0.29308818450389884 0.2891622777779263 0.30310027295383196
0 0.387695 0.064941 0.078125 0.088867 0.0 0.06264921226878448 0.10504395908923984 0.0556479748570045 0.0932284547727522 0.26639315227650173 0.28585675751673856 0.299626847143686 0.29572389321561643 0.29753553822750595 0.29038912141688167 0.28298566182049284 0.2741929392205779
0 0.981934 0.432129 0.036133 0.120117 0.0 0.0816813407010314 0.01230716869638117 0.0 0.21990865282022581 0.29164211672675544 0.2954707920663517 0.0 0.3036189291332224 0.6661997039203724 0.7029440827162503 0.0 0.6640867393635189
0 0.911621 0.086426 0.098633 0.065430 0.0 0.10518246479062669 0.0844252878119592 0.044990620109550725 0.09893550548455927 0.3148008237185598 0.3213802981509091 0.31484215836688406 0.3147442903279657 0.7091863342627462 0.7249332873283794 0.7220334849815161 0.7311740716472366
0 0.342285 0.976074 0.114258 0.047852 0.0 0.12042019832319101 0.1467092985634136 0.0 0.0 0.2861834276164354 0.17765678627807271 0.0 0.0 0.872934655462466 0.8512025735735667 0.0 0.0
0 0.910645 0.904785 0.083008 0.067383 0.0 0.06178274773494036 0.10700623513718775 0.0 0.06215354099530225 0.2928419711274619 0.33090686484168597 0.0 0.3431257503875438 0.608955053685597 0.5995053453048631 0.0 0.6226338659447669
0 0.023438 0.602539 0.044922 0.121094 0.0 0.04996792443335892 0.056253738122734084 0.0 0.0 0.33119743534054924 0.31524069845603137 0.0 0.0 0.1092183815098288 0.018373005226089846 0.0 0.0
0 0.043945 0.013184 0.085938 0.024414 0.0 0.0 0.07553380396360367 0.0 0.0 0.0 0.13733157429648538 0.0 0.0 0.0 0.4499180363385828 0.0 0.0
0 0.100098 0.141113 0.071289 0.083008 0.0 0.12237934903535096 0.1024627085360259 0.09228261458309303 0.0 0.3248737919451618 0.33911002592945905 0.32398068411662695 0.0 0.2925513215171754 0.28264829727577684 0.28160998583066177 0.0
