0 0.169434 0.759277 0.114258 0.114258 0.0 0.11933400389167892 0.10556338748268525 0.07902880001991591 0.05472397871705408 0.26307682794858855 0.26848272599361594 0.33837387393072765 0.2861385409088327 0.6379720558933557 0.6451373648310258 0.6422424074950758 0.6506235258175344
0 0.483398 0.800293 0.144531 0.147461 0.03971071331243799 0.0 0.1216520803417693 0.006385635774384264 0.2360047647339775 0.0 0.17910880027913664 0.24877710715454043 0.21519799033154496 0.0 0.4763069438560965 0.49950501113061135 0.4751072782720822
0 0.297363 0.726074 0.094727 0.069336 0.0 0.0 0.18104598619957135 0.0 0.1677969243831376 0.0 0.205833409261938 0.0 0.3479107966188867 0.0 0.5669319265073522 0.0 0.6107299086953055
0 0.622070 0.749023 0.097656 0.070312 0.0 0.0 0.14721655071468898 0.0 0.13924398847427602 0.0 0.2963389890781726 0.0 0.29638412899833894 0.0 0.48328210526496934 0.0 0.47888945875037653
0 0.191895 0.152344 0.155273 0.160156 0.0 0.09729507797396227 0.06931967172390982 0.02280801737730516 0.07986409179899767 0.3641698076935472 0.3892073769838971 0.39809995966954737 0.3866304915227522 0.34446986612816566 0.23250577260371932 0.3504329427863717 0.26335569522426
0 0.629883 0.810059 0.115234 0.051758 0.0 0.0 0.13799136569105433 0.0 0.11585167401642087 0.0 0.26243848552011706 0.0 0.26726270388722645 0.0 0.4676996701896163 0.0 0.48104537001639563
0 0.399414 0.090820 0.132812 0.134766 0.0 0.07597232525712239 0.07078963168883363 0.052628770988002366 0.0880444421639398 0.23531745297385268 0.2278518567198844 0.233127904918872 0.2302438525071099 0.24878149614997339 0.2087813761401479 0.2637706700834498 0.21101232336012604
0 0.142090 0.305664 0.129883 0.144531 0.025607482126384792 0.0 0.05510266247025202 0.0 0.06174206301919001 0.0 0.25897484471814614 0.0 0.3048448686390637 0.0 0.28843019698611594 0.0 0.347670033793335
0 0.324219 0.856934 0.109375 0.071289 0.0 0.13282057364791738 0.0 0.13209103022101126 0.03963286553414412 0.2901912338951549 0.0 0.2822865698653143 0.3624454920486485 0.6661482763331048 0.0 0.6301352950698043 0.6244523658657872
0 0.493652 0.937012 0.092773 0.112305 0.0 0.11023485517374632 0.11849536646365368 0.0 0.15300038706304264 0.356426321592928 0.43489657062857573 0.0 0.32374610626269534 0.5557902673712365 0.2537117712250347 0.0 0.5575873509698921
0 0.611816 0.142578 0.096680 0.109375 0.0 0.0799727360277991 0.13025937227723092 0.0 0.13784410192593383 0.34780529061195375 0.3715993343542844 0.0 0.36766634154187094 0.35283959710442864 0.32625457244960687 0.0 0.3317409153895171
0 0.576660 0.242676 0.083008 0.104492 0.0 0.05006777840240052 0.13222931872558438 0.0 0.14541111597695527 0.3547559056792282 0.3908153494359841 0.0 0.3869349824865442 0.34334788457584003 0.34201165277680856 0.0 0.33910523570860046
0 0.668945 0.397949 0.099609 0.100586 0.0 0.0 0.16741909991452517 0.0 0.2027568842066913 0.0 0.2458949367625815 0.0 0.23298404978806372 0.0 0.36444092249242 0.0 0.36931288567784354
0 0.632324 0.868652 0.118164 0.063477 0.013025453468873332 0.030708501114883775 0.11769020557673772 0.021059334565300656 0.2800019406633459 0.2333509785103257 0.15522491621111162 0.3127499038861733 0.2266826261333637 0.46426989685969355 0.5777207062255684 0.4662819085337983 0.547883668540221
0 0.102539 0.955078 0.082031 0.089844 0.0 0.10424964492166662 0.19083387649180603 0.0 0.039773124766168254 0.23882558660965 0.2536643301752788 0.0 0.3454845830621149 0.637097633904782 0.6455581139702725 0.0 0.5629387715087631
0 0.195801 0.430176 0.079102 0.088867 0.0 0.10433818014751912 0.0 0.10189122157574093 0.13444427152954255 0.0792110228777944 0.0 0.2869793413680325 0.26492238242510585 0.08823031060974593 0.0 0.3150504531939243 0.2548823248351548
0 0.527832 0.472168 0.106445 0.118164 0.0 0.0 0.15820017210651144 0.0 0.1568705016356149 0.0 0.3045612314384856 0.0 0.28528838087223496 0.0 0.35263489308018353 0.0 0.3496521190771023
0 0.320801 0.468750 0.069336 0.101562 0.0 0.07221030371305351 0.04937025825841818 0.05746449572515789 0.0 0.3010838434075804 0.3285861910864019 0.2475276033019934 0.0 0.37633353340717357 0.35478323421987296 0.38379462461944375 0.0
0 0.517090 0.109863 0.077148 0.088867 0.0 0.11345731528310886 0.04841464231779383 0.10446050558802306 0.0 0.315488394532847 0.3129818850953931 0.31650516939248735 0.0 0.3532121288108281 0.32491952222083503 0.3413657171682966 0.0
0 0.629395 0.927734 0.112305 0.054688 0.0 0.0 0.07289330769428921 0.0 0.10746208544985221 0.0 0.1454698705926531 0.0 0.24399886569390183 0.0 0.4908525197436726 0.0 0.48938442386505493
0 0.258789 0.315430 0.095703 0.070312 0.0 0.11462201543025344 0.0 0.021309713280890152 0.07640459685006903 0.27927465018126707 0.0 0.4041397382528107 0.21995089732030626 0.214046798840545 0.0 0.34433810777917084 0.2977805008577371
0 0.207031 0.862793 0.082031 0.077148 0.0 0.13305789714013036 0.08327488853851493 0.13876492788982248 0.0 0.29584253671504096 0.2772910632832442 0.2802216536066377 0.0 0.6457233280256097 0.6386065276741366 0.6540670314606271 0.0
0 0.287598 0.624023 0.051758 0.078125 0.0 0.06838241412045112 0.17384024520335878 0.0 0.09355705551091678 0.28795505824743994 0.28662984180432677 0.0 0.3629755447159711 0.3588660835147738 0.30639935044985944 0.0 0.32055429014086423
0 0.166504 0.500488 0.073242 0.063477 0.0 0.0 0.0906171607537534 0.0 0.23577415140153307 0.0 0.15656546153411943 0.0 0.2467879488749898 0.0 0.17623336185180025 0.0 0.2436157001262463
0 0.509766 0.629395 0.128906 0.186523 0.0 0.051396640285077434 0.1455771235935206 0.03560898792489497 0.10129172819195827 0.2938583253650464 0.27260316686952085 0.28390697675285853 0.2824287585678407 0.46383994388761685 0.471303816347431 0.5189273370544596 0.47572176879530603
0 0.242676 0.535645 0.071289 0.081055 0.0 0.1856317655857068 0.0 0.0709294044487328 0.0 0.14626366023154386 0.0 0.1524149877506472 0.0 0.22555867812916397 0.0 0.165095330860459 0.0
0 0.689941 0.318359 0.104492 0.066406 0.0 0.0 0.14806124825170786 0.0 0.16031018973311392 0.0 0.17069079497071005 0.0 0.18707140550901277 0.0 0.39808249749875635 0.0 0.3381726872139214
0 0.475098 0.263672 0.086914 0.164062 0.0 0.0 0.14259831923954117 0.0 0.10949668639859023 0.0 0.2710656062859887 0.0 0.2920121265901547 0.0 0.3334233923287166 0.0 0.3326848578887886
0 0.136230 0.873535 0.061523 0.059570 0.0 0.07840270705513362 0.0 0.10339330687304431 0.15291201221664974 0.39857795189084044 0.0 0.38696335466904713 0.2703316242252594 0.6708022648380809 0.0 0.6569553666786437 0.643720106624998
0 0.742188 0.174805 0.142578 0.218750 0.0 0.03727051082716267 0.12028513010682718 0.03673212857079892 0.11844270479903043 0.2837811473311709 0.27993280068707876 0.28234909606039493 0.276816820547653 0.30084992546775013 0.30288502839441095 0.30166713989236704 0.30137162796589256
0 0.555176 0.358887 0.096680 0.114258 0.0 0.0 0.20318844736557326 0.0 0.22175844878041132 0.0 0.31948533109717664 0.0 0.3059121380400498 0.0 0.3472377534890307 0.0 0.3416794581157875
0 0.208984 0.649902 0.099609 0.067383 0.0 0.05724567109231084 0.0 0.23020319642336423 0.05942296556044517 0.25727481621995163 0.0 0.22047704098205842 0.20947541448398016 0.38586923438764986 0.0 0.48399548592950037 0.3739416968252863
0 0.432129 0.432617 0.077148 0.171875 0.0 0.0 0.1574397352752303 0.0 0.19258937548272595 0.0 0.28331018897435956 0.0 0.28965314114745505 0.0 0.3447884571390375 0.0 0.32411585433807205
0 0.022949 0.072266 0.043945 0.089844 0.0 0.11912062603125442 0.2602703451615015 0.0 0.0 0.28937485631924387 0.34017925702070295 0.0 0.0 0.40709562455185166 0.5103883797188175 0.0 0.0
0 0.265625 0.452637 0.052734 0.084961 0.0 0.14300040804634534 0.0 0.161816209314277 0.0 0.2571269468810029 0.0 0.2260926656732108 0.0 0.302382923481464 0.0 0.31314641115743536 0.0
0 0.380859 0.366211 0.048828 0.074219 0.0 0.0 0.0 0.3018410956652837 0.0 0.0 0.0 0.08620823522678542 0.0 0.0 0.0 0.338996096872247 0.0
0 0.032227 0.401367 0.062500 0.066406 0.0 0.2408045005179928 0.0 0.11311105748955574 0.01865575543616656 0.2666338838202161 0.0 0.32623071111423835 0.3379367351643581 0.35312652377323056 0.0 0.31353800866984927 0.28197328359513024
0 0.025879 0.142578 0.049805 0.044922 0.0 0.0 0.116321999094356 0.0 0.08174950250193158 0.0 0.2284606895823889 0.0 0.2616397444200868 0.0 0.5121677787744077 0.0 0.4568952487400545
0 0.134277 0.571777 0.096680 0.065430 0.0 0.04829748740625124 0.08840315524177673 0.00845156372042342 0.09431153580548285 0.3470018668549356 0.13166838423050728 0.31972922603844006 0.3601480741830965 0.24760752397950692 0.27118756027659224 0.14498123429444074 0.21096008562325338
0 0.327637 0.361328 0.057617 0.091797 0.0 0.01990595378067559 0.049081137828141684 0.04747064922673271 0.062119428232281566 0.1817250859157488 0.2991228783478739 0.0889094942029943 0.2810376025476891 0.3751792706265469 0.378940474949346 0.62492849577645 0.3814204565610613
0 0.648926 0.492676 0.100586 0.088867 0.0 0.0 0.19375889806069124 0.0 0.2091742146876264 0.0 0.24665159659877822 0.0 0.2495382836731902 0.0 0.368415883889143 0.0 0.36545003424724753
0 0.096680 0.437988 0.058594 0.108398 0.0 0.08247531893606193 0.032003815055519524 0.025379299263266174 0.0 0.2816085834002734 0.3496297621583472 0.23084151698833627 0.0 0.343974905086312 0.23563623802781294 0.9906486982025772 0.0
0 0.329102 0.930176 0.121094 0.051758 0.0 0.12136735079829691 0.0 0.1111671820934207 0.041893707121433074 0.3780541113305007 0.0 0.3154777017052948 0.3127474907732467 0.48152178582896427 0.0 0.46884550620227655 0.43540316212472085
0 0.318359 0.975586 0.121094 0.048828 0.0 0.04622731701130205 0.0 0.10597228466928614 0.1507459785693549 0.3505119007985265 0.0 0.2996373680803798 0.18740100423613956 0.45579413282732334 0.0 0.45806304528866 0.37140003970621777
0 0.626953 0.978027 0.123047 0.043945 0.0 0.0 0.11396297126737463 0.0 0.11569860810706481 0.0 0.3165440821693662 0.0 0.32522453604041934 0.0 0.4771171990502536 0.0 0.5990773024073004
0 0.026855 0.951660 0.051758 0.041992 0.0 0.0 0.19174237097019967 0.0 0.05551480849498632 0.0 0.16267756151388232 0.0 0.38176496588281966 0.0 0.4628820508051976 0.0 0.5441952146064327
0 0.236328 0.371582 0.091797 0.051758 0.0 0.0 0.1641403948733211 0.0 0.12329945641040058 0.0 0.1748488975180198 0.0 0.25170596841374493 0.0 0.3006017720458664 0.0 0.1597602432395664
0 0.066895 0.801758 0.069336 0.056641 0.0 0.0 0.05088564974974436 0.2446223266381646 0.02891946634028997 0.0 0.34766487850117345 0.2979072916038588 0.2743047567541273 0.0 0.675715059271302 0.7845362425123394 0.7518728840359693
0 0.129395 0.672363 0.051758 0.057617 0.0 0.09326606761468502 0.0 0.1514522505908796 0.0 0.2938264592494849 0.0 0.229428726528761 0.0 0.5102115400916583 0.0 0.5715254854878657 0.0
0 0.061523 0.739258 0.085938 0.066406 0.0 0.10612546581212057 0.036446881446492774 0.035014285725702046 0.06597896082330938 0.35231789889756765 0.33633039594481556 0.27741916612860634 0.30327713974306814 0.616006863838271 0.6206284926821568 0.6673849206203053 0.5156584412627689
0 0.779785 0.028320 0.100586 0.054688 0.0 0.0 0.1946211450503449 0.0 0.1705803781876862 0.0 0.2754996422791723 0.0 0.2813471463661476 0.0 0.23151327022632573 0.0 0.23329543607233885
0 0.041016 0.856445 0.042969 0.052734 0.0 0.0 0.27509238427589827 0.0 0.0 0.0 0.19063724052566822 0.0 0.0 0.0 0.8833712325777011 0.0 0.0
0 0.566895 0.328613 0.084961 0.065430 0.0 0.0 0.1879675590928626 0.0 0.17039993580310644 0.0 0.3266982363613627 0.0 0.3221927051184293 0.0 0.3446895806644281 0.0 0.3423761374111289
0 0.076660 0.652832 0.071289 0.092773 0.0 0.0 0.0833335595060191 0.0 0.1824351257819146 0.0 0.21130765992755662 0.0 0.3060156493871097 0.0 0.29113465677690104 0.0 0.2446403251054738
0 0.942383 0.967285 0.087891 0.065430 0.416978872560313 0.0 0.0 0.0 0.0 0.0 0.0 0.0 0.0 0.0 0.0 0.0 0.0
0 0.145508 0.027344 0.083984 0.052734 0.0 0.0 0.0 0.0 0.13169184253797295 0.0 0.0 0.0 0.18054694214607891 0.0 0.0 0.0 0.3979336879867532
0 0.026855 0.237793 0.051758 0.155273 0.16988421924956124 0.0 0.0 0.0 0.057590518147664756 0.0 0.0 0.0 0.19593339054852627 0.0 0.0 0.0 0.28898744367955087
0 0.548828 0.385254 0.087891 0.065430 0.0 0.0 0.23398375351271483 0.0 0.18251099636719453 0.0 0.31934126400404905 0.0 0.3107923960118102 0.0 0.3484178204501316 0.0 0.3411124006326948
0 0.016113 0.901367 0.030273 0.064453 0.0 0.0 0.18592420800646892 0.1276620741954061 0.0 0.0 0.36073061114176974 0.3568885800044655 0.0 0.0 0.6244445157824061 0.6617643510912684 0.0
0 0.050781 0.535645 0.050781 0.067383 0.0 0.0 0.1129213175002278 0.0 0.10571725711491585 0.0 0.3326682608093513 0.0 0.346514796389063 0.0 0.22513654869895908 0.0 0.22152170776305222
0 0.021484 0.619629 0.041016 0.104492 0.0 0.05016243488426826 0.16552552167118068 0.03869998227585428 0.0 0.20862930964018384 0.3225564982303973 0.1913403244000882 0.0 0.24749253996415035 0.21048573601103854 0.18077421493847268 0.0
0 0.690918 0.576660 0.209961 0.069336 0.25608546589857933 0.008513477854898092 0.00815011599356757 0.010931684221341675 0.03254243958702312 0.4913787988661073 0.10531727624730555 0.4551510868661149 0.2549811229942578 0.7594808875620798 0.5804409592390188 0.1045784019456287 0.3199172743237635
