0 0.454102 0.363770 0.113281 0.137695 0.027308095709504772 0.05918978626865869 0.1334987392498633 0.10366175641682333 0.05049164742311515 0.2666021589113798 0.299879959125114 0.2806868682032145 0.29162358333427885 0.6820489302164147 0.5252573541601967 0.6867380270995302 0.5527716554742451
0 0.462402 0.530273 0.129883 0.083984 0.0 0.08142104728931567 0.05599127645979948 0.0 0.08466347364782442 0.34096558550625794 0.34111738643614914 0.0 0.2953124063125448 0.5835351535544564 0.5459325146473349 0.0 0.6126962442663613
0 0.049805 0.489746 0.097656 0.092773 0.0 0.0508060784360133 0.08645304952206126 0.07371139687815488 0.05809862929652923 0.32058454943575404 0.33386808258305667 0.32208858346687425 0.33900577740245114 0.6853254478522606 0.6750506905652844 0.7087428475485607 0.6658559588940379
0 0.688965 0.221680 0.127930 0.087891 0.0 0.04178805418663489 0.12223078421373572 0.04217674494581782 0.13256871523037905 0.3314056178522247 0.3384148433233341 0.336509579400698 0.3483217965564845 0.5416324593304678 0.5431870860762364 0.5582828870520732 0.5446919970320648
0 0.256348 0.853027 0.127930 0.081055 0.0 0.11908125688583969 0.03282032345466579 0.10438730938823436 0.0 0.40723372401715835 0.39033785925081926 0.406117912256495 0.0 0.6857159828908038 0.7114987428697096 0.6682504079180361 0.0
0 0.664062 0.135742 0.093750 0.078125 0.0 0.03679784060558837 0.10460912590219962 0.042772405977757263 0.16136487610399047 0.3209225130167634 0.3559314362255263 0.32542594336537795 0.4021337177302894 0.5473089536586746 0.5374114347381874 0.5572723226188739 0.5499601978298864
0 0.153320 0.198730 0.119141 0.079102 0.0 0.0 0.13658573923107506 0.0 0.13138868649531113 0.0 0.26769536780231484 0.0 0.26996567651476056 0.0 0.6876929722912765 0.0 0.6947309143117164
0 0.481934 0.743164 0.120117 0.074219 0.0 0.0 0.14439730382779503 0.0 0.16878470401109624 0.0 0.335236642062211 0.0 0.3353241366399428 0.0 0.53850254237605 0.0 0.5391340444314532
0 0.653809 0.072754 0.073242 0.049805 0.0 0.0 0.13356378217625933 0.0 0.16023049437234943 0.0 0.27562393777663263 0.0 0.33678050137565685 0.0 0.5446196906274285 0.0 0.5626590373167558
0 0.127930 0.135742 0.115234 0.072266 0.0 0.0 0.1980888515503885 0.0 0.21483503429179313 0.0 0.25681480534140416 0.0 0.25716480076302345 0.0 0.6734351041808564 0.0 0.7128222640393015
0 0.480469 0.663574 0.111328 0.088867 0.0053466714827233195 0.0 0.20306432409952827 0.0 0.07219360855905664 0.0 0.27416653986865147 0.0 0.2424885165168039 0.0 0.547274115582307 0.0 0.536945044663345
0 0.497559 0.883789 0.114258 0.083984 0.0 0.0 0.18509747507161575 0.0 0.1794028640024133 0.0 0.2462637433899887 0.0 0.24737060614978412 0.0 0.5441000792431328 0.0 0.5485191796969954
0 0.431641 0.052734 0.121094 0.080078 0.0 0.0 0.09986849374881901 0.0 0.20923945481477574 0.0 0.3238686734833476 0.0 0.3142045552256052 0.0 0.5648909995787355 0.0 0.5611407621552527
0 0.184570 0.419922 0.087891 0.130859 0.30512131300322165 0.0 0.0 0.0 0.0 0.0 0.0 0.0 0.0 0.0 0.0 0.0 0.0
0 0.028320 0.338867 0.054688 0.080078 0.0 0.0 0.1639603627990659 0.0 0.0 0.0 0.26990996998281047 0.0 0.0 0.0 0.6876745687260128 0.0 0.0
0 0.259766 0.413574 0.078125 0.114258 0.0 0.16663113081916242 0.0 0.14123461424079753 0.0 0.2896245587367551 0.0 0.291201738520763 0.0 0.6736892340182639 0.0 0.6829325492579623 0.0
0 0.378418 0.378906 0.061523 0.115234 0.0 0.19458658957362465 0.0 0.1455042184795471 0.0 0.3052156162819824 0.0 0.3030700400448408 0.0 0.6749396898733114 0.0 0.6754654951750512 0.0
0 0.654785 0.022461 0.092773 0.042969 0.0 0.0 0.10088532784633004 0.08421721092900646 0.13919364104590054 0.0 0.2810227839682839 0.27730041628899477 0.3548206432217951 0.0 0.6081958218726934 0.4893824431076799 0.5922685144966873
0 0.091309 0.028320 0.122070 0.054688 0.0 0.0 0.20684278724365426 0.0 0.15653058324195826 0.0 0.23052123304556404 0.0 0.23127256572883512 0.0 0.6683718090581352 0.0 0.6906824335176778
0 0.324219 0.392090 0.072266 0.120117 0.0 0.1691902062838933 0.0 0.14265354945314293 0.0 0.29500932066377167 0.0 0.3007150981807828 0.0 0.682690588543442 0.0 0.6791683561153775 0.0
0 0.178223 0.258789 0.145508 0.068359 0.0 0.021304951044005427 0.10158239629662891 0.011203045713967233 0.17465986952857682 0.36463227180750124 0.33163351920485457 0.3128262298695213 0.31745504045090817 0.6932577499614544 0.6999736113133631 0.6936531382882234 0.6839362783028436
0 0.108398 0.079102 0.113281 0.066406 0.0 0.0 0.2092170517525906 0.0 0.15437311417849497 0.0 0.26048329599979253 0.0 0.2564995950908162 0.0 0.6858160552801047 0.0 0.673387483847316
0 0.176758 0.323242 0.115234 0.064453 0.0 0.0 0.17939783471096502 0.0 0.16522390460436204 0.0 0.3034767945085229 0.0 0.3046057380604635 0.0 0.6860095962793361 0.0 0.678648399110023
0 0.437988 0.180176 0.139648 0.073242 0.0 0.010088473603239079 0.152826136617696 0.023510631360907492 0.12455864227856844 0.3342042442010933 0.3474559939335647 0.32403819641167564 0.3426089064686164 0.5550110544217348 0.51822928548411 0.5756783850657545 0.5625257473451588
0 0.490234 0.811035 0.121094 0.067383 0.0 0.0 0.15809514122650484 0.0 0.14723808805776503 0.0 0.3368135821587877 0.0 0.28457504301724873 0.0 0.5265821476123048 0.0 0.54228326049472
0 0.485840 0.593750 0.094727 0.052734 0.0 0.0 0.09270629741895135 0.0 0.08835556257464411 0.0 0.275338096526246 0.0 0.27274495805911186 0.0 0.5465548017989661 0.0 0.5434546703184215
0 0.881348 0.028809 0.073242 0.055664 0.24855189963785376 0.0 0.0 0.06196732126871575 0.0 0.0 0.0 0.37459572790565243 0.0 0.0 0.0 0.5051303511997784 0.0
0 0.020508 0.265625 0.039062 0.078125 0.0 0.0 0.10986475778261817 0.0 0.0 0.0 0.2253510915627853 0.0 0.0 0.0 0.6892893962005331 0.0 0.0
0 0.432129 0.121094 0.135742 0.054688 0.0 0.0198702655811765 0.17663848620520398 0.020311903350753453 0.11974492226945657 0.3235544188768836 0.34980541272030374 0.3131323271368233 0.3361945321784645 0.564714704175572 0.5437657733638325 0.5586635562618147 0.5340238026991426
0 0.969238 0.396973 0.061523 0.057617 0.0 0.0 0.20068172364648235 0.0 0.1408105276066956 0.0 0.24014070649224176 0.0 0.18889769290483527 0.0 0.5780699158836128 0.0 0.4611039772887458
0 0.460938 0.250488 0.099609 0.083008 0.0 0.0 0.19278963927126774 0.0 0.12777186608121355 0.0 0.31781770944020993 0.0 0.2880020860489276 0.0 0.5475488568440896 0.0 0.5401497541623489
0 0.042480 0.406250 0.081055 0.076172 0.0 0.0 0.1671021663411447 0.0 0.12992910010452177 0.0 0.32238818293496513 0.0 0.2732221800852542 0.0 0.6763302126698002 0.0 0.7052208191081628
0 0.234375 0.648438 0.087891 0.181641 0.0 0.07819271028123811 0.03844963854200846 0.033828683341431326 0.10770839737624603 0.29028008554026974 0.33535147053510855 0.29337009816604503 0.32656125158875776 0.7278557456670868 0.6786348513049963 0.7115519525722049 0.6787821190357736
0 0.957031 0.028320 0.085938 0.054688 0.0 0.0656448646395334 0.0 0.2810826314008074 0.0 0.35056821090812007 0.0 0.2629910418216771 0.0 0.5085868274453116 0.0 0.5008735479035603 0.0
0 0.054688 0.713379 0.107422 0.096680 0.0 0.17602035059560975 0.10139160508452624 0.16075337866957704 0.0 0.2573168002375328 0.2607789040043119 0.2634488850284899 0.0 0.6841034511187546 0.6859847799253517 0.7004329358403601 0.0
0 0.307617 0.761230 0.083984 0.118164 0.0 0.03789665019441836 0.10649138191530237 0.03829175166129818 0.12829804713212667 0.3128416699277287 0.3042517444911165 0.3175733752348307 0.3057408551223758 0.700053081195596 0.6708712029484152 0.6600384381789967 0.689532381443429
0 0.317383 0.592285 0.072266 0.116211 0.008789512254228665 0.08331431478883182 0.0 0.06002289536244248 0.0 0.22886949340332038 0.0 0.24731331397109077 0.0 0.6690734274456235 0.0 0.7308745926001178 0.0
0 0.944336 0.024902 0.056641 0.047852 0.0 0.11382754853751602 0.0 0.48739451356199115 0.0 0.3505682109081202 0.0 0.26299104182167715 0.0 0.5085868274453117 0.0 0.5008735479035604 0.0
0 0.715820 0.296387 0.175781 0.096680 0.0273113170308871 0.026404521029218853 0.0542685424577041 0.0 0.10338280853873501 0.3230665857126636 0.2683004723346481 0.0 0.34225837465749237 0.5315759923605041 0.6094811181066533 0.0 0.5332915006154243
0 0.721680 0.390625 0.193359 0.107422 0.0957868922257639 0.0 0.03212681303079087 0.02911658199617111 0.08001837688376891 0.0 0.33354373362403 0.340319210935248 0.3442264583659808 0.0 0.524478282467872 0.5466167721677095 0.5461012927308108
0 0.811035 0.028809 0.073242 0.055664 0.14788119640276418 0.0 0.0 0.15915651975552075 0.0 0.0 0.0 0.26475796808371815 0.0 0.0 0.0 0.5148579047161078 0.0
0 0.739746 0.028809 0.073242 0.055664 0.0 0.0 0.04269262156831146 0.1427432822340779 0.03224525907646546 0.0 0.3441155717032392 0.28408507372435854 0.3345341237882164 0.0 0.5153424547187488 0.49246348292598074 0.5152865148353445
0 0.381836 0.583496 0.072266 0.116211 0.0 0.18157100481123484 0.0 0.15544781491767845 0.0 0.22449579295240638 0.0 0.22482845644865485 0.0 0.6829985541840188 0.0 0.6849746240378143 0.0
