0 0.894531 0.079102 0.078125 0.105469 0.0 0.10238180318516081 0.03990027393504564 0.14125363035611577 0.041069914369309415 0.33053409239880055 0.3079970688302957 0.33742752415726507 0.31314574475761897 0.5193049030622068 0.5254743336176111 0.5020220876217423 0.5117806546253677
0 0.454102 0.613770 0.113281 0.137695 0.027308095709504772 0.05918978626865869 0.1334987392498633 0.10366175641682333 0.05049164742311515 0.2666021589113798 0.299879959125114 0.2806868682032145 0.29162358333427885 0.6820489302164147 0.5252573541601967 0.6867380270995302 0.5527716554742451
0 0.815430 0.081543 0.080078 0.102539 0.0 0.12671670953693992 0.051160361451099576 0.15334424053759657 0.055957710011138945 0.3169221640869958 0.286723919672863 0.3414196098716899 0.28966971947068243 0.5255703955388357 0.5269834734010993 0.5006095286103927 0.5007492919878707
0 0.654785 0.249023 0.088867 0.089844 0.0 0.1365939090623369 0.05787071197646669 0.07666026991467914 0.09867421177467217 0.32179225570938036 0.28210450420403826 0.2799162286485357 0.34847216384536644 0.5144678863094378 0.6056119423369299 0.4896608871528441 0.5811037354974028
0 0.733887 0.081055 0.081055 0.103516 0.0 0.07721287503972532 0.03430034110771909 0.1278901404329475 0.03965724452764226 0.3306098323242483 0.3047234868377229 0.3249646727453976 0.30303025828523034 0.5144750877878627 0.5297446058321985 0.5012077772906953 0.48734781323653886
0 0.462402 0.780273 0.129883 0.083984 0.0 0.08142104728931567 0.05599127645979948 0.0 0.08466347364782442 0.34096558550625794 0.34111738643614914 0.0 0.2953124063125448 0.5835351535544564 0.5459325146473349 0.0 0.6126962442663613
0 0.414551 0.155762 0.129883 0.108398 0.0 0.0 0.21446618416435778 0.0 0.1437973747149723 0.0 0.33157013136747976 0.0 0.30099983988249873 0.0 0.6362941481578811 0.0 0.6301760002148812
0 0.049805 0.739746 0.097656 0.092773 0.0 0.0508060784360133 0.08645304952206126 0.07371139687815488 0.05809862929652923 0.32058454943575404 0.33386808258305667 0.32208858346687425 0.33900577740245114 0.6853254478522606 0.6750506905652844 0.7087428475485607 0.6658559588940379
0 0.688965 0.470703 0.127930 0.087891 0.0 0.04178805418663489 0.12223078421373572 0.04217674494581782 0.13256871523037905 0.3314056178522247 0.3384148433233341 0.336509579400698 0.3483217965564845 0.5416324593304678 0.5431870860762364 0.5582828870520732 0.5446919970320648
0 0.054688 0.957520 0.107422 0.084961 0.0 0.2002990196432801 0.11537665406170229 0.18292625848607044 0.0 0.2573168002375328 0.2607789040043119 0.2634488850284899 0.0 0.6841034511187546 0.6859847799253517 0.7004329358403601 0.0
0 0.967285 0.076172 0.065430 0.109375 0.0 0.048113459843416966 0.07782573249969614 0.12418819245187918 0.05260222110824003 0.3189409706426811 0.2894273973320417 0.3110376832762272 0.2896784400052918 0.5204654030510072 0.5254404104495742 0.5044426307726042 0.47554205892914403
0 0.663574 0.385742 0.092773 0.078125 0.0 0.037185186296173504 0.10571027459590697 0.0432226418301547 0.16306345374719036 0.3209225130167634 0.3559314362255263 0.32542594336537795 0.4021337177302894 0.5473089536586746 0.5374114347381874 0.5572723226188739 0.5499601978298864
0 0.429199 0.304199 0.118164 0.077148 0.0 0.0 0.10623107484443894 0.0 0.2225700153317962 0.0 0.3238686734833476 0.0 0.3142045552256052 0.0 0.5648909995787355 0.0 0.5611407621552527
0 0.153320 0.449219 0.119141 0.078125 0.0 0.0 0.1382930609714635 0.0 0.1330310450765025 0.0 0.26769536780231484 0.0 0.26996567651476056 0.0 0.6876929722912765 0.0 0.6947309143117164
0 0.653809 0.321289 0.075195 0.048828 0.0 0.0 0.1326964848894005 0.0 0.1591900366166848 0.0 0.27562393777663263 0.0 0.33678050137565685 0.0 0.5446196906274285 0.0 0.5626590373167558
0 0.481445 0.913086 0.111328 0.087891 0.005406078943642467 0.0 0.2053205943673008 0.0 0.07299575976526837 0.0 0.27416653986865147 0.0 0.24248851651680392 0.0 0.547274115582307 0.0 0.5369450446633451
0 0.128418 0.385254 0.116211 0.073242 0.0 0.0 0.19380524949445294 0.0 0.21018930189758406 0.0 0.25681480534140416 0.0 0.25716480076302345 0.0 0.6734351041808564 0.0 0.7128222640393015
0 0.092285 0.276855 0.116211 0.069336 0.0 0.0 0.17136933491603504 0.0 0.12968565305878896 0.0 0.23052123304556404 0.0 0.23127256572883512 0.0 0.6683718090581352 0.0 0.6906824335176778
0 0.740234 0.235840 0.080078 0.075195 0.0 0.2479164228697573 0.0211178014952842 0.11977768891814952 0.014170475144157651 0.3643458479723152 0.34118761474734405 0.2891602106126551 0.3507882798644759 0.5093161781824602 0.5157466299770876 0.4729525566459547 0.5270890817211265
0 0.872070 0.254883 0.083984 0.107422 0.025262713996422125 0.15236992094259116 0.0 0.1336902357710955 0.0 0.38868784062312667 0.0 0.18074107362394737 0.0 0.4999396079431588 0.0 0.5536614403694428 0.0
0 0.309570 0.842773 0.070312 0.107422 0.009772783448325457 0.09263457778162283 0.0 0.0667375778486955 0.0 0.2288694934033204 0.0 0.2473133139710908 0.0 0.6690734274456236 0.0 0.7308745926001179 0.0
0 0.191406 0.672852 0.087891 0.130859 0.30512131300322165 0.0 0.0 0.0 0.0 0.0 0.0 0.0 0.0 0.0 0.0 0.0 0.0
0 0.028320 0.588867 0.054688 0.080078 0.0 0.0 0.1639603627990659 0.0 0.0 0.0 0.26990996998281047 0.0 0.0 0.0 0.6876745687260128 0.0 0.0
0 0.260742 0.666504 0.078125 0.114258 0.0 0.16663113081916242 0.0 0.14123461424079753 0.0 0.2896245587367551 0.0 0.291201738520763 0.0 0.6736892340182639 0.0 0.6829325492579623 0.0
0 0.386230 0.633789 0.061523 0.115234 0.0 0.19458658957362465 0.0 0.1455042184795471 0.0 0.3052156162819824 0.0 0.3030700400448408 0.0 0.6749396898733114 0.0 0.6754654951750512 0.0
0 0.076172 0.215332 0.126953 0.073242 0.0 0.04332885043230274 0.12155297161671252 0.05024585010016364 0.0806202447982547 0.3187948309078728 0.32080583924808315 0.3149471212022713 0.3163942435329799 0.67726332022895 0.6889468476512035 0.6821769785537772 0.6817259305680491
0 0.330078 0.644043 0.072266 0.120117 0.0 0.1691902062838933 0.0 0.14265354945314293 0.0 0.29500932066377167 0.0 0.3007150981807828 0.0 0.682690588543442 0.0 0.6791683561153775 0.0
0 0.178223 0.508789 0.145508 0.068359 0.0 0.021304951044005427 0.10158239629662891 0.011203045713967233 0.17465986952857682 0.36463227180750124 0.33163351920485457 0.3128262298695213 0.31745504045090817 0.6932577499614544 0.6999736113133631 0.6936531382882234 0.6839362783028436
0 0.634766 0.091309 0.117188 0.084961 0.03241998465187437 0.05903627153636008 0.040680872598221784 0.1391730250176697 0.10525320799139731 0.33908163135453206 0.32149065892896866 0.31814809774644043 0.3216041310243471 0.510466533820672 0.6475953222403411 0.5000119629490074 0.6496061311951655
0 0.058594 0.150391 0.113281 0.074219 0.0 0.0 0.2017885507819515 0.0 0.21150834121593276 0.0 0.23803615111277562 0.0 0.24520828012606202 0.0 0.6979091897968277 0.0 0.6555676720847341
0 0.045898 0.093262 0.089844 0.071289 0.0 0.0 0.21979321403614505 0.0 0.17798266893616238 0.0 0.2619524964415546 0.0 0.2516066587308488 0.0 0.652163580430218 0.0 0.7240958707193617
0 0.178711 0.574219 0.113281 0.066406 0.0 0.0 0.17712352139059273 0.0 0.16312928106728844 0.0 0.3034767945085229 0.0 0.3046057380604635 0.0 0.6860095962793361 0.0 0.678648399110023
0 0.107422 0.329590 0.113281 0.061523 0.0 0.0 0.22582157966946284 0.0 0.16662494863710567 0.0 0.26048329599979253 0.0 0.2564995950908162 0.0 0.6858160552801047 0.0 0.673387483847316
0 0.948242 0.250000 0.072266 0.103516 0.0 0.16758322798708353 0.0 0.09258188163656589 0.0 0.3492867949806981 0.0 0.23739295138629496 0.0 0.503965483877663 0.0 0.4992085397669972 0.0
0 0.040039 0.033203 0.078125 0.064453 0.0 0.0 0.29093503736808013 0.0 0.07272447376855333 0.0 0.21107457303526983 0.0 0.21105883537871944 0.0 0.6883675103900583 0.0 0.6856734763443535
0 0.438477 0.430176 0.138672 0.073242 0.0 0.010159519191994284 0.15390237701641216 0.023676199187392756 0.12543581581574145 0.3342042442010933 0.3474559939335647 0.32403819641167564 0.3426089064686164 0.5550110544217348 0.51822928548411 0.5756783850657545 0.5625257473451589
0 0.396484 0.053711 0.132812 0.089844 0.0 0.0 0.1952736597790588 0.0 0.21969734248808548 0.0 0.27519946029911113 0.0 0.2541965128282106 0.0 0.7109111568736116 0.0 0.5418246836184936
0 0.486816 0.846680 0.094727 0.052734 0.0 0.0 0.09270629741895135 0.0 0.08835556257464411 0.0 0.275338096526246 0.0 0.27274495805911186 0.0 0.5465548017989661 0.0 0.5434546703184215
0 0.983887 0.250000 0.032227 0.101562 0.0 0.17066093461274598 0.0 0.22784374362568954 0.0 0.2920787935081308 0.0 0.29854477387755124 0.0 0.508039236371631 0.0 0.5407732253946886 0.0
0 0.020508 0.515625 0.039062 0.078125 0.0 0.0 0.10986475778261817 0.0 0.0 0.0 0.2253510915627853 0.0 0.0 0.0 0.6892893962005331 0.0 0.0
0 0.250488 0.875977 0.088867 0.132812 0.0 0.0888109807897238 0.02538052204809962 0.034081740671081134 0.0822839299238725 0.28605224931572953 0.34255055581719424 0.2896040054121781 0.3287073055936574 0.721854678604563 0.686860321336367 0.7186424478405861 0.6478426845712367
0 0.480957 0.977539 0.118164 0.044922 0.0 0.0 0.09503543155397241 0.0 0.09013753493645772 0.0 0.27546788151116874 0.0 0.273276789736261 0.0 0.5527346051780121 0.0 0.5448688230405774
0 0.431152 0.371094 0.131836 0.054688 0.0 0.020459014190989142 0.18187221912980261 0.020913737524109112 0.12329291996632935 0.3235544188768836 0.3498054127203038 0.3131323271368233 0.33619453217846457 0.564714704175572 0.5437657733638325 0.5586635562618147 0.5340238026991427
0 0.451660 0.502930 0.118164 0.078125 0.0 0.0 0.17267419137209622 0.0 0.11444029740951668 0.0 0.31781770944020993 0.0 0.2880020860489275 0.0 0.5475488568440896 0.0 0.5401497541623488
0 0.970215 0.646973 0.059570 0.055664 0.0 0.0 0.21453378394994965 0.0 0.15052997731207582 0.0 0.24014070649224173 0.0 0.18889769290483527 0.0 0.5780699158836128 0.0 0.46110397728874575
0 0.427734 0.237305 0.117188 0.056641 0.40436613570944946 0.0 0.0 0.0 0.0 0.0 0.0 0.0 0.0 0.0 0.0 0.0 0.0
0 0.042480 0.656250 0.081055 0.076172 0.0 0.0 0.1671021663411447 0.0 0.12992910010452177 0.0 0.32238818293496513 0.0 0.2732221800852542 0.0 0.6763302126698002 0.0 0.7052208191081628
0 0.810547 0.230469 0.060547 0.062500 0.0 0.27293010978700977 0.0 0.08334628013245834 0.0 0.37345016000036707 0.0 0.30774367427153204 0.0 0.507674192139424 0.0 0.5166336301811579 0.0
0 0.939453 0.243652 0.054688 0.100586 0.0 0.2278992441627398 0.0 0.1259036545695601 0.0 0.3492867949806981 0.0 0.23739295138629501 0.0 0.503965483877663 0.0 0.4992085397669973 0.0
0 0.376953 0.832031 0.085938 0.107422 0.0 0.16517709383964194 0.0 0.14141254733110295 0.0 0.22449579295240638 0.0 0.22482845644865485 0.0 0.6829985541840188 0.0 0.6849746240378143 0.0
0 0.294434 0.968750 0.108398 0.062500 0.0 0.09379141674146205 0.06027746671842841 0.030267582893097885 0.10747518515008574 0.28869517630526975 0.34576633904723375 0.24856004818827585 0.2856373073129781 0.6906502197578543 0.6666903837249065 0.6851574454345989 0.6896047755000884
0 0.739746 0.384766 0.059570 0.087891 0.09923089499417535 0.11521192227865043 0.0 0.0 0.0 0.07438121751322183 0.0 0.0 0.0 0.15851667582772527 0.0 0.0 0.0
0 0.605957 0.023438 0.084961 0.044922 0.21435391476957855 0.0 0.0 0.0 0.0 0.0 0.0 0.0 0.0 0.0 0.0 0.0 0.0
0 0.631836 0.071777 0.126953 0.124023 0.07007004815187864 0.0459316478483951 0.02893316889948046 0.08537205395583214 0.05329043923057415 0.32102525232337986 0.32387007578199023 0.31459663588108455 0.33122742366807967 0.4976625853115752 0.6296179607809045 0.5003690300606182 0.6464631817030888
0 0.693848 0.553711 0.127930 0.087891 0.03745112416528137 0.039795004731157935 0.08545840990794888 0.009134489722712469 0.1107613128158712 0.32222370081733703 0.2337299546166331 0.09725407364555151 0.3328653546650153 0.5273507614489436 0.5539707730911435 0.46520364933682573 0.5602349058978182
0 0.717285 0.639160 0.168945 0.098633 0.11859620658295295 0.0 0.053039384229670694 0.028301313736354854 0.10205266646542127 0.0 0.33550218782463326 0.341348384750285 0.33757618144277557 0.0 0.3646373980733495 0.5475957659487449 0.552372620644735
