0 0.450195 0.522461 0.099609 0.107422 0.009445320359680109 0.02234343322618029 0.05898319542045156 0.052557309566436144 0.043794631034458825 0.18341854759065604 0.26671990740469886 0.2729199074224327 0.18501723397267936 0.359849175409311 0.35268503057140227 0.4082269125154003 0.3407224727220779
0 0.263672 0.562988 0.199219 0.206055 0.0 0.0 0.13046169900607318 0.07415136324494445 0.12229131362803386 0.0 0.28775765018916144 0.29073380831229595 0.2851220300186024 0.0 0.3103609740049529 0.3094540108921264 0.3096241660850653
0 0.728027 0.742188 0.151367 0.091797 0.0 0.0 0.10596334407141986 0.09232031654371572 0.13676177477512172 0.0 0.24716123755732677 0.21637004809569135 0.24662236894197095 0.0 0.5557152353903623 0.5546936668175305 0.5593198337225272
0 0.548340 0.538574 0.083008 0.106445 0.0 0.10769702712336737 0.18201463568889378 0.0 0.11068835115863286 0.29068493731908923 0.24396771249532836 0.0 0.25757689768631997 0.3981405819342364 0.5584565676960688 0.0 0.5062563976246612
0 0.559082 0.631348 0.092773 0.081055 0.0 0.0 0.1927270594104127 0.0 0.19039287064473057 0.0 0.31336308491021053 0.0 0.15530379114106896 0.0 0.5268903290678867 0.0 0.5726710321661235
0 0.195801 0.943848 0.083008 0.092773 0.0 0.10224023096323108 0.05349275067661163 0.09095042992586225 0.0 0.2502582458869437 0.2442029423334436 0.2404387393461627 0.0 0.29970609645474533 0.3205199127852148 0.3078062657003563 0.0
0 0.712402 0.650879 0.139648 0.088867 0.0 0.0 0.12566745586868544 0.0 0.12147288486758596 0.0 0.14583493788885488 0.0 0.1640588250323841 0.0 0.5606235021284984 0.0 0.5589443251001581
0 0.898926 0.286621 0.112305 0.083008 0.0 0.06934788551119132 0.024852327348382507 0.08856357505610167 0.019095304714783694 0.2014325690307517 0.18741395154266954 0.18597435620057184 0.18704808449527396 0.2940599585228496 0.29949698894761684 0.29552217047808826 0.2462477514684063
0 0.666504 0.209961 0.106445 0.150391 0.0 0.1350297844007968 0.12944060238103466 0.0851729763632311 0.0685719650718861 0.31706601711820215 0.3787199905768345 0.3435281532292551 0.1827726948131386 0.18381729022425877 0.1943530942774407 0.18685552129316457 0.20110976331945982
0 0.567383 0.770020 0.095703 0.073242 0.07310062244181015 0.0 0.15477162549726825 0.0 0.04231652122284836 0.0 0.12758507487593862 0.0 0.2596210565611562 0.0 0.5780538796847104 0.0 0.5518068957385202
0 0.889648 0.617676 0.150391 0.127930 0.0 0.035722703236384656 0.05148486731009502 0.06619673564330991 0.051318020749695464 0.33989134651160513 0.3305818021272247 0.32240881222761386 0.302530131698007 0.14286000769432716 0.24318147642204693 0.13660186444829536 0.4976141789737081
0 0.390625 0.966797 0.097656 0.066406 0.0 0.29360748276082327 0.0 0.10469825982283422 0.0 0.3466025171795847 0.0 0.1400818147945811 0.0 0.391044341408671 0.0 0.3629362893680953 0.0
0 0.567871 0.702148 0.083008 0.066406 0.0 0.030131350977149488 0.0858122978298206 0.026511825109922005 0.15485506457262024 0.40499584298735397 0.35040655882515936 0.45162496434363764 0.22814381081808252 0.5520516093453591 0.5388344186511168 0.525921602546534 0.5374826564721256
0 0.076172 0.091797 0.119141 0.121094 0.05063374889633894 0.0 0.07736067301987597 0.08892225187997581 0.11877183254896456 0.0 0.3498477776330734 0.38563028963175433 0.3921638921895214 0.0 0.18354192988218124 0.39494081032598716 0.18693924573942539
0 0.289551 0.358398 0.208008 0.208984 0.03121106450784621 0.08126579923344006 0.10101223823958402 0.06899483637987656 0.08076733402713417 0.2150744879451994 0.18346836871903494 0.254071401307107 0.2051522872058743 0.3814161807325432 0.371932179309785 0.36637153176554343 0.37386599853195485
0 0.699219 0.565430 0.128906 0.087891 0.0 0.043098593156222956 0.18559943302788323 0.03277092854578869 0.11310260176841148 0.28272185273190764 0.2286791591262374 0.29253052226513965 0.33540044233084587 0.5548490271564239 0.5584185225937545 0.5781875002223147 0.552832964451435
0 0.157227 0.791504 0.111328 0.094727 0.0 0.2300185385143529 0.0 0.2268437681475002 0.0 0.2817181279815673 0.0 0.28282658032837615 0.0 0.2884699799241296 0.0 0.2861532758845726 0.0
0 0.733887 0.942383 0.147461 0.115234 0.0335827376301578 0.08367602781802272 0.0032937058457884164 0.03944800313261006 0.24787595576814328 0.24687740260371172 0.38804094999368954 0.1183149231925083 0.2294130555907422 0.4134015313483873 0.21454876890255908 0.6670612386836038 0.5795296065999532
0 0.808105 0.242188 0.100586 0.070312 0.0 0.0 0.08039482994905439 0.0 0.17298707292811613 0.0 0.17052513796882493 0.0 0.317103745300597 0.0 0.2429585043820301 0.0 0.1959069805556889
0 0.418457 0.145996 0.135742 0.096680 0.0 0.1435816617918607 0.03183683245292138 0.1434183609507312 0.0 0.19268784508685244 0.22632956511919242 0.23116830338554092 0.0 0.38301786009291133 0.3112831823521383 0.38855625155138673 0.0
0 0.302734 0.956543 0.113281 0.086914 0.0 0.05412546992298762 0.09378711291849261 0.0 0.11089773228418377 0.24919367986131552 0.254782480959704 0.0 0.24634569833395872 0.3691644909633374 0.3294904555681367 0.0 0.2961375781139212
0 0.150391 0.114746 0.082031 0.086914 0.0 0.13780688760647444 0.0 0.1791078746888353 0.0 0.2504598462027713 0.0 0.1728813106766728 0.0 0.21153510856805993 0.0 0.4314817152576293 0.0
0 0.282715 0.127930 0.090820 0.085938 0.0 0.15024654566523948 0.0 0.10678611638285693 0.0 0.28125779073261564 0.0 0.2724090968188192 0.0 0.42165570899073795 0.0 0.4025633773307125 0.0
0 0.212402 0.118164 0.071289 0.076172 0.03231584700970377 0.12758175218970508 0.0 0.16352785785027468 0.01667556812426501 0.3918877954314495 0.0 0.3578990756164448 0.40166090489572365 0.15972097918245737 0.0 0.16005728317643736 0.12436940057275415
0 0.695801 0.464844 0.129883 0.109375 0.016720451786417612 0.0 0.09854925607223847 0.0 0.1454279589265907 0.0 0.33189090191729403 0.0 0.3130907346372567 0.0 0.2019291717876926 0.0 0.2405567351978288
0 0.121582 0.920410 0.079102 0.090820 0.04035595629395583 0.20767644361339616 0.0 0.1076533802646326 0.006789957161442728 0.3844293948219416 0.0 0.3422232323464992 0.4500635803825398 0.29094045934692314 0.0 0.29766854826073685 0.9497449821110542
0 0.367676 0.857422 0.108398 0.064453 0.0 0.019130647529415314 0.12323590420365632 0.20468120843191276 0.11829897315831565 0.34760123716829744 0.26102604803555596 0.33490187303385266 0.30758925940033344 0.358739573233147 0.32805920170268404 0.37013910330282823 0.33995339342153463
0 0.567383 0.155273 0.123047 0.136719 0.0 0.06596312670650721 0.047415283441502684 0.05667088881593392 0.07762389771228023 0.3391944497389169 0.34391959815911743 0.3186120211861302 0.3372611618789327 0.2383738815656803 0.30498851795855003 0.22795271174738102 0.3087606783919941
0 0.944824 0.852051 0.110352 0.159180 0.0 0.09933280718360277 0.03547385633483063 0.1148075070131804 0.09842998149833315 0.20337672140691046 0.201811205929875 0.19031846626134727 0.20061440051317875 0.2576892968094156 0.2635154252389891 0.23779704923498104 0.2652950768349663
0 0.455078 0.055664 0.119141 0.093750 0.0 0.12225673375937782 0.04787867073956606 0.06700780684410637 0.03503668765351927 0.2861512935134563 0.335347662799314 0.2968130747858021 0.24157343805088044 0.2019045676794795 0.2464014107923376 0.2193149630042758 0.21043807891280403
0 0.761719 0.336914 0.113281 0.064453 0.07289338906039694 0.0 0.05453220016421996 0.0 0.144898779001007 0.0 0.2675864368071287 0.0 0.20618341376526142 0.0 0.18204940368767408 0.0 0.18929019685174353
0 0.727051 0.386719 0.106445 0.072266 0.0 0.0 0.12951721462058155 0.0 0.14843459199338951 0.0 0.22978506653015252 0.0 0.2584465845526491 0.0 0.2595017917342318 0.0 0.19384579200989957
0 0.611816 0.034668 0.096680 0.067383 0.024830187623425818 0.08584829853232807 0.0 0.2526143800484874 0.1158185946361263 0.10106206663984538 0.0 0.13804116777889405 0.12389814790209121 0.19153851902201757 0.0 0.07574573162576302 0.31365762046293005
0 0.400391 0.684082 0.095703 0.049805 0.13393446450904098 0.0 0.07863421733022874 0.0 0.0791608520612386 0.0 0.10842382945144667 0.0 0.20154313367782134 0.0 0.25607279012516526 0.0 0.34264939078346157
0 0.381348 0.741699 0.081055 0.057617 0.0 0.0 0.07131531915646827 0.0 0.10533951419946912 0.0 0.28685469670288344 0.0 0.34101830586495435 0.0 0.24957992837273932 0.0 0.3087538914789742
0 0.763184 0.059082 0.096680 0.116211 0.0 0.008587823911373884 0.19660352151138397 0.04618307846111043 0.15846248572743238 0.3966446142359188 0.4286464503279957 0.39964544750500935 0.33270546526927847 0.21240132833679912 0.19367352893301523 0.4564153208227607 0.24004797930426375
0 0.062012 0.758789 0.114258 0.103516 0.0 0.07517495562208353 0.0 0.1772920224434663 0.0 0.2825440653557238 0.0 0.23651532845025228 0.0 0.29989812341202404 0.0 0.28336263518068194 0.0
0 0.880371 0.952637 0.190430 0.094727 0.0 0.15419665322981632 0.05721843007308823 0.10135513937539328 0.0 0.2957151689329855 0.2493457370504233 0.28520446668502425 0.0 0.23559338744555888 0.3797573093665273 0.28009101800883396 0.0
0 0.375000 0.794434 0.113281 0.051758 0.0 0.014645989056791604 0.17992135079892624 0.06015974522266749 0.18408196443282485 0.44691205746424284 0.21598415913538066 0.40205209955305454 0.3383955217703276 0.39246970353934724 0.42238320540310814 0.359458660606688 0.30883567727677363
0 0.061035 0.900879 0.077148 0.088867 0.02724515205135986 0.1847786395224219 0.0 0.23729908741866843 0.0 0.3880255722821921 0.0 0.37011193521758756 0.0 0.3136452224038981 0.0 0.27701023287961185 0.0
0 0.544434 0.374023 0.200195 0.175781 0.0 0.07585083509197232 0.06289623874528429 0.08724853459782539 0.0700774906611213 0.14612924841613883 0.2062806878375172 0.13762235413376395 0.2008352499020406 0.1836799275309508 0.20678284381625456 0.26418905711560875 0.20994696563158566
0 0.331055 0.141602 0.054688 0.054688 0.0 0.2249554270546089 0.0 0.21873726350278896 0.0 0.3436669780388656 0.0 0.32055828468172004 0.0 0.404303461622339 0.0 0.4026030683188891 0.0
0 0.679199 0.080078 0.061523 0.048828 0.0 0.0 0.0 0.3213934186764767 0.0 0.0 0.0 0.16756308883076093 0.0 0.0 0.0 0.1842484471787884 0.0
0 0.567871 0.840820 0.108398 0.072266 0.0 0.0 0.1421631962448805 0.0 0.15183072609424633 0.0 0.09343997387640615 0.0 0.089302755396957 0.0 0.5682349605894483 0.0 0.5750585627359969
0 0.791992 0.292480 0.115234 0.073242 0.0 0.0 0.08448432894217747 0.0 0.1263091855917775 0.0 0.23721074200620557 0.0 0.2361055091281113 0.0 0.21703340199513263 0.0 0.20571255191014062
0 0.377930 0.046387 0.083984 0.090820 0.0 0.1852766980928559 0.0 0.16064159438534542 0.0 0.14676446167448795 0.0 0.1686666404768285 0.0 0.18822663267944673 0.0 0.2065420328477286 0.0
0 0.581543 0.983887 0.127930 0.032227 0.0 0.3977574388017796 0.024121161711014943 0.0 0.0 0.5263567565932804 0.491188625052302 0.0 0.0 0.36861192865948345 0.687239978967323 0.0 0.0
0 0.251953 0.770996 0.089844 0.192383 0.0 0.008668306733397283 0.1375600694224778 0.031113027976825254 0.07414945681914062 0.3451016585594047 0.44147530484023756 0.3381640770510642 0.45037814205953136 0.2947561065812555 0.3072701805962885 0.29921214223169207 0.317982496245382
0 0.566406 0.911133 0.128906 0.060547 0.15851255129982006 0.0 0.07643710361416847 0.09733277402799051 0.014080319313947709 0.0 0.6012872163482578 0.6149953696005103 0.5746891066912208 0.0 0.5560040934108372 0.3627685698022822 0.9964203699511798
0 0.964355 0.700195 0.071289 0.146484 0.0 0.05063283657116796 0.0 0.0 0.11432244936418409 0.2762610591152372 0.0 0.0 0.26341003218745856 0.16706737629930374 0.0 0.0 0.2510158581519012
0 0.767090 0.829590 0.217773 0.084961 0.019917921540774246 0.07408041111661443 0.0 0.04312595623162506 0.042463073913139734 0.19143222243593835 0.0 0.26420496793850345 0.08221941112054454 0.3606890904180025 0.0 0.39167663606737196 0.4781006477922309
0 0.477539 0.973633 0.072266 0.052734 0.0 0.3604880339359101 0.0 0.0 0.0 0.30591993645165116 0.0 0.0 0.0 0.372763393528008 0.0 0.0 0.0
0 0.427734 0.619629 0.111328 0.081055 0.006064983676597867 0.005770709323955818 0.114292154132138 0.0 0.09979459587277886 0.06684605452344068 0.22114801690073232 0.0 0.29341246998027326 0.5792840289121446 0.36282400601634723 0.0 0.3190868086443195
