0 0.721680 0.510417 0.085938 0.132812 0.0 0.17728379218531246 0.0 0.18852021729292112 0.0 0.2520284399775417 0.0 0.2570121212308415 0.0 0.6372125328648198 0.0 0.642661753911567 0.0
0 0.640625 0.524740 0.085938 0.122396 0.0 0.21865913588268446 0.0 0.1760996766851653 0.0 0.2858760898423504 0.0 0.28316418195109416 0.0 0.6372209784030287 0.0 0.6507998484166465 0.0
0 0.914551 0.442708 0.168945 0.127604 0.0 0.1443390357922587 0.03521731368702207 0.179288064058221 0.0 0.2953553172966769 0.286142296273967 0.26592145699352665 0.0 0.6431333202923408 0.6397624802729182 0.6489191178831883 0.0
0 0.797852 0.486979 0.089844 0.111979 0.0 0.16068826805532335 0.0 0.24064385959128434 0.0 0.2873832447974281 0.0 0.3257427360961691 0.0 0.6490980486035222 0.0 0.6007895068777764 0.0
0 0.548340 0.537760 0.102539 0.091146 0.0 0.22360954550576598 0.0 0.23306170647960167 0.0 0.29494267438580746 0.0 0.3074544651222462 0.0 0.6604611307617093 0.0 0.6620699641111312 0.0
0 0.184082 0.714844 0.088867 0.117188 0.0 0.1105456204437459 0.0 0.16106563892615597 0.0 0.23974486564329978 0.0 0.24413804488446675 0.0 0.721457148561628 0.0 0.7263046299424976 0.0
0 0.541504 0.363281 0.081055 0.114583 0.0 0.14556235861808164 0.0 0.11085472683357249 0.0 0.2526089567869787 0.0 0.26578775879836447 0.0 0.6588243138726112 0.0 0.6519351017476935 0.0
0 0.624512 0.328776 0.104492 0.113281 0.0 0.1317308082484545 0.0 0.06348440432413713 0.0 0.3164750972975592 0.0 0.3089757650537366 0.0 0.6574763842450512 0.0 0.6522345494585671 0.0
0 0.811523 0.897135 0.087891 0.085938 0.0 0.26686001615825655 0.0 0.0 0.0 0.3079269183461483 0.0 0.0 0.0 0.5762804838897065 0.0 0.0 0.0
0 0.436523 0.406250 0.132812 0.117188 0.0 0.1539587046687995 0.0 0.09751149845166204 0.005929898761094368 0.25476330159475136 0.0 0.27878264531411995 0.2470923246610985 0.7716118347649579 0.0 0.6903842097514554 0.627748463377254
0 0.263672 0.675781 0.093750 0.111979 0.0 0.13342039434602215 0.0 0.16939711341863192 0.0 0.2773468172208633 0.0 0.2976523750020936 0.0 0.7204533384266085 0.0 0.7393996204012271 0.0
0 0.331055 0.648438 0.076172 0.138021 0.0 0.1998548475229579 0.0 0.08478708785785369 0.0 0.2575447003440935 0.0 0.2776936049767963 0.0 0.7306898947176882 0.0 0.7358127086130998 0.0
0 0.225098 0.822266 0.065430 0.095052 0.0 0.16490175293721776 0.0 0.15678571014759865 0.0 0.18781762880243208 0.0 0.19318180223739445 0.0 0.7172969562291641 0.0 0.8061208545454324 0.0
0 0.186523 0.531901 0.085938 0.082031 0.0 0.14852212330260978 0.0 0.25706683184205303 0.0 0.2949248430772331 0.0 0.2738543429316628 0.0 0.7331927795935439 0.0 0.7123394733835078 0.0
0 0.088867 0.111328 0.175781 0.220052 0.45184022859302064 0.0 0.0 0.0 0.0 0.0 0.0 0.0 0.0 0.0 0.0 0.0 0.0
0 0.131836 0.858073 0.107422 0.101562 0.012635042907089012 0.0 0.0 0.0 0.0 0.0 0.0 0.0 0.0 0.0 0.0 0.0 0.0
0 0.723145 0.921224 0.090820 0.100260 0.0 0.08980854039132292 0.0 0.0 0.0 0.22464361022119306 0.0 0.0 0.0 0.5831230304126386 0.0 0.0 0.0
0 0.450684 0.565755 0.104492 0.087240 0.0 0.193194705976402 0.0 0.17865944854835233 0.029563016931787818 0.3060586354770588 0.0 0.3070580997271206 0.29063458656771474 0.6225013678664834 0.0 0.6538909643620223 0.6426915512434078
0 0.894531 0.875000 0.078125 0.085938 0.0 0.2546887688239568 0.0 0.0 0.0 0.30413556039409806 0.0 0.0 0.0 0.5717979897998291 0.0 0.0 0.0
0 0.015137 0.800781 0.028320 0.143229 0.0 0.11421447016436148 0.0 0.20446283460400505 0.0 0.2875100388445678 0.0 0.2822066061111409 0.0 0.7433512440551131 0.0 0.7277236396880628 0.0
0 0.644043 0.937500 0.069336 0.091146 0.0 0.2765128504162311 0.0 0.0 0.0 0.28199942921657467 0.0 0.0 0.0 0.5840363986456487 0.0 0.0 0.0
0 0.014648 0.624349 0.027344 0.097656 0.0 0.09480717815491824 0.07331225377050256 0.08104467343770375 0.0 0.43032814112338535 0.46184821458789194 0.4456031349465747 0.0 0.40534734220048924 0.6856577656460896 0.6580811336358434 0.0
0 0.108398 0.561198 0.074219 0.080729 0.0 0.18836576151853227 0.0 0.26706934979743385 0.09061328562652719 0.27846283725015425 0.0 0.26639297356815583 0.2483633639057601 0.692251411452635 0.0 0.7806397713728289 0.7225578639002562
0 0.878418 0.279948 0.233398 0.158854 0.20335264936653766 0.0 0.0 0.0 0.0 0.0 0.0 0.0 0.0 0.0 0.0 0.0 0.0
0 0.271484 0.793620 0.029297 0.074219 0.0 0.19984014956007545 0.0 0.07304524978461718 0.0 0.1719244170493727 0.0 0.19516236883469182 0.0 0.7415499713889993 0.0 0.7028967368559651 0.0
0 0.266602 0.472656 0.089844 0.156250 0.0 0.07991336678460971 0.05906036931457669 0.07983255631591589 0.03366684525149406 0.23778814454718333 0.36387018318772046 0.3345370738922954 0.38418906218084176 0.7371007102726621 0.7188868067129309 0.7120087404456974 0.7133396942900452
0 0.724121 0.098307 0.182617 0.194010 0.24665339171846018 0.0 0.0 0.0 0.0 0.0 0.0 0.0 0.0 0.0 0.0 0.0 0.0
0 0.020020 0.449870 0.038086 0.079427 0.0 0.1534953533020251 0.0 0.14875839761632334 0.0 0.25129158481121305 0.0 0.2650198032083307 0.0 0.4472324148117216 0.0 0.2883765024594115 0.0
0 0.397949 0.124349 0.073242 0.100260 0.0 0.34830259549077836 0.0 0.0 0.0 0.15987270819053132 0.0 0.0 0.0 0.8771470607965851 0.0 0.0 0.0
0 0.448730 0.074870 0.073242 0.100260 0.0 0.3812128042449641 0.0 0.0 0.0 0.1612161400046473 0.0 0.0 0.0 0.8944873932794319 0.0 0.0 0.0
0 0.501953 0.029948 0.074219 0.057292 0.0 0.5840043804131613 0.0 0.0 0.0 0.15709605897153373 0.0 0.0 0.0 0.8933245915187327 0.0 0.0 0.0
0 0.558105 0.962240 0.102539 0.075521 0.0 0.23824909872170028 0.0 0.0 0.0 0.29257082645613297 0.0 0.0 0.0 0.5583337137799738 0.0 0.0 0.0
0 0.461914 0.970703 0.095703 0.058594 0.0 0.0 0.49501935752558834 0.0 0.0 0.0 0.11436759122316899 0.0 0.0 0.0 0.9702716534967825 0.0 0.0
0 0.968262 0.855469 0.063477 0.088542 0.0 0.21647438554128035 0.0 0.0 0.0 0.2705028745685685 0.0 0.0 0.0 0.6007250403978541 0.0 0.0 0.0
0 0.906738 0.049479 0.186523 0.096354 0.1750492603254566 0.0 0.0 0.0 0.0 0.0 0.0 0.0 0.0 0.0 0.0 0.0 0.0
0 0.299316 0.785807 0.026367 0.066406 0.0 0.21837042233665993 0.0 0.06297971157609814 0.0 0.2062761427576137 0.0 0.2343972390125485 0.0 0.8610166911684822 0.0 0.7290046037214034 0.0
0 0.328613 0.772786 0.026367 0.066406 0.0 0.18782484572994917 0.0 0.08187628490513316 0.0 0.22780928402278502 0.0 0.1872650704810766 0.0 0.7433632348316561 0.0 0.7156019511860595 0.0
0 0.036133 0.970052 0.062500 0.059896 0.0 0.0 0.29955284357896556 0.0 0.0 0.0 0.0888742882147491 0.0 0.0 0.0 0.6855182590322921 0.0 0.0
0 0.087891 0.961589 0.048828 0.076823 0.03295626769441078 0.0 0.4167425982985864 0.0 0.0 0.0 0.15311870745229167 0.0 0.0 0.0 0.7376769227381037 0.0 0.0
