0 0.439941 0.447917 0.096680 0.109375 0.0 0.11787198554685333 0.052261928967092953 0.11617768405504655 0.0 0.3668569924774472 0.3471540643044175 0.3587678301137869 0.0 0.3517772578481899 0.36213045922368176 0.34215839856697194 0.0
0 0.186523 0.363932 0.101562 0.115885 0.0 0.1335712117208694 0.0 0.0835516776457205 0.07790829886059054 0.3298887553104434 0.0 0.3456805654961017 0.31762262688640613 0.3391710812610605 0.0 0.35096266418910005 0.34604379721344414
0 0.163574 0.475260 0.096680 0.122396 0.0 0.0 0.15147561109394056 0.0 0.12713599513498203 0.0 0.2846930688637993 0.0 0.41302612014300744 0.0 0.34075890166082434 0.0 0.342682281667927
0 0.350586 0.419271 0.087891 0.111979 0.0 0.19948207530003978 0.0 0.17161521137930477 0.0 0.29097878073586286 0.0 0.2891121431653905 0.0 0.3412489006975692 0.0 0.352999806054552 0.0
0 0.440918 0.227865 0.077148 0.164062 0.0 0.12915134761898484 0.042156945127758604 0.14935124865187008 0.048272225660659404 0.31932982129824455 0.2776064597344904 0.3170661856319309 0.31499231469501476 0.3162200519390113 0.33900667332109236 0.35488827746906965 0.35119872670281854
0 0.353027 0.884766 0.100586 0.110677 0.0 0.0 0.16565052949830816 0.0 0.20876257086888478 0.0 0.29446223815390477 0.0 0.29621909220995074 0.0 0.3449084882273269 0.0 0.34606292174312014
0 0.387207 0.708333 0.100586 0.083333 0.0 0.0 0.151725203328458 0.0 0.22818938699598967 0.0 0.28729616330033275 0.0 0.2703706078040193 0.0 0.3450936242993293 0.0 0.355360630587286
0 0.919922 0.609375 0.160156 0.101562 0.0 0.17693220307400467 0.0 0.19600752846961836 0.0 0.23553760666028947 0.0 0.23542750187443773 0.0 0.3467521358938299 0.0 0.3453880155705172 0.0
0 0.365234 0.219401 0.082031 0.141927 0.0 0.20782937900466908 0.0 0.20267004720070225 0.0 0.20234506842327038 0.0 0.2567788440188846 0.0 0.33959227625987803 0.0 0.34853088917160324 0.0
0 0.126953 0.724609 0.099609 0.105469 0.0 0.0 0.19016627646140133 0.0 0.19478353754709918 0.0 0.2529993522643736 0.0 0.2554404420946443 0.0 0.3383168054685812 0.0 0.34528989611105615
0 0.411133 0.557943 0.111328 0.118490 0.0 0.0 0.14785139549459134 0.0 0.18868577292453628 0.0 0.31898502263180495 0.0 0.31156590677883433 0.0 0.3417559290385428 0.0 0.3534921943943336
0 0.522949 0.258464 0.084961 0.178385 0.0 0.07638030914199756 0.027539179366565476 0.08412126867413433 0.03783843255012987 0.21088366307764742 0.4100849565298834 0.2434530867839276 0.44529980192618396 0.3314228387756073 0.34883701773333303 0.34550701264405714 0.33868621319415276
0 0.368164 0.782552 0.105469 0.101562 0.0780871038934374 0.0884965910018034 0.0 0.05348442172382287 0.008247084886287392 0.1570493248641065 0.0 0.25925328404299475 0.2670298664571923 0.33762300741893114 0.0 0.3593201622467288 0.36059619825907324
0 0.101074 0.816406 0.096680 0.109375 0.0 0.0 0.19171207868322646 0.0 0.18177988478777793 0.0 0.21365173463433468 0.0 0.20224086542604336 0.0 0.3341935341031305 0.0 0.34992607673767934
0 0.041504 0.331380 0.081055 0.149740 0.0 0.05527209388576143 0.27006159048311834 0.03208750609868248 0.03780986354492025 0.25058999440912516 0.2606311872071778 0.13879772192727144 0.2659903505821786 0.332438646310794 0.3444256792303716 0.335900731031388 0.33474294683219774
0 0.394531 0.640625 0.099609 0.065104 0.0 0.0 0.1111492496746031 0.0 0.1510159026422572 0.0 0.3050204327544788 0.0 0.28935890177199625 0.0 0.32999319543654526 0.0 0.3670048888663053
0 0.031250 0.442708 0.060547 0.083333 0.0 0.0 0.29513829959156973 0.0 0.07834589440294204 0.0 0.2190506841593689 0.0 0.37871756605416096 0.0 0.301286953856105 0.0 0.36850935186748696
0 0.798828 0.375651 0.119141 0.141927 0.0 0.19313020366307684 0.0 0.15685569595775592 0.0 0.2703321113223462 0.0 0.2971890780597232 0.0 0.3508185269616924 0.0 0.3437168959535875 0.0
0 0.223633 0.185547 0.064453 0.118490 0.0 0.1495966500894515 0.0 0.267484493242091 0.0 0.30718078786607383 0.0 0.3008526763338197 0.0 0.34398059691062033 0.0 0.3449226520150672 0.0
0 0.683105 0.273438 0.094727 0.072917 0.0 0.08626107682855685 0.0 0.23132710685343047 0.0 0.311399507094052 0.0 0.26654831174477334 0.0 0.31407484130269187 0.0 0.3333167945773814 0.0
0 0.299805 0.165365 0.087891 0.213542 0.0 0.0 0.11439117003819536 0.0 0.14332572602837407 0.0 0.20412972589027018 0.0 0.19869880206748705 0.0 0.34815367237035527 0.0 0.3580482341346952
0 0.270996 0.398438 0.083008 0.127604 0.0 0.24014807326185403 0.0 0.17862775823136848 0.0 0.32737952295569095 0.0 0.34468978467673184 0.0 0.35354695986214024 0.0 0.3452987677653621 0.0
0 0.607422 0.595052 0.136719 0.101562 0.0 0.30069727527133816 0.0 0.20906559125182073 0.0 0.24144872986252297 0.0 0.2793975708915465 0.0 0.3515346343506729 0.0 0.35572717648112884 0.0
0 0.539062 0.777344 0.128906 0.294271 0.12841949159339336 0.0 0.1408970979696382 0.0 0.13656640964866446 0.0 0.24718595342507532 0.0 0.24632267103087221 0.0 0.34709205227311046 0.0 0.34553168480767465
0 0.916992 0.402995 0.119141 0.128906 0.3662880659770167 0.0 0.0 0.0 0.0 0.0 0.0 0.0 0.0 0.0 0.0 0.0 0.0
0 0.254395 0.514974 0.077148 0.118490 0.0 0.13320806752477005 0.0 0.20117183179538023 0.0 0.3128122367123472 0.0 0.3074949908198304 0.0 0.3445478061756946 0.0 0.338646922423678 0.0
0 0.077637 0.957682 0.094727 0.074219 0.0 0.0 0.17331062088783647 0.0 0.3076830957551114 0.0 0.28673489401437535 0.0 0.29225019456349544 0.0 0.34985827888696563 0.0 0.3911245635553437
0 0.135742 0.634115 0.095703 0.072917 0.0 0.0 0.21278048035239752 0.0 0.22234908592031313 0.0 0.2742534214836061 0.0 0.2712443279749781 0.0 0.339923303906864 0.0 0.3599535533491658
0 0.682129 0.352214 0.083008 0.082031 0.0 0.22654491752498235 0.0 0.2815428761923541 0.0 0.2851012622461958 0.0 0.28163482100127263 0.0 0.3108582016585697 0.0 0.3994656588691391 0.0
0 0.601074 0.316406 0.073242 0.104167 0.0 0.1991395527481529 0.0 0.27246512564200737 0.0 0.32173606398424753 0.0 0.3113781865290953 0.0 0.36984917948213586 0.0 0.3212656846968015 0.0
0 0.084961 0.897786 0.089844 0.061198 0.0 0.0 0.10420035138455203 0.0 0.04870225264438892 0.0 0.18514391937013452 0.0 0.20770350868706366 0.0 0.3795806344293055 0.0 0.2843275739110428
0 0.921387 0.733073 0.127930 0.083333 0.0 0.1481449735158056 0.03841277373265817 0.14547436057827196 0.02896806789865187 0.3544137475246671 0.34892233393250055 0.3445341772830837 0.36154376868552685 0.3448639680432753 0.33819693564864794 0.3450773178542723 0.320760410071817
0 0.148926 0.565104 0.100586 0.072917 0.0 0.0 0.12142529080412724 0.0 0.15579285020878883 0.0 0.2684569545144109 0.0 0.2637985798609054 0.0 0.34862379808547656 0.0 0.3341522860864703
0 0.105469 0.177083 0.052734 0.070312 0.0 0.0 0.15132048243864277 0.0 0.12631486623973698 0.0 0.31748603747714016 0.0 0.3036719015063982 0.0 0.35166046224496894 0.0 0.3356613025470984
0 0.402832 0.062500 0.079102 0.111979 0.0 0.25036750538495794 0.0 0.30882643124428083 0.0 0.37070718938324576 0.0 0.3497974268879543 0.0 0.3124740726342132 0.0 0.31010978494343816 0.0
0 0.053711 0.321615 0.105469 0.171875 0.0 0.022303041902509126 0.19680076204317995 0.01732964922963858 0.018350395184259065 0.1291488082916767 0.26341794282933023 0.13846612007150735 0.26582897920290904 0.34684388810168054 0.34238648955500345 0.29426943789331717 0.34828632544042226
0 0.708496 0.899740 0.125977 0.083333 0.0 0.0 0.0 0.2692154357156473 0.0 0.0 0.0 0.19865295181591108 0.0 0.0 0.0 0.342224120164986 0.0
0 0.713379 0.829427 0.125977 0.083333 0.0 0.0 0.0 0.2572298928970273 0.0 0.0 0.0 0.19949626948422505 0.0 0.0 0.0 0.33871879119194453 0.0
0 0.729980 0.761719 0.125977 0.083333 0.0 0.0 0.0 0.3844622128500162 0.0 0.0 0.0 0.19954094776939033 0.0 0.0 0.0 0.3420343167970502 0.0
0 0.625977 0.510417 0.136719 0.101562 0.0 0.4097776495821972 0.09365097401377545 0.0 0.0 0.16491334344813166 0.21658720119748892 0.0 0.0 0.339680765155125 0.3248332531370686 0.0 0.0
0 0.744629 0.690104 0.125977 0.083333 0.0 0.0 0.0 0.3702273447720222 0.0 0.0 0.0 0.19978853381541814 0.0 0.0 0.0 0.33988303488146854 0.0
0 0.758301 0.620443 0.125977 0.084635 0.0 0.0 0.0 0.38523286402624113 0.0 0.0 0.0 0.19985305667305522 0.0 0.0 0.0 0.33835238948846863 0.0
0 0.775879 0.551432 0.125977 0.084635 0.0 0.0 0.0 0.3976819830563361 0.0 0.0 0.0 0.19672826875263874 0.0 0.0 0.0 0.33511305843810407 0.0
0 0.916504 0.805990 0.127930 0.083333 0.0 0.10798001168508348 0.03336234584868416 0.1785347851800035 0.018148877448545635 0.3549398659958218 0.3735495930381828 0.34457041522822535 0.3610444803093224 0.3466206926978027 0.34078278835017134 0.3439544347547225 0.33777213456459537
0 0.909180 0.925781 0.103516 0.148438 0.0 0.0 0.17850695042211084 0.0 0.27196041735287724 0.0 0.35578285670897786 0.0 0.36436353018626866 0.0 0.3371399828473361 0.0 0.34553479206913806
0 0.503906 0.963542 0.099609 0.072917 0.0 0.0 0.13961491059795625 0.0 0.260802843782204 0.0 0.24719567525362263 0.0 0.2550646747852006 0.0 0.33890036924216815 0.0 0.3453906793468093
0 0.693848 0.957682 0.125977 0.084635 0.0 0.0 0.0 0.37321635987057133 0.0 0.0 0.0 0.19505684077054938 0.0 0.0 0.0 0.34013081896635844 0.0
0 0.341309 0.970703 0.092773 0.058594 0.0 0.0 0.24388908927707184 0.0 0.21079620055530027 0.0 0.2961658936540766 0.0 0.2903133470499228 0.0 0.34757747002287387 0.0 0.35261018929951277
0 0.162109 0.192708 0.052734 0.070312 0.0 0.0 0.23177781429334973 0.0 0.17393669534371828 0.0 0.31250327575820325 0.0 0.3137632680897499 0.0 0.35299134357749407 0.0 0.3403770169320568
0 0.125977 0.064453 0.056641 0.115885 0.0 0.0 0.16967450956129823 0.0 0.16390018734060938 0.0 0.31648416464698353 0.0 0.3067582234396185 0.0 0.34641578765428876 0.0 0.34589414017963016
0 0.181641 0.086589 0.056641 0.115885 0.0 0.0 0.22382550167897702 0.0 0.13556285920482494 0.0 0.31322599842819165 0.0 0.31358647484515867 0.0 0.33584955141289596 0.0 0.33678934623402135
0 0.046387 0.093750 0.090820 0.184896 0.0 0.0 0.0837836511207078 0.10966578355504232 0.1212040007835671 0.0 0.29876020166555745 0.10104148507392972 0.30526003489696185 0.0 0.33447996567507454 0.3612338267719742 0.35962585605098685
0 0.475098 0.085938 0.079102 0.111979 0.0 0.25371424294124534 0.0 0.30538235030338484 0.0 0.36948247966595404 0.0 0.36470869263590877 0.0 0.30171371672478436 0.0 0.30254193534306417 0.0
0 0.546387 0.106771 0.079102 0.111979 0.0 0.2720446387618842 0.0 0.28176231285474557 0.0 0.3694275423674158 0.0 0.3672186778546908 0.0 0.30067385836914534 0.0 0.2998607066388805 0.0
0 0.612793 0.139323 0.079102 0.111979 0.0 0.29074498892118505 0.0 0.25940435788759625 0.0 0.36722431363683755 0.0 0.3599460537647331 0.0 0.29848804605275964 0.0 0.302547171821428 0.0
0 0.682129 0.167318 0.079102 0.113281 0.0 0.2817884361812025 0.0 0.2509500439348223 0.0 0.366069543955132 0.0 0.37774707558675574 0.0 0.299644017624289 0.0 0.29719215173015656 0.0
0 0.745605 0.200521 0.079102 0.111979 0.0 0.26634424583420974 0.0 0.27568130861910783 0.0 0.36724483836812755 0.0 0.3750773375268953 0.0 0.2967377721324485 0.0 0.30318518738089767 0.0
0 0.817871 0.234375 0.079102 0.111979 0.0 0.27015060867023705 0.0 0.2742901964293281 0.0 0.36732108405728575 0.0 0.36190234373942354 0.0 0.3034266522776328 0.0 0.30167609502927883 0.0
0 0.883301 0.259115 0.079102 0.111979 0.0 0.2513419277077897 0.0 0.2966414970723692 0.0 0.3703807709082254 0.0 0.3675487054259968 0.0 0.29841276218990803 0.0 0.29599960070107223 0.0
0 0.946777 0.283854 0.079102 0.111979 0.0 0.2958479198185898 0.0 0.2528495354398347 0.0 0.36870650767042645 0.0 0.37489223767200236 0.0 0.29934796686926435 0.0 0.30296366157881716 0.0
0 0.953613 0.076823 0.092773 0.151042 0.0 0.0 0.1876403593732581 0.0 0.18995496264371897 0.0 0.3369828496108476 0.0 0.33836530241835805 0.0 0.2992589568550418 0.0 0.29836088057975113
0 0.870605 0.053385 0.092773 0.104167 0.0 0.0 0.20767001067816473 0.0 0.1800838725413558 0.0 0.3379437058395879 0.0 0.33251290145970863 0.0 0.300888317454296 0.0 0.2993451867301407
0 0.786133 0.034505 0.091797 0.066406 0.0 0.0 0.21731891882429102 0.0 0.1334664695836229 0.0 0.33591800974389346 0.0 0.3353747064732182 0.0 0.3014965647726336 0.0 0.28871574277980366
0 0.702637 0.019531 0.084961 0.036458 0.0 0.0 0.17043066690309872 0.0 0.0 0.0 0.3377536521688826 0.0 0.0 0.0 0.2885019970674503 0.0 0.0
