0 0.659505 0.495605 0.123698 0.139648 0.0 0.01722205775146507 0.11177196345185968 0.030687200132292293 0.18920220453347855 0.3483473343733806 0.3787549711754949 0.287970534414692 0.3029374985584121 0.5565089149067186 0.5652988079285336 0.5456053344624748 0.5592380232344687
0 0.267578 0.520996 0.136719 0.114258 0.0 0.1708115624984342 0.0 0.14699293047629136 0.0 0.23757981636451617 0.0 0.28804143349285444 0.0 0.25365250901967873 0.0 0.20926318021306164 0.0
0 0.699219 0.637695 0.166667 0.138672 0.0 0.0 0.1501762616338067 0.0383959512327106 0.11945179680014076 0.0 0.3112882658539312 0.3269714052575226 0.31404996215952885 0.0 0.2533195113781305 0.29992499482800605 0.43551516166901943
0 0.313802 0.712891 0.125000 0.097656 0.0 0.1349558854878636 0.0 0.08913556222404481 0.04809472613632772 0.34262729959881055 0.0 0.26909575531329033 0.4331026409487857 0.16593464790234402 0.0 0.16887106592046616 0.12423662473792671
0 0.653646 0.373535 0.119792 0.102539 0.0 0.0 0.15319315956975654 0.0 0.19421423302781785 0.0 0.31821349813694666 0.0 0.3181088991208997 0.0 0.5629109182519749 0.0 0.5505374247057432
0 0.378906 0.570312 0.148438 0.101562 0.0 0.1306188406061908 0.0 0.14116916250492234 0.0 0.34282806514401665 0.0 0.34220657589949605 0.0 0.22036737796578493 0.0 0.22576506902979393 0.0
0 0.621745 0.927246 0.136719 0.092773 0.0 0.021183835790576793 0.15915637850719638 0.045638351701726476 0.0794810605985763 0.280072539765839 0.2651073195149756 0.2838360566934537 0.3223759945434199 0.018273881474173633 0.5038464114511931 0.04095216695538891 0.030332780353539198
0 0.393880 0.743164 0.082031 0.125000 0.0 0.1707010192708082 0.024998880930863752 0.1747181171211342 0.03021412926494952 0.45388820417043896 0.41859718103590454 0.4052422561815741 0.4184860944621307 0.11229268760074697 0.05305939996158726 0.08695030621528321 0.01279446593105686
0 0.457031 0.320312 0.151042 0.068359 0.0 0.0335134448059162 0.15031343162783278 0.034020630758758656 0.06351006360255024 0.24972428764890311 0.31427514787670463 0.2428665651911036 0.24390118410764455 0.5473064108710471 0.5832636861831888 0.5551764172035802 0.5670671396943217
0 0.421224 0.028809 0.128906 0.055664 0.09521346357386222 0.0 0.20158983650627707 0.0 0.05511721265070626 0.0 0.12758507487593862 0.0 0.25962105656115614 0.0 0.5780538796847103 0.0 0.55180689573852
0 0.200521 0.840820 0.106771 0.078125 0.0 0.0 0.16971228033997346 0.0 0.1359845530393796 0.0 0.3568021449906685 0.0 0.36020815621548513 0.0 0.11321052336117532 0.0 0.12024821620954987
0 0.478516 0.376953 0.118490 0.050781 0.0 0.044550501806081944 0.138003406342192 0.012075790024841307 0.14918287690810408 0.17037253092071647 0.3590699465793963 0.2720343931971693 0.2525076474525183 0.2140589393573704 0.615313714954889 0.5540650175666175 0.558055034371756
0 0.173828 0.664062 0.186198 0.121094 0.0 0.13398894226421484 0.08224507220203509 0.08179911772054269 0.030133405985403046 0.3340314296850268 0.33796680090405073 0.3172063675808934 0.28605055425734116 0.23908027490784114 0.12122977257469643 0.19081483721058703 0.5251903059277989
0 0.157552 0.486816 0.117188 0.088867 0.0 0.16311457804580748 0.0 0.13428827494984694 0.0 0.1497946238528048 0.0 0.16974777769682747 0.0 0.23544251615589235 0.0 0.2342827702707445 0.0
0 0.300130 0.249023 0.126302 0.101562 0.0 0.12590715443071013 0.03883394293537209 0.05765842335765933 0.04082734581000519 0.3062845754389528 0.09278332846101178 0.08148190879378008 0.09036039965505388 0.35180400558316616 0.4356149798863416 0.4172290836255734 0.4323596298305631
0 0.645833 0.198730 0.182292 0.127930 0.03262689308037905 0.08129440914185 0.0031999591472332617 0.038325219183034144 0.24082081678717437 0.24687740260371172 0.38804094999368954 0.1183149231925083 0.2294130555907422 0.4134015313483873 0.21454876890255908 0.6670612386836038 0.5795296065999532
0 0.471354 0.600098 0.093750 0.075195 0.0 0.10535199245354088 0.0 0.20458106013330282 0.0 0.2781633985433012 0.0 0.2931157527445978 0.0 0.24334135968928092 0.0 0.23831979030451073 0.0
0 0.186849 0.229004 0.128906 0.094727 0.0 0.09275827915162888 0.0 0.15630964638058745 0.0 0.35995503668869616 0.0 0.13982951215155828 0.0 0.3699841178907702 0.0 0.36930847640876374 0.0
0 0.436849 0.250488 0.178385 0.077148 0.1778323990021343 0.1319521554981232 0.07154814466893629 0.0 0.0 0.5331726182273866 0.4068606311732003 0.0 0.0 0.37124587727641273 0.6575135063387336 0.0 0.0
0 0.538411 0.833008 0.118490 0.091797 0.0 0.0 0.2554091550041462 0.0 0.0 0.0 0.39978295570304956 0.0 0.0 0.0 0.173657777732162 0.0 0.0
0 0.104167 0.943359 0.091146 0.052734 0.0 0.0 0.14333114025741636 0.0 0.11749247483718189 0.0 0.23764626041681922 0.0 0.31878360738033423 0.0 0.11362234582263177 0.0 0.1209426187751679
0 0.306641 0.967773 0.178385 0.064453 0.0 0.0 0.11930014794001835 0.0 0.160595647068916 0.0 0.33822115307374395 0.0 0.22831143887886168 0.0 0.08805182511739658 0.0 0.09964836567279146
0 0.875000 0.875977 0.153646 0.119141 0.019069801803904933 0.0 0.0744118523355259 0.0 0.18912859138989951 0.0 0.2324342781448672 0.0 0.3056195241079894 0.0 0.817341915569166 0.0 0.8236187088975988
0 0.618490 0.020996 0.153646 0.040039 0.0 0.0 0.12691534534515483 0.0 0.1692326687478398 0.0 0.25974312636919866 0.0 0.2439181843172258 0.0 0.5547836903881376 0.0 0.5512849509649057
0 0.153646 0.901367 0.106771 0.056641 0.0 0.0 0.0 0.09938159735220115 0.21321873704446123 0.0 0.0 0.25615330275587794 0.28346246930922014 0.0 0.0 0.9978016517563687 0.08900890411167192
0 0.535156 0.590332 0.096354 0.135742 0.0 0.0 0.11942955285357579 0.022267672463119902 0.0944959862002005 0.0 0.34246335133356753 0.3386201424231268 0.2800061670716515 0.0 0.566027144628924 0.21847194481603588 0.5296733106498253
0 0.866536 0.671875 0.170573 0.121094 0.3048281451291086 0.0 0.0 0.0 0.0 0.0 0.0 0.0 0.0 0.0 0.0 0.0 0.0
0 0.501302 0.790039 0.130208 0.099609 0.0 0.05229166117641851 0.04755378463768657 0.10765122373058314 0.0 0.1280307819519833 0.14951129960371734 0.2346243349268421 0.0 0.006843028661221793 0.9063016235104255 0.0729226761556245 0.0
0 0.124349 0.736328 0.105469 0.058594 0.0 0.0 0.157748221307098 0.0 0.21354878955764547 0.0 0.34268339106928025 0.0 0.27907439903001596 0.0 0.11216072328574443 0.0 0.10801792769974365
0 0.555990 0.972168 0.091146 0.045898 0.0 0.0 0.0 0.0 0.24888551941648432 0.0 0.0 0.0 0.25367899961913754 0.0 0.0 0.0 0.02890627505519079
0 0.435547 0.920410 0.144531 0.100586 0.0 0.0 0.10909107093208226 0.0 0.08986606460778652 0.0 0.24071086293959726 0.0 0.23735372560180362 0.0 0.04719966683614732 0.0 0.040699672482236764
0 0.934245 0.955566 0.126302 0.088867 0.06280856939627064 0.0 0.1118601668550933 0.0 0.25531689248665307 0.0 0.22957814403865745 0.0 0.30425248701347135 0.0 0.8101719624334405 0.0 0.82336614368029
0 0.486979 0.423828 0.125000 0.048828 0.0 0.0 0.1361093117415182 0.0 0.12192652245975397 0.0 0.38601947916391943 0.0 0.2946433681670555 0.0 0.6152516380079454 0.0 0.47126016478129673
0 0.067057 0.796387 0.121094 0.090820 0.04594267650850172 0.007840484922675145 0.16172179966672245 0.0 0.13257025790720778 0.31054409701415325 0.37085130136007644 0.0 0.31265641075228845 0.3824038260865272 0.13896743233976092 0.0 0.14355906300966034
0 0.078776 0.464355 0.074219 0.088867 0.0 0.17942365429481028 0.0 0.15979975379209202 0.0 0.18553364038863232 0.0 0.26586429916911375 0.0 0.2318996970334068 0.0 0.23262341375738566 0.0
0 0.050781 0.620605 0.098958 0.086914 0.0 0.15927610331862388 0.0 0.18754502578891047 0.0 0.29682437409240875 0.0 0.31742796844041204 0.0 0.24339809282815092 0.0 0.2591044366244786 0.0
0 0.834635 0.217285 0.252604 0.124023 0.0 0.10994222438147117 0.04362732414233773 0.1095996037424741 0.016069848903466757 0.2924097765639959 0.2543042924902529 0.2785944361697706 0.3150497389820819 0.24233781979599264 0.37695531856033154 0.30683248349780656 0.518529641087074
0 0.068359 0.980469 0.110677 0.039062 0.0 0.0 0.03875577316424723 0.04698815528111887 0.13551329552271266 0.0 0.2647843588345862 0.25344515717051785 0.30782930357219795 0.0 0.042909966527920715 0.12560638365553992 0.11987422540699634
0 0.500000 0.501465 0.119792 0.065430 0.0 0.0 0.17103765443208843 0.0 0.1992193049029528 0.0 0.43541938482847764 0.0 0.22489317766776773 0.0 0.5745698756672706 0.0 0.5573619979424383
0 0.944010 0.588867 0.111979 0.085938 0.013098228079799237 0.023543514205803393 0.16902674581089164 0.01293863820185165 0.08152116290277296 0.24623637587741973 0.1416766297089812 0.2577190410956012 0.30714651468485843 0.1368638377939231 0.12578717835289188 0.04631611609397528 0.09334333724884841
0 0.255208 0.784668 0.096354 0.057617 0.0 0.3083564488714393 0.0 0.0 0.0 0.17751151468814266 0.0 0.0 0.0 0.12830045017652425 0.0 0.0 0.0
0 0.423177 0.090332 0.148438 0.073242 0.0 0.0 0.1365764320415729 0.0 0.14586404492843738 0.0 0.09343997387640615 0.0 0.089302755396957 0.0 0.5682349605894483 0.0 0.5750585627359969
0 0.171224 0.042969 0.152344 0.056641 0.0 0.0132690157266659 0.16300566824518106 0.05450370080002354 0.1667751130758926 0.44691205746424284 0.21598415913538066 0.40205209955305454 0.3383955217703276 0.39246970353934724 0.42238320540310814 0.359458660606688 0.30883567727677363
0 0.041667 0.410156 0.080729 0.150391 0.0 0.0 0.25801147870301827 0.04806689103478292 0.11876688303581064 0.0 0.15756435572775365 0.15176808013700183 0.17147596061234674 0.0 0.3243914727070022 0.24143466135066502 0.3110217745712314
0 0.069661 0.257324 0.126302 0.180664 0.0 0.02880546926663603 0.15659018937563582 0.0 0.13851869330975056 0.2482252375539155 0.21589075712863426 0.0 0.24964206337799486 0.3692110121406843 0.34818000654415504 0.0 0.3080746238353615
0 0.835938 0.457520 0.166667 0.102539 0.0 0.0 0.1579901518697276 0.0042236227038684165 0.1359961718084337 0.0 0.3533472616746384 0.3756897787050368 0.18666357700128666 0.0 0.09743710198521949 0.12667647910078775 0.11394486703235451
0 0.796875 0.525879 0.127604 0.065430 0.02059510819141186 0.0 0.10433226178452476 0.0 0.10479636518954513 0.0 0.16910805759801786 0.0 0.2947660571151833 0.0 0.12241530368713395 0.0 0.10467848106449298
0 0.533203 0.562500 0.089844 0.083984 0.0 0.0 0.1505951047574909 0.0 0.10231151922618625 0.0 0.3373038105480233 0.0 0.30070154839147983 0.0 0.5609551694741326 0.0 0.5652254730686228
0 0.929036 0.099609 0.141927 0.158203 0.0 0.10361371477600968 0.03700265940827077 0.11975532176213442 0.10267198036118462 0.20337672140691046 0.20181120592987498 0.19031846626134727 0.20061440051317878 0.2576892968094156 0.263515425238989 0.23779704923498104 0.2652950768349663
0 0.497396 0.477539 0.114583 0.070312 0.0 0.0 0.14039478281683393 0.0 0.14047256368987823 0.0 0.4309419163875993 0.0 0.229314213852862 0.0 0.5708632410980038 0.0 0.5655664211734578
0 0.174479 0.010742 0.122396 0.019531 0.0 0.12213550825980413 1.0 0.4719789316875661 0.6638005495352327 0.3412664585569585 0.44005233772043034 0.34113433160378404 0.4479940665991854 0.30784532932468633 0.3072490070098613 0.2953684912217631 0.31879194955301954
0 0.141276 0.103516 0.165365 0.078125 0.0 0.01379440194886777 0.08886084982243957 0.1475880445838772 0.08530101155096655 0.34760123716829744 0.26102604803555596 0.33490187303385266 0.30758925940033344 0.358739573233147 0.32805920170268404 0.37013910330282823 0.33995339342153463
0 0.461589 0.768066 0.089844 0.100586 0.0 0.10771623869131963 0.0 0.11186091684921608 0.0 0.23504158991531626 0.0 0.3435063004974065 0.0 0.0628611287030445 0.0 0.08146093035926659 0.0
0 0.689453 0.079590 0.282552 0.084961 0.02046864748199381 0.07612871741476966 0.0 0.04431837898457322 0.04363716812271963 0.19143222243593833 0.0 0.26420496793850345 0.08221941112054454 0.3606890904180025 0.0 0.3916766360673719 0.4781006477922309
0 0.902344 0.403320 0.127604 0.070312 0.0 0.0 0.1740340564038962 0.0 0.19350896905880405 0.0 0.2899143198784551 0.0 0.2788936741578111 0.0 0.09370540036638822 0.0 0.11248046973946657
0 0.951823 0.332520 0.096354 0.106445 0.0 0.017952389872952668 0.12342654821108615 0.017575251725803678 0.1546641740944511 0.15528305266534165 0.3390638462896386 0.2890435338994494 0.13528175455128974 0.11622425832349248 0.1189877250341447 0.11533548122091715 0.1117998229644053
0 0.651042 0.294922 0.140625 0.058594 0.0 0.0 0.12750742761768633 0.0 0.1807249848703805 0.0 0.32197347567435575 0.0 0.35921253813962184 0.0 0.5602367853554288 0.0 0.5795985135863134
0 0.429036 0.158691 0.167969 0.065430 0.1500944949482503 0.0 0.07237779196787629 0.0921637652024846 0.013332561988354513 0.0 0.6012872163482578 0.6149953696005103 0.5746891066912208 0.0 0.5560040934108372 0.3627685698022822 0.9964203699511798
