0 0.880371 0.651367 0.114258 0.064453 0.0 0.0 0.1486675533581719 0.0 0.156227432991039 0.0 0.25256084142747026 0.0 0.21126322037549405 0.0 0.5057855271518168 0.0 0.5408739212860278
0 0.644531 0.078613 0.078125 0.106445 0.0 0.10144252058713181 0.03953421637600852 0.13995772549046331 0.04069312616408639 0.3305340923988005 0.3079970688302957 0.33742752415726507 0.31314574475761897 0.5193049030622067 0.5254743336176111 0.5020220876217423 0.5117806546253677
0 0.565430 0.081543 0.080078 0.102539 0.0 0.12671670953693992 0.051160361451099576 0.15334424053759657 0.055957710011138945 0.3169221640869958 0.286723919672863 0.3414196098716899 0.28966971947068243 0.5255703955388357 0.5269834734010993 0.5006095286103927 0.5007492919878707
0 0.204102 0.613770 0.113281 0.137695 0.027308095709504772 0.05918978626865869 0.1334987392498633 0.10366175641682333 0.05049164742311515 0.2666021589113798 0.299879959125114 0.2806868682032145 0.29162358333427885 0.6820489302164147 0.5252573541601967 0.6867380270995302 0.5527716554742451
0 0.404297 0.249023 0.089844 0.089844 0.0 0.13510919265948543 0.05724168249846162 0.07582700611125871 0.09760166599451268 0.32179225570938036 0.28210450420403826 0.2799162286485357 0.34847216384536644 0.5144678863094378 0.6056119423369299 0.4896608871528441 0.5811037354974028
0 0.860840 0.237305 0.124023 0.089844 0.0 0.10062918964686397 0.0659387136935093 0.10237601543489111 0.06745698060072423 0.3775865508498916 0.33251039144365047 0.3647895369214277 0.3553449096449024 0.4836755721472416 0.5437899364797582 0.5188539460567745 0.5728393892588985
0 0.726074 0.077637 0.084961 0.106445 0.0 0.03807269879415806 0.06158434004826742 0.0982714537761153 0.04162470391186684 0.3189409706426811 0.2894273973320417 0.3110376832762272 0.2896784400052918 0.5204654030510072 0.5254404104495742 0.5044426307726042 0.47554205892914403
0 0.483887 0.081055 0.081055 0.103516 0.0 0.07721287503972532 0.03430034110771909 0.1278901404329475 0.03965724452764226 0.3306098323242483 0.3047234868377229 0.3249646727453976 0.30303025828523034 0.5144750877878627 0.5297446058321985 0.5012077772906953 0.48734781323653886
0 0.217773 0.774414 0.130859 0.083984 0.0 0.08081342753342526 0.05557343111308457 0.0 0.08403165668030335 0.34096558550625794 0.34111738643614914 0.0 0.2953124063125448 0.5835351535544564 0.5459325146473349 0.0 0.6126962442663613
0 0.884277 0.729492 0.110352 0.099609 0.0 0.0 0.14806160014902175 0.0 0.1255920959522255 0.0 0.32559227308614863 0.0 0.08766517112430418 0.0 0.5146891658742667 0.0 0.5126732844588976
0 0.164062 0.155273 0.128906 0.109375 0.0 0.0 0.21416154469821524 0.0 0.14359311708043404 0.0 0.33157013136747976 0.0 0.3009998398824987 0.0 0.6362941481578811 0.0 0.6301760002148811
0 0.957031 0.069824 0.085938 0.112305 0.0 0.09176508287053037 0.04156909518806012 0.09404724616206 0.14556941837448376 0.27166619130134706 0.2817463053484169 0.3210020050802244 0.30107626266367205 0.48715531260522626 0.535589345743773 0.5239163348972095 0.504274124945542
0 0.877441 0.571777 0.112305 0.084961 0.0 0.09182570119874371 0.12449090002073603 0.07403805205135802 0.056358289915040084 0.339218371751293 0.306205817754726 0.2682332567833428 0.27632800688357484 0.506701356145799 0.5366371986707481 0.517290671947343 0.5434179211814847
0 0.859375 0.076172 0.097656 0.095703 0.0 0.13700549550515595 0.0 0.19105687802655125 0.0 0.1953108054288604 0.0 0.18996947993374774 0.0 0.5072528539251903 0.0 0.508700116700118 0.0
0 0.776367 0.243652 0.042969 0.084961 0.0 0.20413676430706296 0.034074318804260664 0.05086733643611458 0.021561247364887175 0.37797313381204545 0.34477599325125574 0.35274638619631726 0.35680442922824923 0.46222270687413936 0.5203975654724334 0.5088095393787265 0.49853778804476134
0 0.438965 0.470703 0.127930 0.087891 0.0 0.04178805418663489 0.12223078421373572 0.04217674494581782 0.13256871523037905 0.3314056178522247 0.3384148433233341 0.336509579400698 0.3483217965564845 0.5416324593304678 0.5431870860762364 0.5582828870520732 0.5446919970320648
0 0.179688 0.304199 0.119141 0.077148 0.0 0.0 0.1053603283293206 0.0 0.22074567094383069 0.0 0.3238686734833476 0.0 0.3142045552256052 0.0 0.5648909995787355 0.0 0.5611407621552527
0 0.413574 0.385742 0.092773 0.078125 0.0 0.037185186296173504 0.10571027459590697 0.0432226418301547 0.16306345374719036 0.3209225130167634 0.3559314362255263 0.32542594336537795 0.4021337177302894 0.5473089536586746 0.5374114347381874 0.5572723226188739 0.5499601978298864
0 0.872559 0.315430 0.096680 0.066406 0.0 0.0 0.14175017325877431 0.0 0.15333568635788486 0.0 0.301204854844039 0.0 0.30010672211264744 0.0 0.552704600357343 0.0 0.5427060815853881
0 0.875000 0.870117 0.128906 0.095703 0.0 0.03941337110820665 0.13530537840971132 0.03803734739975201 0.14848206265731168 0.35431298188797145 0.32811564893184897 0.35657479801409153 0.2751966479241995 0.5290296978379233 0.5189263450968061 0.5281664580537451 0.5148798519144662
0 0.403809 0.321289 0.075195 0.048828 0.0 0.0 0.1326964848894005 0.0 0.1591900366166848 0.0 0.27562393777663263 0.0 0.33678050137565685 0.0 0.5446196906274285 0.0 0.5626590373167558
0 0.873535 0.381836 0.102539 0.066406 0.0 0.0 0.2200139865138339 0.0 0.21864539578028713 0.0 0.3040663090582038 0.0 0.27413090127250095 0.0 0.5132836341174628 0.0 0.5238875760804383
0 0.231445 0.913086 0.111328 0.087891 0.005406078943642467 0.0 0.2053205943673008 0.0 0.07299575976526837 0.0 0.27416653986865147 0.0 0.24248851651680392 0.0 0.547274115582307 0.0 0.5369450446633451
0 0.876953 0.440918 0.101562 0.051758 0.1960639480332679 0.0 0.07860004391313698 0.0 0.10782541893402277 0.0 0.2284703064487757 0.0 0.23364957685443785 0.0 0.5230214158444022 0.0 0.5284331111678034
0 0.622559 0.254883 0.083008 0.107422 0.025559922396380032 0.15416250824779812 0.0 0.13526306207428487 0.0 0.38868784062312667 0.0 0.18074107362394737 0.0 0.4999396079431588 0.0 0.5536614403694428 0.0
0 0.490234 0.235840 0.080078 0.075195 0.0 0.2479164228697573 0.0211178014952842 0.11977768891814952 0.014170475144157651 0.3643458479723152 0.34118761474734405 0.2891602106126551 0.3507882798644759 0.5093161781824602 0.5157466299770876 0.4729525566459547 0.5270890817211265
0 0.882324 0.496094 0.098633 0.062500 0.0 0.0 0.2070955254757363 0.0 0.16779385798624413 0.0 0.37330039878898685 0.0 0.34577117723933254 0.0 0.5193367754329004 0.0 0.5179745737286984
0 0.023926 0.658691 0.045898 0.122070 0.0 0.1984426319754216 0.0 0.19717956784027882 0.0 0.28828315602346843 0.0 0.28924479404218817 0.0 0.6718313466730296 0.0 0.6788291992775909 0.0
0 0.128418 0.628906 0.061523 0.115234 0.0 0.19458658957362465 0.0 0.1455042184795471 0.0 0.3052156162819824 0.0 0.3030700400448408 0.0 0.6749396898733114 0.0 0.6754654951750512 0.0
0 0.073730 0.643066 0.073242 0.118164 0.0 0.16969358210424207 0.0 0.1430779732366399 0.0 0.29500932066377167 0.0 0.3007150981807828 0.0 0.682690588543442 0.0 0.6791683561153775 0.0
0 0.889160 0.940430 0.102539 0.048828 0.0 0.0 0.15490533282171356 0.0 0.237378691217507 0.0 0.32371937489626573 0.0 0.2470688620714792 0.0 0.5151844176594375 0.0 0.5239072760417713
0 0.384766 0.091309 0.117188 0.084961 0.03241998465187437 0.05903627153636008 0.040680872598221784 0.1391730250176697 0.10525320799139731 0.33908163135453206 0.32149065892896866 0.31814809774644043 0.3216041310243471 0.510466533820672 0.6475953222403411 0.5000119629490074 0.6496061311951655
0 0.235840 0.846191 0.094727 0.047852 0.0 0.0 0.1021661236861913 0.0 0.09737143630675066 0.0 0.275338096526246 0.0 0.27274495805911186 0.0 0.5465548017989661 0.0 0.5434546703184215
0 0.188477 0.430664 0.138672 0.072266 0.0 0.010296809991886098 0.1559821388679853 0.023996147825060227 0.12713089440784608 0.3342042442010933 0.3474559939335647 0.32403819641167564 0.3426089064686164 0.5550110544217348 0.51822928548411 0.5756783850657545 0.5625257473451588
0 0.697754 0.248535 0.069336 0.100586 0.0 0.1797515165227243 0.0 0.09930429092810372 0.0 0.3492867949806981 0.0 0.23739295138629496 0.0 0.503965483877663 0.0 0.4992085397669972 0.0
0 0.147461 0.057129 0.130859 0.081055 0.0 0.0 0.21967847789566478 0.0 0.24715457194847376 0.0 0.27519946029911113 0.0 0.2541965128282106 0.0 0.7109111568736116 0.0 0.5418246836184936
0 0.736816 0.246582 0.038086 0.088867 0.0 0.16503474995518294 0.0 0.22033241141824925 0.0 0.2920787935081308 0.0 0.2985447738775512 0.0 0.508039236371631 0.0 0.5407732253946886 0.0
0 0.792480 0.086426 0.049805 0.094727 0.0 0.15146368489400053 0.0 0.16054560448902955 0.0 0.2906161922132056 0.0 0.308771565856266 0.0 0.5018394169951763 0.0 0.5113323184793868 0.0
0 0.020508 0.854980 0.039062 0.098633 0.0 0.21207546032003477 0.0 0.1358734736084621 0.0 0.29250408368510117 0.0 0.29042818404603515 0.0 0.673318734201286 0.0 0.7065881505383939 0.0
0 0.182129 0.371582 0.133789 0.055664 0.0 0.01980665223253655 0.1760729897069161 0.020246876127835177 0.11936156677493279 0.3235544188768836 0.3498054127203038 0.3131323271368233 0.3361945321784645 0.564714704175572 0.5437657733638325 0.5586635562618147 0.5340238026991426
0 0.230957 0.977539 0.118164 0.044922 0.0 0.0 0.09503543155397241 0.0 0.09013753493645772 0.0 0.27546788151116874 0.0 0.273276789736261 0.0 0.5527346051780121 0.0 0.5448688230405774
0 0.066895 0.834473 0.067383 0.102539 0.010683291223014164 0.10126512850661874 0.0 0.07295536460478515 0.0 0.2288694934033204 0.0 0.24731331397109077 0.0 0.6690734274456236 0.0 0.7308745926001177 0.0
0 0.209473 0.500488 0.102539 0.083008 0.0 0.0 0.18728136386351724 0.0 0.12412124133603601 0.0 0.31781770944020993 0.0 0.2880020860489276 0.0 0.5475488568440896 0.0 0.5401497541623489
0 0.177734 0.237305 0.117188 0.056641 0.40436613570944946 0.0 0.0 0.0 0.0 0.0 0.0 0.0 0.0 0.0 0.0 0.0 0.0
0 0.728027 0.534180 0.104492 0.052734 0.2714770421635224 0.0 0.0 0.0 0.0 0.0 0.0 0.0 0.0 0.0 0.0 0.0 0.0
0 0.890137 0.959961 0.102539 0.080078 0.0 0.0 0.1996276228894315 0.0 0.2208933775945597 0.0 0.3179961266303785 0.0 0.2774007508245515 0.0 0.5245700524430105 0.0 0.5208783647490404
0 0.560547 0.230957 0.060547 0.063477 0.0 0.26873118502105575 0.0 0.08206402966888207 0.0 0.3734501600003671 0.0 0.30774367427153204 0.0 0.5076741921394241 0.0 0.5166336301811579 0.0
0 0.790527 0.717773 0.075195 0.091797 0.30276081022614987 0.0 0.0 0.0 0.0 0.0 0.0 0.0 0.0 0.0 0.0 0.0 0.0
0 0.436523 0.556641 0.123047 0.074219 0.046109936707254315 0.0489957295092264 0.10521665129644081 0.011246411218753133 0.13636966145563087 0.32222370081733703 0.2337299546166331 0.09725407364555151 0.3328653546650153 0.5273507614489436 0.5539707730911435 0.46520364933682573 0.5602349058978182
0 0.891113 0.982422 0.102539 0.035156 0.0 0.0 0.19251397596091827 0.0 0.156058001585879 0.0 0.3126291468230888 0.0 0.31390502930902037 0.0 0.552164289125503 0.0 0.5232013380455552
0 0.132812 0.830078 0.074219 0.091797 0.0 0.22381218762146327 0.0 0.19161162628290543 0.0 0.22449579295240638 0.0 0.22482845644865485 0.0 0.6829985541840188 0.0 0.6849746240378143 0.0
0 0.689453 0.243652 0.054688 0.096680 0.0 0.2371072944319414 0.0 0.13099067091580496 0.0 0.3492867949806981 0.0 0.23739295138629501 0.0 0.503965483877663 0.0 0.4992085397669973 0.0
0 0.493164 0.380859 0.062500 0.085938 0.09672897967294437 0.11230707622688048 0.0 0.0 0.0 0.07438121751322183 0.0 0.0 0.0 0.15851667582772527 0.0 0.0 0.0
0 0.356445 0.023438 0.085938 0.044922 0.21191807482901517 0.0 0.0 0.0 0.0 0.0 0.0 0.0 0.0 0.0 0.0 0.0 0.0
0 0.710938 0.648926 0.066406 0.071289 0.0 0.0 0.15026872820184828 0.0 0.10543769764586777 0.0 0.24014070649224178 0.0 0.18889769290483527 0.0 0.5780699158836129 0.0 0.46110397728874575
0 0.892090 0.801758 0.100586 0.048828 0.0 0.0 0.1946887592221463 0.0 0.12676831081975537 0.0 0.33881798226978993 0.0 0.3020945939906038 0.0 0.4960327290879756 0.0 0.4990964975188686
0 0.020020 0.928711 0.038086 0.054688 0.0 0.07632702350588269 0.18216835994243874 0.0 0.15429147004744234 0.2500361528964377 0.33507835945411557 0.0 0.3494009327397057 0.6824125239532317 0.6814091982548648 0.0 0.6735542922450457
0 0.043945 0.972168 0.085938 0.055664 0.0 0.13283377682044387 0.08536904377346799 0.04286700735099031 0.15221365935131764 0.28869517630526975 0.34576633904723375 0.24856004818827585 0.28563730731297804 0.6906502197578543 0.6666903837249065 0.6851574454345989 0.6896047755000883
0 0.472656 0.635254 0.166016 0.098633 0.12150486387170284 0.0 0.040752591019838386 0.03693413837371035 0.1015026353248973 0.0 0.3335437336240299 0.340319210935248 0.3442264583659808 0.0 0.5244782824678718 0.5466167721677095 0.5461012927308108
