0 0.147949 0.892090 0.145508 0.118164 0.0 0.13166876672490832 0.0 0.153412442260919 0.0 0.2380005078806113 0.0 0.2493449158544581 0.0 0.17654716098070644 0.0 0.17733568861080945 0.0
0 0.474121 0.199219 0.102539 0.083984 0.0 0.15572823555789403 0.0 0.22775339151350762 0.0 0.23043584499878295 0.0 0.21117258737035172 0.0 0.0019373591263463336 0.0 0.0042896585669236886 0.0
0 0.928223 0.803223 0.079102 0.071289 0.0 0.08574084041055934 0.08331195489259773 0.1802296994784456 0.0 0.17467182292370434 0.16821581099333166 0.15211573813160886 0.0 0.03633707564418008 0.9771517030477364 0.031847802266128156 0.0
0 0.539551 0.257812 0.124023 0.091797 0.0 0.1262651586869934 0.019044184958027077 0.20857834549313903 0.0 0.23105225538128704 0.23200081332965242 0.20847570957007416 0.0 0.01076018180344689 0.9884489497714235 0.007931363650393071 0.0
0 0.409668 0.138672 0.106445 0.093750 0.0 0.15653779679316365 0.0 0.17935019606756195 0.0 0.2281816619558173 0.0 0.2224729592129976 0.0 0.007304852354287966 0.0 0.006907897748761924 0.0
0 0.855469 0.300293 0.125000 0.120117 0.3889275391925917 0.0 0.0 0.0 0.0 0.0 0.0 0.0 0.0 0.0 0.0 0.0 0.0
0 0.971191 0.846191 0.057617 0.092773 0.0 0.20061397281509197 0.0 0.20891933584602254 0.0 0.1688702181160085 0.0 0.14872394831501867 0.0 0.030300326763364745 0.0 0.011237782336605228 0.0
0 0.290039 0.029785 0.091797 0.057617 0.0 0.17884201433074454 0.0 0.20665560256318985 0.0 0.2203287730557047 0.0 0.20941625239080736 0.0 0.011922488564978708 0.0 0.010423623787539782 0.0
0 0.343262 0.068848 0.094727 0.088867 0.0 0.1627968552981227 0.0 0.15057392801377564 0.0 0.23038419037045893 0.0 0.22444645708315128 0.0 0.009330431774958865 0.0 0.006905772801020286 0.0
0 0.180176 0.196289 0.131836 0.130859 0.0 0.11482291481072048 0.08260819234937163 0.10299985389796382 0.03186352056105769 0.08970032574001682 0.09491223310361435 0.08773839494061463 0.089884374357613 0.3195835986904678 0.33154830958695725 0.3042358222572274 0.3604102653316674
0 0.556152 0.843262 0.088867 0.094727 0.0 0.16965004348933518 0.0 0.16861983434977892 0.0 0.06897092454613346 0.0 0.07063402833371255 0.0 0.09673917055027086 0.0 0.10813585470779749 0.0
0 0.876465 0.029297 0.112305 0.056641 0.20940148323908442 0.0 0.0 0.0 0.0 0.0 0.0 0.0 0.0 0.0 0.0 0.0 0.0
0 0.076172 0.426270 0.119141 0.116211 0.0 0.1807787593485907 0.0 0.13103816712743818 0.0 0.07880762523847695 0.0 0.08531289243209386 0.0 0.28630921163470063 0.0 0.2776811851290795 0.0
0 0.956543 0.317871 0.086914 0.147461 0.3655068192644977 0.0 0.0 0.0 0.0 0.0 0.0 0.0 0.0 0.0 0.0 0.0 0.0
0 0.336426 0.739746 0.094727 0.094727 0.0 0.15987114966035695 0.0 0.17555108154231858 0.0 0.06673916601852932 0.0 0.07069808485026428 0.0 0.07190141530649186 0.0 0.0732865599605955 0.0
0 0.416016 0.767578 0.093750 0.089844 0.0 0.14364398343862061 0.0 0.16188106240663597 0.0 0.06704849447597817 0.0 0.07320070303634342 0.0 0.11316019751632937 0.0 0.11387731172411009 0.0
0 0.476562 0.813965 0.082031 0.083008 0.0 0.2324412585527273 0.0 0.2138785212722672 0.0 0.06849977319233105 0.0 0.07186765706338258 0.0 0.07520411533415607 0.0 0.07683340130559234 0.0
0 0.017578 0.925293 0.033203 0.088867 0.19078014133156576 0.0 0.0 0.0 0.0 0.0 0.0 0.0 0.0 0.0 0.0 0.0 0.0
0 0.204590 0.458984 0.120117 0.140625 0.0 0.07552008358161236 0.09037081860684983 0.0 0.14187506020799698 0.09828951844587366 0.1026952996016241 0.0 0.08713713144581037 0.2599289795002855 0.26950522293014556 0.0 0.34430022085471096
0 0.156738 0.594727 0.120117 0.140625 0.0 0.03494226386174283 0.11876944176168479 0.06780749374850895 0.09259619713178903 0.13309856002673265 0.10086799279453369 0.11545193766556859 0.10735020629849096 0.2454609617394763 0.29882723198125394 0.28467591135635223 0.2867240235439866
0 0.616699 0.895020 0.088867 0.094727 0.0 0.21596235503224534 0.0 0.1876460007995909 0.0 0.06822184169955534 0.0 0.0750662080670155 0.0 0.06879227525080658 0.0 0.07105475770379839 0.0
0 0.694824 0.928223 0.088867 0.094727 0.0 0.19291229008145402 0.0 0.17176517761035048 0.0 0.06687211672226828 0.0 0.07271256881517146 0.0 0.10035784271803902 0.0 0.12294309770045907 0.0
0 0.921875 0.973633 0.101562 0.050781 0.0 0.19592814076924375 0.05160707778176793 0.0 0.0 0.14530511184073797 0.10370991093147393 0.0 0.0 0.9956482626026197 0.0015494524449454477 0.0 0.0
0 0.713379 0.775879 0.079102 0.071289 0.3072062305545005 0.0 0.0 0.0 0.0 0.0 0.0 0.0 0.0 0.0 0.0 0.0 0.0
0 0.798340 0.800293 0.079102 0.071289 0.42400590974491503 0.0 0.0 0.0 0.0 0.0 0.0 0.0 0.0 0.0 0.0 0.0 0.0
0 0.796387 0.698242 0.114258 0.134766 0.20409810678368637 0.0 0.0 0.0 0.0 0.0 0.0 0.0 0.0 0.0 0.0 0.0 0.0
0 0.872070 0.687012 0.062500 0.084961 0.3113303637803319 0.0 0.0 0.0 0.0 0.0 0.0 0.0 0.0 0.0 0.0 0.0 0.0
0 0.728516 0.558105 0.111328 0.127930 0.35657444071331434 0.0 0.0 0.0 0.0 0.0 0.0 0.0 0.0 0.0 0.0 0.0 0.0
0 0.624023 0.454590 0.111328 0.127930 0.3503740137236413 0.0 0.0 0.0 0.0 0.0 0.0 0.0 0.0 0.0 0.0 0.0 0.0
0 0.520020 0.551270 0.129883 0.137695 0.38458305926390884 0.0 0.0 0.0 0.0 0.0 0.0 0.0 0.0 0.0 0.0 0.0 0.0
0 0.055176 0.175293 0.108398 0.129883 0.4058886492352478 0.0 0.0 0.0 0.0 0.0 0.0 0.0 0.0 0.0 0.0 0.0 0.0
