0 0.598307 0.624023 0.157552 0.152344 0.013698042325947273 0.0 0.16082476988603422 0.0 0.1197903923106142 0.0 0.07333188850730596 0.0 0.07059698190836665 0.0 0.7140308268042673 0.0 0.7085205147422446
0 0.204427 0.594727 0.153646 0.146484 0.0 0.016666847374478693 0.08685271678096469 0.04177302478608032 0.07931670952349351 0.2671260980260734 0.29078138994475494 0.288938657455164 0.29222745464291233 0.7451179863204231 0.7176716401685947 0.7179755178136298 0.7173001733781421
0 0.664062 0.766602 0.187500 0.212891 0.0 0.0 0.13446286769239946 0.0 0.13318811952319323 0.0 0.07807063893671981 0.0 0.07675844567388758 0.0 0.7218134668812907 0.0 0.6897789121107364
0 0.730469 0.916016 0.158854 0.142578 0.0 0.0 0.138547652447664 0.0 0.08715917429514151 0.0 0.0742103224069545 0.0 0.08329509580334513 0.0 0.7060645050890787 0.0 0.7081354143831438
0 0.264974 0.765137 0.173177 0.147461 0.0 0.02529357782898729 0.05578741411125119 0.026107806199474212 0.062444100659629624 0.28438116760032084 0.2929570307873298 0.29375476259127437 0.2881924333848513 0.7170147365581268 0.7158893097825909 0.705813776893314 0.7073601965431767
0 0.361979 0.926758 0.122396 0.132812 0.0 0.02952092446619733 0.1145198044753523 0.028442790726789895 0.09833968280392713 0.27384323353042583 0.2806278219868436 0.2822751617994086 0.29038856014605813 0.7123378594367809 0.7130631787263534 0.71883794303283 0.7079584104403447
0 0.533203 0.487793 0.194010 0.202148 0.02246954373452285 0.0 0.12155309458164437 0.0 0.1067343126758935 0.0 0.083853137556658 0.0 0.0886471628548897 0.0 0.7159424228955457 0.0 0.7195360728278665
0 0.897135 0.384766 0.153646 0.126953 0.028943949209016554 0.0 0.11069602239091056 0.0 0.1337658742180084 0.0 0.29244269632521197 0.0 0.2997309263653295 0.0 0.707610259004767 0.0 0.714897427291133
0 0.833333 0.250977 0.182292 0.169922 0.029433493047955984 0.02525065310579375 0.1065789399260727 0.0 0.060193192230463946 0.29033281976098274 0.2863929157687115 0.0 0.2907398539929299 0.7113784455313664 0.7135529729182072 0.0 0.7120363233780733
0 0.175781 0.948730 0.135417 0.100586 0.0 0.0 0.13249637125184233 0.03849560085250312 0.11413468639702791 0.0 0.2821459462881363 0.31297408794540044 0.2886406632523212 0.0 0.8167468917758721 0.7745105872846314 0.7628249640097279
0 0.130859 0.878906 0.110677 0.062500 0.07196237754566846 0.0 0.13299166174040628 0.0 0.06428906248412655 0.0 0.2867451793575603 0.0 0.3034251875384406 0.0 0.7846968746491084 0.0 0.7719633542426265
0 0.065104 0.768066 0.122396 0.108398 0.0 0.021301009087513596 0.07539954054373403 0.0 0.09535056694350735 0.2606613175185706 0.34303983064917654 0.0 0.31733329920169195 0.7629277383613554 0.7733473430678091 0.0 0.7633698516793277
0 0.082682 0.400879 0.154948 0.075195 0.0 0.015714878261665705 0.04030922957946938 0.1044910120328133 0.025868173799909713 0.2548812191356599 0.29327784209312646 0.2433203001380032 0.26307579987318674 0.7134123240842146 0.7179155348402073 0.7310583363528962 0.7714186087108226
0 0.107422 0.837402 0.105469 0.061523 0.05729006904071327 0.0 0.07797852061094938 0.0 0.17695670663886065 0.0 0.3403349162698504 0.0 0.32864100674893704 0.0 0.7220846232921785 0.0 0.7184148229317079
0 0.077474 0.326172 0.144531 0.078125 0.0 0.06912623591162285 0.08793772624496726 0.0 0.13943906266307887 0.2584288423326787 0.2729190875336268 0.0 0.16831989975164163 0.7225410236919184 0.7213006524838566 0.0 0.7047933149283625
0 0.037109 0.189453 0.071615 0.156250 0.0 0.03544679265733785 0.11525646725562733 0.04772481035061034 0.15937885299654977 0.2862472532531796 0.29735900926548375 0.2772416853105997 0.28560577429192385 0.7260245719506064 0.713771886743733 0.7174016301413669 0.7144120285141174
0 0.024740 0.666016 0.046875 0.078125 0.0 0.0 0.10128086032983749 0.03306638208562087 0.0 0.0 0.25510459330021956 0.2901492455311768 0.0 0.0 0.7709697065048939 0.7717377581545786 0.0
0 0.937500 0.504395 0.125000 0.143555 0.0 0.0 0.15286334174757216 0.0 0.14010747687622901 0.0 0.29108658359121803 0.0 0.3113786742781734 0.0 0.7156955317138998 0.0 0.7121214866340633
