0 0.249512 0.511719 0.110352 0.203125 0.035145181822055616 0.06132452618871254 0.10128116949326857 0.12418314666752665 0.03798688956242176 0.27010256517627773 0.28400405976059606 0.2654304206636119 0.27987877691326685 0.5206131471058195 0.5345929161803925 0.5327147569130476 0.5081436547833265
0 0.075684 0.499349 0.100586 0.131510 0.0 0.0 0.09353666634632282 0.08425859597409427 0.20711032940101 0.0 0.2756328915378881 0.28848889664970645 0.27471507415351093 0.0 0.4928088679417619 0.757064007414696 0.5574057612125143
0 0.231445 0.287760 0.101562 0.143229 0.0 0.0 0.25634574358061085 0.010569516569666313 0.23208987022301086 0.0 0.3280546705129375 0.3257170836999601 0.3191734526798234 0.0 0.5203226160042598 0.5259700209986502 0.5196786300356258
0 0.072266 0.274740 0.095703 0.085938 0.0 0.0 0.12143988182088357 0.0 0.16434482952665755 0.0 0.20185017217218681 0.0 0.3375569246135132 0.0 0.5075955961093729 0.0 0.5032104490489062
0 0.164551 0.560547 0.067383 0.095052 0.07690806396974821 0.0 0.0 0.28776839286034095 0.0 0.0 0.0 0.3297296012980139 0.0 0.0 0.0 0.5250457446219658 0.0
0 0.225586 0.128906 0.107422 0.182292 0.0 0.057500360768596916 0.163391297259681 0.0 0.12180997058230149 0.3125188109588094 0.3385151588696411 0.0 0.3167133973654345 0.5193526858218493 0.524607919378208 0.0 0.5192853629214145
0 0.929688 0.140625 0.138672 0.135417 0.37760752566409195 0.0 0.0 0.0 0.0 0.0 0.0 0.0 0.0 0.0 0.0 0.0 0.0
0 0.066895 0.194010 0.088867 0.067708 0.0 0.0 0.18141181031373338 0.0 0.1661008147334894 0.0 0.28337567535046526 0.0 0.28111744797813376 0.0 0.5178270225925024 0.0 0.529066497376836
0 0.349609 0.550781 0.085938 0.114583 0.0 0.12908678563701578 0.0 0.1514293300126524 0.0 0.06963660312252987 0.0 0.06691733957574325 0.0 0.523380751939369 0.0 0.5059549864368263 0.0
0 0.471680 0.832682 0.121094 0.139323 0.3015650682791003 0.0 0.0 0.0 0.0 0.0 0.0 0.0 0.0 0.0 0.0 0.0 0.0
0 0.423340 0.546224 0.071289 0.110677 0.07285603122696213 0.18090748831964557 0.022153604374894244 0.19214376130308417 0.02362023645426741 0.308392893070824 0.31978936536326835 0.2627714942224204 0.33401802219232984 0.5239662509332206 0.5403024893214188 0.5227128667013587 0.47306619124600535
0 0.904297 0.317708 0.126953 0.174479 0.07134054215480617 0.07253105422532677 0.0 0.09737665978756525 0.0 0.09960013866620411 0.0 0.0814384944248658 0.0 0.5025521659564058 0.0 0.5142183010766896 0.0
0 0.505859 0.534505 0.095703 0.121094 0.14320084097460983 0.022063956060199518 0.017587949672969363 0.14510204349555397 0.1115116586652314 0.38697172644119227 0.3753204404830997 0.31881722330964124 0.33642252480298285 0.5331749396452041 0.5955360472733271 0.5327128485601917 0.5155160091914569
0 0.065918 0.126302 0.094727 0.072917 0.0 0.0 0.13718164425468943 0.0 0.16085171225545222 0.0 0.26097186521175203 0.0 0.26817377858827457 0.0 0.5166597978099968 0.0 0.5271683119154984
0 0.072266 0.373047 0.095703 0.115885 0.0 0.0 0.10036101769906089 0.0 0.16628970108892435 0.0 0.3069294740756251 0.0 0.27949355268136294 0.0 0.5239380485753591 0.0 0.4951474339227486
0 0.069336 0.050130 0.105469 0.079427 0.0 0.0 0.1171082974864676 0.0 0.18458430150385527 0.0 0.30501088456860503 0.0 0.3771245969133132 0.0 0.536243013820091 0.0 0.5302774140256885
0 0.975098 0.813151 0.049805 0.139323 0.0 0.09863349459108016 0.0 0.07797104493219727 0.21185285965339948 0.156271870368101 0.0 0.15120658398108494 0.13405355281763529 0.4840922895776032 0.0 0.5204853790951303 0.5267205550699089
0 0.374023 0.891276 0.121094 0.149740 0.0 0.11302530473426796 0.08025349810777686 0.10428634834672801 0.07548676737092928 0.0733569754626418 0.07395095527169794 0.07168890588348299 0.08087559242931441 0.5424051813985686 0.5276796380606594 0.49327678929944907 0.5178531481434536
0 0.897949 0.967448 0.122070 0.065104 0.4061752307251834 0.0 0.0 0.0 0.0 0.0 0.0 0.0 0.0 0.0 0.0 0.0 0.0
0 0.686523 0.527344 0.091797 0.098958 0.05801468919197521 0.1314746935377287 0.0 0.10653606697124844 0.0 0.31543455944007215 0.0 0.2937244851870858 0.0 0.5269379875366945 0.0 0.5232434786242874 0.0
0 0.501465 0.348307 0.114258 0.264323 0.03446934977147775 0.014380135854053755 0.07930573942183644 0.029612786800798242 0.10637695296787907 0.07713225615829401 0.06853574281764982 0.06835900083486944 0.0695197146610521 0.5206441228119172 0.5253014134717848 0.5047005842502585 0.519604712210608
0 0.597168 0.534505 0.092773 0.095052 0.07517864312725815 0.11501279836899334 0.0 0.19607642854271878 0.0 0.30839764345198994 0.0 0.2464449788578139 0.0 0.5353189208789084 0.0 0.5223319282779388 0.0
0 0.783203 0.256510 0.103516 0.138021 0.182953324499364 0.02573830977708989 0.0 0.0882667132680628 0.05968875957130468 0.18078498035846877 0.0 0.16286720980460254 0.11208336715941705 0.48965100108812265 0.0 0.5234315432481196 0.5116774428779097
0 0.601562 0.238932 0.091797 0.191406 0.3152573403835326 0.0 0.0 0.0 0.0 0.0 0.0 0.0 0.0 0.0 0.0 0.0 0.0
0 0.286133 0.029297 0.123047 0.055990 0.0 0.04538473742077195 0.1085267620503931 0.1467828603859393 0.08382271620733846 0.18117435973298288 0.1426324476780923 0.17439739668254173 0.16970413699139922 0.5420991889237521 0.3708896645700349 0.5311872230506689 0.5052801359192942
0 0.110352 0.857422 0.121094 0.149740 0.2900565927082943 0.0 0.0 0.0 0.0 0.0 0.0 0.0 0.0 0.0 0.0 0.0 0.0
0 0.032715 0.917969 0.063477 0.145833 0.0 0.07643790272952368 0.3006883103298778 0.05838008073743605 0.0 0.10417143325994013 0.11017931303370734 0.09902522180532222 0.0 0.5216025501344514 0.5243854615398968 0.5574159842644165 0.0
