0 0.234375 0.302734 0.109375 0.072266 0.0 0.08156138824768942 0.07925089917630798 0.17144437146332836 0.0 0.17467182292370434 0.16821581099333166 0.15211573813160886 0.0 0.03633707564418008 0.9771517030477364 0.031847802266128156 0.0
0 0.387370 0.399414 0.095052 0.068359 0.0 0.20080551035122288 0.0 0.0 0.1700827300437815 0.17928630598382173 0.0 0.0 0.15575700318106997 0.024529993244446758 0.0 0.0 0.9899259225243684
0 0.297526 0.352051 0.115885 0.081055 0.0 0.1522189410624869 0.0 0.1585207631537778 0.0 0.1688702181160085 0.0 0.14872394831501867 0.0 0.030300326763364745 0.0 0.011237782336605228 0.0
0 0.354818 0.782227 0.246094 0.197266 0.0 0.0 0.1388246612436181 0.0 0.1314960465365716 0.0 0.10460936726224879 0.0 0.14713001766273476 0.0 0.9908378843246264 0.0 0.9891633698490321
0 0.504557 0.480469 0.097656 0.072266 0.0 0.1641963478596219 0.0 0.1259114780370106 0.0 0.191993597095311 0.0 0.16695735064191256 0.0 0.009035064038851221 0.0 0.012360817218137123 0.0
0 0.841797 0.386230 0.123698 0.098633 0.0042287414744833435 0.0 0.0973462919294769 0.11948063923277533 0.05772989464535519 0.0 0.08632255675310745 0.07946541087265115 0.07618300863865479 0.0 0.15870140461723914 0.12298678265434686 0.17368017895863344
0 0.218750 0.630371 0.130208 0.100586 0.0 0.0 0.220270946421653 0.0 0.21221960699279568 0.0 0.09989365118270094 0.0 0.14586768642994988 0.0 0.981765306104603 0.0 0.9914962589055452
0 0.431641 0.438965 0.100260 0.075195 0.0 0.18387602829544175 0.0 0.20601626359979167 0.0 0.16684116851389807 0.0 0.16325663164955706 0.0 0.015012223051660785 0.0 0.010803837651337113 0.0
0 0.238281 0.964844 0.158854 0.070312 0.0 0.06065710145636494 0.08236813786924227 0.0575538115808141 0.056376747608763544 0.2590174535916976 0.2747974807781771 0.24412259580455023 0.25232023259245207 0.990107461365924 0.9682190678147076 0.7104360136559745 0.9055114627901992
0 0.880859 0.310059 0.123698 0.098633 0.07789555821831831 0.15644815127401462 0.0770796818252468 0.0 0.020018877666249286 0.08310949398804546 0.09905509915711108 0.0 0.0846835010494797 0.09110571362422616 0.13642064452574043 0.0 0.14429640158527535
0 0.774089 0.303223 0.113281 0.092773 0.0 0.16086946089833193 0.0 0.21547195253044718 0.0 0.07795795544535083 0.0 0.0763100423694531 0.0 0.15646336918123782 0.0 0.1564600502135641 0.0
0 0.692057 0.280273 0.123698 0.107422 0.0 0.16055886862918042 0.050669009794010095 0.12327105313182074 0.05096539844595411 0.07903226032963433 0.10684459985667917 0.0858316271329071 0.11102291612136717 0.16718221271871123 0.14616451650468953 0.18722521678948723 0.1786492174708084
0 0.628906 0.225586 0.151042 0.099609 0.0 0.189009706774393 0.0 0.12423844413828487 0.0 0.07924281522038044 0.0 0.0751400368436474 0.0 0.17689815681305435 0.0 0.13252570132400543 0.0
0 0.529948 0.167969 0.151042 0.099609 0.0 0.09348879988212525 0.058184299672075786 0.1586788816766293 0.13118854491778073 0.08212722823934206 0.09123999410120537 0.08169418892165989 0.08512635082952004 0.15546173119033746 0.2501832128676016 0.1536930646898011 0.1904849881583019
0 0.622396 0.072266 0.166667 0.142578 0.2672883386099495 0.0 0.0 0.0 0.0 0.0 0.0 0.0 0.0 0.0 0.0 0.0 0.0
0 0.940104 0.044922 0.119792 0.087891 0.1978472275166308 0.0 0.0 0.0 0.0 0.0 0.0 0.0 0.0 0.0 0.0 0.0 0.0
0 0.552734 0.533203 0.097656 0.072266 0.0 0.12714871234821676 0.0 0.1294332948198458 0.007774711059272325 0.1685354454327661 0.0 0.16526719898667308 0.15263081508871915 0.01603870206828696 0.0 0.01222459336443201 0.9963582911207232
0 0.621745 0.569336 0.097656 0.072266 0.0 0.1713435551644153 0.03610094269086459 0.17327299144002717 0.0 0.1878711278755027 0.16998163776256242 0.16742389731943885 0.0 0.03395417442474419 0.9915006782925853 0.0021244886000295715 0.0
0 0.694661 0.628418 0.115885 0.096680 0.0 0.09406827163087265 0.011638781444417687 0.11803513753180915 0.0 0.17496905245038968 0.15661897853652929 0.1696394668347919 0.0 0.016047800982685153 0.992478194151109 0.02184789150584814 0.0
0 0.212891 0.513672 0.149740 0.113281 0.0 0.1599117290373286 0.0 0.17047495136982896 0.0 0.14557737608277854 0.0 0.10366778954571403 0.0 0.9930769240530825 0.0 0.993978187749986 0.0
0 0.069010 0.890137 0.104167 0.077148 0.0 0.09514199899161943 0.0 0.15146684892922088 0.0 0.24479063330863243 0.0 0.24130961406432902 0.0 0.10846508753536722 0.0 0.10239287987166928 0.0
0 0.023438 0.865723 0.044271 0.077148 0.0 0.09166174626656949 0.0 0.118893573467184 0.0 0.2464953762591518 0.0 0.23799822201263343 0.0 0.114259137008289 0.0 0.11924705466759286 0.0
0 0.063151 0.306641 0.110677 0.078125 0.36869808004730625 0.0 0.0 0.0 0.0 0.0 0.0 0.0 0.0 0.0 0.0 0.0 0.0
0 0.047526 0.221680 0.092448 0.091797 0.425496670352055 0.0 0.0 0.0 0.0 0.0 0.0 0.0 0.0 0.0 0.0 0.0 0.0
0 0.083984 0.141602 0.126302 0.093750 0.43430947822893456 0.0 0.0 0.0 0.0 0.0 0.0 0.0 0.0 0.0 0.0 0.0 0.0
0 0.164062 0.193848 0.091146 0.096680 0.2501424914183099 0.0 0.0 0.0 0.0 0.0 0.0 0.0 0.0 0.0 0.0 0.0 0.0
0 0.026042 0.087891 0.049479 0.085938 0.3764088054683279 0.0 0.0 0.0 0.0 0.0 0.0 0.0 0.0 0.0 0.0 0.0 0.0
0 0.740234 0.912109 0.207031 0.173828 0.0 0.0 0.16326046009013234 0.0 0.10776075123585771 0.0 0.1714244466554441 0.0 0.18286020324515068 0.0 0.027865128496174042 0.0 0.03077152694462324
0 0.887370 0.774902 0.178385 0.168945 0.0 0.0 0.1539503407688806 0.0 0.10172240751426695 0.0 0.18129074927569616 0.0 0.18787875747765034 0.0 0.02993694546198583 0.0 0.02675320031724239
0 0.958984 0.671875 0.082031 0.095703 0.0 0.0 0.07056783593876846 0.0 0.14630351311347092 0.0 0.18050618141193187 0.0 0.18061114444059928 0.0 0.04104471775658062 0.0 0.03968560837321329
