0 0.670898 0.549805 0.091797 0.078125 0.0 0.07384718695794991 0.06524580883501746 0.1361813070224559 0.0 0.17195015900221736 0.17327244919724322 0.15434493999130336 0.0 0.03193737134482101 0.9740039724232404 0.04038189596108673 0.0
0 0.451172 0.671387 0.093750 0.092773 0.0 0.18671455970931958 0.0 0.1662468446015969 0.0 0.06687211672226828 0.0 0.07271256881517146 0.0 0.10035784271803902 0.0 0.12294309770045907 0.0
0 0.250488 0.931641 0.125977 0.105469 0.0 0.1241427784051487 0.0 0.14813049719155993 0.0 0.23796923123521393 0.0 0.23597816422389345 0.0 0.0986216845220125 0.0 0.11451676921240493 0.0
0 0.737793 0.601562 0.086914 0.083984 0.0 0.16494660018724489 0.0 0.1734045652835438 0.0 0.16286926541486638 0.0 0.14948522095130373 0.0 0.016594408634994506 0.0 0.011459535811658523 0.0
0 0.373535 0.641113 0.092773 0.092773 0.0 0.21122434436228582 0.0 0.18352922427235333 0.0 0.06822184169955534 0.0 0.0750662080670155 0.0 0.06879227525080658 0.0 0.07105475770379839 0.0
0 0.109863 0.844238 0.133789 0.100586 0.0 0.13027818626048668 0.0 0.13404584438439066 0.0 0.23498480262408108 0.0 0.23856033840592902 0.0 0.10821703783200955 0.0 0.10572631575059858 0.0
0 0.792480 0.652344 0.073242 0.062500 0.0 0.21377419956140603 0.0 0.0 0.18106723969244237 0.17928630598382173 0.0 0.0 0.15575700318106997 0.024529993244446758 0.0 0.0 0.9899259225243684
0 0.612793 0.054688 0.116211 0.107422 0.4677826720434044 0.0 0.0 0.0 0.0 0.0 0.0 0.0 0.0 0.0 0.0 0.0 0.0
0 0.882812 0.734863 0.076172 0.071289 0.0 0.16004385855653344 0.0 0.12272720461984699 0.0 0.191993597095311 0.0 0.16695735064191256 0.0 0.009035064038851221 0.0 0.012360817218137123 0.0
0 0.660645 0.875000 0.118164 0.119141 0.0 0.0 0.15369128493043127 0.0 0.14807356401746347 0.0 0.09989365118270094 0.0 0.14586768642994988 0.0 0.981765306104603 0.0 0.9914962589055452
0 0.733887 0.965820 0.133789 0.068359 0.0 0.0 0.21083949135176186 0.0 0.1459024835943622 0.0 0.10463534435374491 0.0 0.14730518129032794 0.0 0.9897965081491716 0.0 0.9967866198726739
0 0.833008 0.700195 0.076172 0.070312 0.0 0.16792275649931054 0.0 0.2520569667819829 0.0 0.15825230339154295 0.0 0.1629291287830095 0.0 0.012396503693377605 0.0 0.018881219363794343 0.0
0 0.973633 0.173828 0.052734 0.115234 0.3835619924052306 0.0 0.0 0.0 0.0 0.0 0.0 0.0 0.0 0.0 0.0 0.0 0.0
0 0.921875 0.466309 0.156250 0.186523 0.0 0.06271040035748432 0.025026711930261913 0.11527875328467554 0.05963891154558247 0.08095964056832751 0.09182710903056517 0.0789982376876371 0.08776650556268793 0.14960375929175196 0.2439549530909441 0.14482262212371463 0.18764161094811774
0 0.738281 0.076172 0.150391 0.150391 0.2765430250158235 0.0 0.0 0.0 0.0 0.0 0.0 0.0 0.0 0.0 0.0 0.0 0.0
0 0.874023 0.141113 0.150391 0.151367 0.2876295724007924 0.0 0.0 0.0 0.0 0.0 0.0 0.0 0.0 0.0 0.0 0.0 0.0
0 0.958496 0.308105 0.083008 0.127930 0.448593127251256 0.0 0.0 0.0 0.0 0.0 0.0 0.0 0.0 0.0 0.0 0.0 0.0
0 0.306152 0.599121 0.092773 0.092773 0.0 0.16592808131638354 0.0 0.16492047399506907 0.0 0.06897092454613346 0.0 0.07063402833371255 0.0 0.09673917055027086 0.0 0.10813585470779749 0.0
0 0.229980 0.571777 0.092773 0.092773 0.0 0.18389258571373657 0.0 0.16920694092897368 0.0 0.06849977319233105 0.0 0.07186765706338258 0.0 0.07520411533415607 0.0 0.07683340130559234 0.0
0 0.163574 0.519043 0.092773 0.092773 0.0 0.14057215088419914 0.0 0.1584192291607101 0.0 0.06704849447597817 0.0 0.07320070303634342 0.0 0.11316019751632937 0.0 0.11387731172411009 0.0
0 0.086426 0.488770 0.092773 0.092773 0.0 0.16667342350740147 0.0 0.18302051260184768 0.0 0.06673916601852932 0.0 0.07069808485026428 0.0 0.07190141530649186 0.0 0.0732865599605955 0.0
0 0.286621 0.027832 0.122070 0.053711 0.0 0.08437078222906504 0.0 0.22099633053052778 0.0 0.23044313148281598 0.0 0.20535802735083647 0.0 0.011053612611562376 0.0 0.004977838071297924 0.0
0 0.264648 0.297363 0.142578 0.143555 0.33603979640183035 0.0 0.0 0.0 0.0 0.0 0.0 0.0 0.0 0.0 0.0 0.0 0.0
0 0.371094 0.205566 0.142578 0.143555 0.24380232601569557 0.0 0.0 0.0 0.0 0.0 0.0 0.0 0.0 0.0 0.0 0.0 0.0
0 0.473633 0.312988 0.117188 0.116211 0.3729049508132098 0.0 0.0 0.0 0.0 0.0 0.0 0.0 0.0 0.0 0.0 0.0 0.0
0 0.568848 0.388672 0.092773 0.103516 0.2534670150098408 0.0 0.0 0.0 0.0 0.0 0.0 0.0 0.0 0.0 0.0 0.0 0.0
0 0.624023 0.438965 0.072266 0.090820 0.25188716441861203 0.0 0.0 0.0 0.0 0.0 0.0 0.0 0.0 0.0 0.0 0.0 0.0
0 0.533691 0.462891 0.092773 0.103516 0.2820024605689787 0.0 0.0 0.0 0.0 0.0 0.0 0.0 0.0 0.0 0.0 0.0 0.0
0 0.465332 0.524902 0.086914 0.083008 0.24012034914326003 0.0 0.0 0.0 0.0 0.0 0.0 0.0 0.0 0.0 0.0 0.0 0.0
0 0.552246 0.553223 0.086914 0.083008 0.33141400453690456 0.0 0.0 0.0 0.0 0.0 0.0 0.0 0.0 0.0 0.0 0.0 0.0
0 0.657227 0.768066 0.119141 0.124023 0.0 0.13768055152691133 0.0 0.14677525824664509 0.0 0.14557737608277854 0.0 0.10366778954571403 0.0 0.9930769240530825 0.0 0.993978187749986 0.0
0 0.961426 0.819824 0.077148 0.071289 0.0 0.16489625995535023 0.03474254065099679 0.16675309562894933 0.0 0.1878711278755027 0.16998163776256242 0.16742389731943885 0.0 0.03395417442474419 0.9915006782925853 0.0021244886000295715 0.0
