0 0.422363 0.401042 0.077148 0.091146 0.0 0.10042149112545812 0.08872486120060243 0.1851868768189636 0.0 0.17195015900221736 0.17327244919724322 0.15434493999130336 0.0 0.03193737134482101 0.9740039724232404 0.04038189596108673 0.0
0 0.201660 0.559896 0.096680 0.132812 0.0 0.16863109373628388 0.0 0.1501456944708421 0.0 0.06687211672226828 0.0 0.07271256881517146 0.0 0.10035784271803902 0.0 0.12294309770045907 0.0
0 0.111816 0.514323 0.094727 0.127604 0.0 0.2005364725299421 0.0 0.17424271502819155 0.0 0.06822184169955534 0.0 0.0750662080670155 0.0 0.06879227525080658 0.0 0.07105475770379839 0.0
0 0.477051 0.459635 0.079102 0.104167 0.0 0.17352489469577012 0.0 0.18070877737915994 0.0 0.1688702181160085 0.0 0.14872394831501867 0.0 0.030300326763364745 0.0 0.011237782336605228 0.0
0 0.539551 0.533854 0.077148 0.093750 0.0 0.1804001684062498 0.0 0.0 0.15279935839024672 0.17928630598382173 0.0 0.0 0.15575700318106997 0.024529993244446758 0.0 0.0 0.9899259225243684
0 0.882324 0.505859 0.094727 0.141927 0.0038375838879852148 0.0 0.08834178294366128 0.10842870835510066 0.052389893040970685 0.0 0.08632255675310745 0.07946541087265115 0.07618300863865479 0.0 0.15870140461723914 0.12298678265434686 0.17368017895863344
0 0.399414 0.680990 0.125000 0.164062 0.0 0.17792621076436063 0.0 0.12632722352187525 0.0 0.14503637762790983 0.0 0.10361792398273173 0.0 0.9917339570802763 0.0 0.9940978678424427 0.0
0 0.625000 0.644531 0.074219 0.096354 0.0 0.16203586959831107 0.0 0.1242547480628394 0.0 0.191993597095311 0.0 0.16695735064191256 0.0 0.009035064038851221 0.0 0.012360817218137123 0.0
0 0.577148 0.589844 0.078125 0.096354 0.0 0.18415556955467471 0.0 0.2063294640005346 0.0 0.16684116851389802 0.0 0.16325663164955706 0.0 0.015012223051660783 0.0 0.010803837651337113 0.0
0 0.048340 0.460286 0.088867 0.115885 0.0 0.1848994856007361 0.0 0.18377667339245568 0.0 0.06897092454613346 0.0 0.07063402833371255 0.0 0.09673917055027086 0.0 0.10813585470779749 0.0
0 0.718750 0.089844 0.107422 0.177083 0.33389602085178716 0.0 0.0 0.0 0.0 0.0 0.0 0.0 0.0 0.0 0.0 0.0 0.0
0 0.913574 0.402995 0.094727 0.141927 0.07069023750163285 0.14197673427354301 0.0699498294820054 0.0 0.018167136215611644 0.08310949398804546 0.09905509915711108 0.0 0.0846835010494797 0.09110571362422615 0.13642064452574043 0.0 0.14429640158527535
0 0.829590 0.401693 0.079102 0.131510 0.0 0.16252121920605223 0.0 0.21768435248308832 0.0 0.07795795544535083 0.0 0.0763100423694531 0.0 0.15646336918123782 0.0 0.1564600502135641 0.0
0 0.765625 0.376302 0.083984 0.138021 0.0 0.18405442926447296 0.05808371570287467 0.14131005980995248 0.05842347671788289 0.07903226032963433 0.10684459985667917 0.0858316271329071 0.11102291612136717 0.16718221271871123 0.14616451650468953 0.18722521678948723 0.1786492174708084
0 0.732910 0.298177 0.100586 0.117188 0.0 0.2412473409444032 0.0 0.1585748943952736 0.0 0.07924281522038044 0.0 0.0751400368436474 0.0 0.17689815681305435 0.0 0.13252570132400543 0.0
0 0.646484 0.235677 0.128906 0.151042 0.0 0.07224134536346041 0.04496059520114947 0.12261549947739536 0.10137296652737601 0.08212722823934206 0.09123999410120537 0.08169418892165989 0.08512635082952005 0.15546173119033746 0.2501832128676016 0.1536930646898011 0.1904849881583019
0 0.035156 0.927083 0.068359 0.140625 0.0 0.12413629271543475 0.0 0.1250162928783912 0.0 0.2369464770078693 0.0 0.23289316022206263 0.0 0.09987730096443323 0.0 0.11190627091162608 0.0
0 0.416504 0.833984 0.116211 0.157552 0.0 0.0 0.15756585513876148 0.0 0.15180651100950035 0.0 0.09989365118270094 0.0 0.14586768642994988 0.0 0.981765306104603 0.0 0.9914962589055452
0 0.476562 0.947917 0.105469 0.104167 0.0 0.0 0.2254188875937115 0.0 0.1411583719162404 0.0 0.10363642149646558 0.0 0.14697919307048976 0.0 0.9885897275593166 0.0 0.9922703470114799
0 0.298828 0.409505 0.080078 0.113281 0.3514363532831066 0.0 0.0 0.0 0.0 0.0 0.0 0.0 0.0 0.0 0.0 0.0 0.0
0 0.214844 0.370443 0.080078 0.113281 0.25462719950501284 0.0 0.0 0.0 0.0 0.0 0.0 0.0 0.0 0.0 0.0 0.0 0.0
0 0.282227 0.292318 0.080078 0.113281 0.3980606641336719 0.0 0.0 0.0 0.0 0.0 0.0 0.0 0.0 0.0 0.0 0.0 0.0
0 0.316406 0.184245 0.080078 0.113281 0.5669035409682981 0.0 0.0 0.0 0.0 0.0 0.0 0.0 0.0 0.0 0.0 0.0 0.0
0 0.365234 0.254557 0.080078 0.113281 0.2429895522187956 0.0 0.0 0.0 0.0 0.0 0.0 0.0 0.0 0.0 0.0 0.0 0.0
0 0.228027 0.080729 0.120117 0.158854 0.35486356774707695 0.0 0.0 0.0 0.0 0.0 0.0 0.0 0.0 0.0 0.0 0.0 0.0
0 0.039062 0.061849 0.076172 0.121094 0.439464574423435 0.0 0.0 0.0 0.0 0.0 0.0 0.0 0.0 0.0 0.0 0.0 0.0
0 0.666992 0.712240 0.074219 0.096354 0.0 0.1254757029752139 0.0 0.1277302251511636 0.0076724122295450566 0.1685354454327661 0.0 0.16526719898667305 0.15263081508871915 0.01603870206828696 0.0 0.01222459336443201 0.9963582911207232
0 0.712891 0.757812 0.074219 0.096354 0.0 0.1690890347017256 0.03562593028703742 0.17099308365792154 0.0 0.1878711278755027 0.16998163776256242 0.16742389731943885 0.0 0.03395417442474419 0.9915006782925853 0.0021244886000295715 0.0
0 0.776855 0.840495 0.088867 0.110677 0.0 0.1071539161395758 0.013257828481805331 0.13445476364483133 0.0 0.17496905245038968 0.1566189785365293 0.16963946683479186 0.0 0.016047800982685153 0.992478194151109 0.021847891505848135 0.0
0 0.944336 0.958984 0.083984 0.082031 0.0 0.0 0.22719914380978568 0.0 0.19401964455915116 0.0 0.1824142994462067 0.0 0.182827627656289 0.0 0.027296305867253068 0.0 0.025444279837883717
0 0.977539 0.891276 0.044922 0.136719 0.0 0.0 0.09020410333042576 0.0 0.18701405589287154 0.0 0.18050618141193187 0.0 0.18061114444059928 0.0 0.04104471775658062 0.0 0.03968560837321329
0 0.957031 0.061198 0.085938 0.119792 0.20234375541473607 0.0 0.0 0.0 0.0 0.0 0.0 0.0 0.0 0.0 0.0 0.0 0.0
