0 0.681152 0.799316 0.081055 0.069336 0.0 0.08603183257214277 0.08359470376377572 0.18084137332700642 0.0 0.17467182292370434 0.16821581099333166 0.15211573813160886 0.0 0.03633707564418008 0.9771517030477364 0.031847802266128156 0.0
0 0.224121 0.199219 0.100586 0.083984 0.0 0.15875208479202785 0.0 0.23217578746522619 0.0 0.23043584499878295 0.0 0.21117258737035172 0.0 0.0019373591263463336 0.0 0.0042896585669236886 0.0
0 0.042480 0.030762 0.083008 0.059570 0.0 0.1912936955599439 0.0 0.2210437746992191 0.0 0.2203287730557047 0.0 0.20941625239080736 0.0 0.011922488564978708 0.0 0.010423623787539782 0.0
0 0.731445 0.840820 0.091797 0.076172 0.0 0.15336079072948589 0.0 0.15970988508141795 0.0 0.16887021811600847 0.0 0.14872394831501867 0.0 0.030300326763364742 0.0 0.011237782336605228 0.0
0 0.599609 0.304199 0.136719 0.133789 0.31925313748947676 0.0 0.0 0.0 0.0 0.0 0.0 0.0 0.0 0.0 0.0 0.0 0.0
0 0.290039 0.257812 0.123047 0.091797 0.0 0.12726726312101713 0.01919532928309078 0.210233729187529 0.0 0.2310522553812871 0.23200081332965242 0.20847570957007416 0.0 0.010760181803446893 0.9884489497714235 0.007931363650393071 0.0
0 0.783691 0.900391 0.075195 0.070312 0.0 0.1850858870661524 0.0 0.0 0.1567681728938895 0.17928630598382173 0.0 0.0 0.15575700318106997 0.024529993244446758 0.0 0.0 0.9899259225243684
0 0.160156 0.138672 0.105469 0.093750 0.0 0.15798722083754477 0.0 0.18101084603115047 0.0 0.2281816619558173 0.0 0.2224729592129976 0.0 0.007304852354287966 0.0 0.006907897748761924 0.0
0 0.093262 0.068848 0.094727 0.090820 0.0 0.15929584765730287 0.0 0.14733577902423206 0.0 0.23038419037045893 0.0 0.22444645708315128 0.0 0.009330431774958865 0.0 0.006905772801020286 0.0
0 0.624023 0.031250 0.117188 0.060547 0.18772955553826523 0.0 0.0 0.0 0.0 0.0 0.0 0.0 0.0 0.0 0.0 0.0 0.0
0 0.444824 0.926758 0.098633 0.083984 0.0 0.19604383888429594 0.0 0.17455344494204048 0.0 0.06687211672226828 0.0 0.07271256881517146 0.0 0.10035784271803902 0.0 0.12294309770045907 0.0
0 0.975586 0.431152 0.048828 0.131836 0.36208252083053766 0.0 0.0 0.0 0.0 0.0 0.0 0.0 0.0 0.0 0.0 0.0 0.0
0 0.476562 0.553711 0.140625 0.115234 0.3133876352173161 0.0 0.0 0.0 0.0 0.0 0.0 0.0 0.0 0.0 0.0 0.0 0.0
0 0.370117 0.446777 0.144531 0.145508 0.23727940871344363 0.0 0.0 0.0 0.0 0.0 0.0 0.0 0.0 0.0 0.0 0.0 0.0
0 0.367676 0.893066 0.086914 0.088867 0.0 0.23537470155199774 0.0 0.2045130570512395 0.0 0.06822184169955534 0.0 0.0750662080670155 0.0 0.06879227525080658 0.0 0.07105475770379839 0.0
0 0.924316 0.696777 0.151367 0.163086 0.11737314674178238 0.016874651877453267 0.0 0.10821532433821422 0.034619004912457306 0.07828191086520342 0.0 0.07866767388862501 0.08479186532601499 0.14123265446003566 0.0 0.14245983201683493 0.24589409945138116
0 0.827148 0.942383 0.078125 0.068359 0.0 0.19467874495779897 0.0 0.21811971908627942 0.0 0.16684116851389807 0.0 0.16325663164955706 0.0 0.015012223051660785 0.0 0.010803837651337113 0.0
0 0.266602 0.542480 0.130859 0.147461 0.3564340273982446 0.0 0.0 0.0 0.0 0.0 0.0 0.0 0.0 0.0 0.0 0.0 0.0
0 0.734863 0.326172 0.151367 0.140625 0.2938393539997881 0.0 0.0 0.0 0.0 0.0 0.0 0.0 0.0 0.0 0.0 0.0 0.0
0 0.880371 0.384766 0.151367 0.140625 0.30760384826195847 0.0 0.0 0.0 0.0 0.0 0.0 0.0 0.0 0.0 0.0 0.0 0.0
0 0.959473 0.562500 0.081055 0.148438 0.39593250411721115 0.0 0.0 0.0 0.0 0.0 0.0 0.0 0.0 0.0 0.0 0.0 0.0
0 0.877441 0.973633 0.077148 0.052734 0.0 0.2136169082561888 0.0 0.16380888492860027 0.0 0.191993597095311 0.0 0.16695735064191256 0.0 0.009035064038851221 0.0 0.012360817218137123 0.0
0 0.624512 0.689453 0.071289 0.089844 0.258113083015022 0.0 0.0 0.0 0.0 0.0 0.0 0.0 0.0 0.0 0.0 0.0 0.0
0 0.573242 0.636719 0.085938 0.082031 0.3452939449606463 0.0 0.0 0.0 0.0 0.0 0.0 0.0 0.0 0.0 0.0 0.0 0.0
0 0.531250 0.710449 0.078125 0.081055 0.4276754183628939 0.0 0.0 0.0 0.0 0.0 0.0 0.0 0.0 0.0 0.0 0.0 0.0
0 0.468262 0.780273 0.086914 0.093750 0.21260655913726145 0.0 0.0 0.0 0.0 0.0 0.0 0.0 0.0 0.0 0.0 0.0 0.0
0 0.551270 0.806641 0.086914 0.093750 0.29343948318371754 0.0 0.0 0.0 0.0 0.0 0.0 0.0 0.0 0.0 0.0 0.0 0.0
0 0.303223 0.841309 0.086914 0.088867 0.0 0.1848994856007361 0.0 0.18377667339245568 0.0 0.06897092454613346 0.0 0.07063402833371255 0.0 0.09673917055027086 0.0 0.10813585470779749 0.0
0 0.229980 0.809082 0.086914 0.088867 0.0 0.2049179634604856 0.0 0.18855323396517937 0.0 0.06849977319233105 0.0 0.07186765706338258 0.0 0.07520411533415607 0.0 0.07683340130559234 0.0
0 0.167480 0.763184 0.086914 0.088867 0.0 0.15664448224841307 0.0 0.17653210805968747 0.0 0.06704849447597817 0.0 0.07320070303634342 0.0 0.11316019751632937 0.0 0.11387731172411009 0.0
0 0.090332 0.735840 0.086914 0.088867 0.0 0.1857300465680082 0.0 0.20394618177943888 0.0 0.06673916601852932 0.0 0.07069808485026428 0.0 0.07190141530649186 0.0 0.0732865599605955 0.0
0 0.671875 0.973633 0.103516 0.052734 0.0 0.1851117025297118 0.048758049728127355 0.0 0.0 0.14530511184073797 0.10370991093147393 0.0 0.0 0.9956482626026197 0.0015494524449454477 0.0 0.0
0 0.831055 0.075684 0.197266 0.118164 0.30496695983065875 0.0 0.0 0.0 0.0 0.0 0.0 0.0 0.0 0.0 0.0 0.0 0.0
0 0.965820 0.097168 0.068359 0.112305 0.3479253195321751 0.0 0.0 0.0 0.0 0.0 0.0 0.0 0.0 0.0 0.0 0.0 0.0
