0 0.691895 0.354980 0.163086 0.106445 0.2993324162370605 0.0 0.0 0.0 0.0 0.0 0.0 0.0 0.0 0.0 0.0 0.0 0.0
0 0.888672 0.060059 0.087891 0.118164 0.0 0.0 0.18898697603485679 0.0 0.20374496451130367 0.0 0.14994006577453337 0.0 0.14817893611109734 0.0 0.4678196064141673 0.0 0.4862927766827441
0 0.030762 0.630859 0.059570 0.160156 0.07208314799485738 0.0628681388063909 0.08178298296206243 0.1284432101851078 0.035521716991412225 0.27416984647871256 0.2806535659601757 0.26436310887456016 0.29889634749552363 0.4951582814756872 0.5180816067695903 0.5313859056645255 0.5180999456454635
0 0.884277 0.187012 0.088867 0.139648 0.0 0.0 0.1853625739618528 0.0 0.21163360584628085 0.0 0.17196338406846465 0.0 0.1470516409849498 0.0 0.5449113823936703 0.0 0.5108931853792105
0 0.766602 0.867676 0.117188 0.098633 0.0 0.1695499340110664 0.0 0.12536410554778565 0.11016743008790254 0.14915949832375272 0.0 0.15392569149145977 0.13181709343608083 0.5186862111408377 0.0 0.5230082233015606 0.5296232336851827
0 0.654297 0.489746 0.125000 0.133789 0.23986028025373535 0.0651553686113802 0.0 0.09302732460505854 0.0 0.10051143563914715 0.0 0.08134981002033394 0.0 0.49972993179135666 0.0 0.5149811573159891 0.0
0 0.099609 0.662109 0.083984 0.083984 0.13964482017750487 0.14017815577808346 0.0 0.0 0.0 0.06891721096292784 0.0 0.0 0.0 0.5250073235447121 0.0 0.0 0.0
0 0.975098 0.033691 0.049805 0.065430 0.0 0.0 0.0 0.0 0.2787079541328873 0.0 0.0 0.0 0.17461775582276498 0.0 0.0 0.0 0.39214408312545446
0 0.054199 0.243164 0.106445 0.087891 0.0 0.059978970685847656 0.1221593622056873 0.12163998723161093 0.0760878000477267 0.1757187132039365 0.15878614130163063 0.16855893739766348 0.17541184064855986 0.5214620759105216 0.5132756679350245 0.5236485914817447 0.5218421080165775
0 0.964355 0.945312 0.071289 0.109375 0.4180223896565988 0.0 0.0 0.0 0.0 0.0 0.0 0.0 0.0 0.0 0.0 0.0 0.0
0 0.221680 0.874023 0.121094 0.103516 0.3022096599108949 0.0 0.0 0.0 0.0 0.0 0.0 0.0 0.0 0.0 0.0 0.0 0.0
0 0.174805 0.653320 0.082031 0.085938 0.0 0.1764060431316657 0.02003422214521715 0.21230061698170943 0.01817206792544665 0.2888446539133682 0.33155442206739155 0.22384807159882866 0.3465082012317153 0.5197215160370301 0.554110432949825 0.5369386907521907 0.4611801442703675
0 0.018555 0.464355 0.035156 0.106445 0.0 0.0 0.3998981147801193 0.0 0.0 0.0 0.3241058947997441 0.0 0.0 0.0 0.5193766288752294 0.0 0.0
0 0.017090 0.349609 0.032227 0.125000 0.0 0.0 0.36436771596415485 0.0 0.0 0.0 0.32742218103800413 0.0 0.0 0.0 0.5185564844242663 0.0 0.0
0 0.255371 0.648926 0.086914 0.084961 0.08820474075469067 0.02568604640379097 0.03651569943758019 0.18531548297785366 0.16899954819844365 0.39058408412228135 0.37541911664596694 0.3188911012347141 0.3371527161747715 0.5339979015491999 0.5673147348943968 0.5323882582480183 0.515489599126666
0 0.887695 0.855957 0.123047 0.098633 0.4110350499578403 0.028505563872348306 0.0 0.0534109631080398 0.0 0.07681482559618283 0.0 0.10596761079150724 0.0 0.4811027916688794 0.0 0.5035232114193295 0.0
0 0.052246 0.148438 0.102539 0.095703 0.0 0.023896453580732988 0.05714266246734984 0.07728566934606601 0.044135226084680255 0.18117435973298288 0.1426324476780923 0.17439739668254173 0.16970413699139922 0.5420991889237521 0.3708896645700349 0.5311872230506689 0.5052801359192942
0 0.651367 0.971191 0.123047 0.057617 0.3646382728257423 0.0 0.0 0.0 0.0 0.0 0.0 0.0 0.0 0.0 0.0 0.0 0.0
0 0.869629 0.289062 0.127930 0.064453 0.0 0.0 0.10967989398153119 0.08393563948986545 0.19286448621157815 0.0 0.32304425352901106 0.32691356056158205 0.24754281016478377 0.0 0.5747296973506619 0.5759933682261071 0.5671257131032191
0 0.975586 0.146973 0.048828 0.159180 0.0 0.0 0.15538523054370992 0.0 0.25394156311947996 0.0 0.22948402938125112 0.0 0.1919822271208346 0.0 0.7405656563838221 0.0 0.5962694875304991
0 0.541504 0.441406 0.094727 0.095703 0.22452555158101967 0.060739165292931455 0.0 0.1021325589497998 0.07239853618788222 0.22505436883580385 0.0 0.16355303111477082 0.11371058545440613 0.5114778707308876 0.0 0.5239823600591857 0.5141001868675039
0 0.354004 0.416504 0.098633 0.120117 0.31018941086691626 0.0 0.0 0.0 0.0 0.0 0.0 0.0 0.0 0.0 0.0 0.0 0.0
0 0.125488 0.922852 0.112305 0.099609 0.0 0.11807040053556703 0.09415888313242805 0.12840133990477337 0.0976133741065467 0.0733467436571814 0.0731596802311299 0.07122512671163435 0.07766197195627852 0.5426160065709495 0.5260496632186985 0.49448823718523666 0.5210408733200893
0 0.052246 0.048340 0.102539 0.094727 0.0 0.03087265335188176 0.15383247211580753 0.036189849247871574 0.0805511750328153 0.34465209586160694 0.3186043771447699 0.3342204461410428 0.3231357078756272 0.5132118145210723 0.524565572205354 0.5230276513951998 0.517576213132011
0 0.252441 0.510742 0.112305 0.187500 0.010782788398390312 0.026477474705017844 0.09041725647974497 0.020546925054071914 0.13643854198548808 0.07621891929695385 0.06838699418528095 0.07566411143015286 0.0673470648527548 0.5158223128218512 0.5323490653562057 0.5103149238570179 0.5207096850363345
0 0.438965 0.159180 0.102539 0.095703 0.3561473595315842 0.0 0.0 0.0 0.0 0.0 0.0 0.0 0.0 0.0 0.0 0.0 0.0
0 0.526367 0.159180 0.082031 0.095703 0.19957398971301735 0.059280143958256565 0.007815555491363585 0.0 0.0103276892853788 0.08596786550561761 0.17737994335664437 0.0 0.2039149558589062 0.5207356473467953 0.5151279132594131 0.0 0.5081007004825463
0 0.648438 0.138184 0.148438 0.168945 0.26979351942990015 0.003836763968237099 0.0 0.0 0.0029976270320151792 0.1037494428051631 0.0 0.0 0.305946285518404 0.5892315923103421 0.0 0.0 0.49491004690359547
0 0.346191 0.649902 0.092773 0.079102 0.05912645805986912 0.13105661626331733 0.0 0.10929969605587533 0.0 0.3064489385983043 0.0 0.2834437076657279 0.0 0.5275933006146428 0.0 0.5210318042428348 0.0
0 0.436035 0.646973 0.092773 0.079102 0.052340203464978745 0.11953837943730221 0.0 0.1600962119534538 0.0 0.3151160112790732 0.0 0.22848348272298188 0.0 0.5264051542084156 0.0 0.523949026214563 0.0
