0 0.425293 0.399740 0.075195 0.091146 0.0 0.09406040618694571 0.09139584216696296 0.19771766475251373 0.0 0.17467182292370434 0.16821581099333166 0.15211573813160886 0.0 0.03633707564418008 0.9771517030477364 0.031847802266128156 0.0
0 0.200684 0.565755 0.090820 0.121094 0.0 0.1968825048617175 0.0 0.1753001760627314 0.0 0.06687211672226828 0.0 0.07271256881517146 0.0 0.10035784271803902 0.0 0.12294309770045907 0.0
0 0.114746 0.518229 0.088867 0.119792 0.0 0.22769943954486738 0.0 0.19784415301695998 0.0 0.06822184169955534 0.0 0.0750662080670155 0.0 0.06879227525080658 0.0 0.07105475770379839 0.0
0 0.479980 0.460938 0.083008 0.111979 0.0 0.1538223416728578 0.0 0.16019054410628678 0.0 0.1688702181160085 0.0 0.14872394831501867 0.0 0.030300326763364745 0.0 0.011237782336605228 0.0
0 0.541504 0.531901 0.077148 0.092448 0.0 0.18294101584859135 0.0 0.0 0.15495146202954596 0.17928630598382173 0.0 0.0 0.15575700318106997 0.024529993244446758 0.0 0.0 0.9899259225243684
0 0.899414 0.458984 0.087891 0.183594 0.1842655376524766 0.12167750479572592 0.12423490813160822 0.0 0.017905931619768233 0.0755226002252463 0.09055386228380709 0.0 0.30423801690690394 0.18579556207805825 0.1520687596962211 0.0 0.1271664522060415
0 0.397461 0.680339 0.126953 0.165365 0.0 0.17380944440990967 0.0 0.12340432834408264 0.0 0.14503637762790983 0.0 0.10361792398273173 0.0 0.9917339570802763 0.0 0.9940978678424427 0.0
0 0.630371 0.636068 0.075195 0.092448 0.0 0.16668917699303115 0.0 0.12782306623475556 0.0 0.191993597095311 0.0 0.16695735064191256 0.0 0.009035064038851221 0.0 0.012360817218137123 0.0
0 0.582031 0.601562 0.078125 0.096354 0.0 0.15929969603042704 0.0 0.2391135009202054 0.0 0.15825230339154295 0.0 0.1629291287830095 0.0 0.012396503693377605 0.0 0.018881219363794343 0.0
0 0.050781 0.455729 0.072266 0.101562 0.0 0.25944229623706894 0.0 0.2578668187466214 0.0 0.06897092454613346 0.0 0.07063402833371255 0.0 0.09673917055027086 0.0 0.10813585470779749 0.0
0 0.937988 0.959635 0.090820 0.080729 0.0 0.0 0.21348681254967375 0.0 0.18230982209876537 0.0 0.1824142994462067 0.0 0.182827627656289 0.0 0.027296305867253068 0.0 0.025444279837883717
0 0.974121 0.901693 0.051758 0.126302 0.0 0.0 0.0847472902326311 0.0 0.175700815009253 0.0 0.18050618141193187 0.0 0.18061114444059928 0.0 0.04104471775658062 0.0 0.03968560837321329
0 0.411133 0.826172 0.103516 0.141927 0.0 0.0 0.1963640945251018 0.0 0.18918659789040987 0.0 0.09989365118270094 0.0 0.14586768642994988 0.0 0.981765306104603 0.0 0.9914962589055452
0 0.470703 0.948568 0.089844 0.102865 0.0 0.0 0.2679718201444232 0.0 0.16780521922899247 0.0 0.10363642149646558 0.0 0.14697919307048976 0.0 0.9885897275593166 0.0 0.9922703470114799
0 0.715332 0.758464 0.075195 0.092448 0.0 0.17394489320696993 0.03664902724241786 0.1759036221862357 0.0 0.1878711278755027 0.16998163776256242 0.16742389731943885 0.0 0.03395417442474419 0.9915006782925853 0.0021244886000295715 0.0
0 0.668457 0.711589 0.075195 0.092448 0.0 0.12907908423863232 0.0 0.13139835124385293 0.007892746731106895 0.1685354454327661 0.0 0.16526719898667305 0.15263081508871915 0.01603870206828696 0.0 0.01222459336443201 0.9963582911207232
0 0.771973 0.838542 0.090820 0.098958 0.0 0.11726592265699191 0.01450895632523546 0.14714312348511183 0.0 0.17496905245038968 0.15661897853652929 0.1696394668347919 0.0 0.016047800982685153 0.992478194151109 0.021847891505848135 0.0
0 0.031250 0.924479 0.060547 0.111979 0.0 0.17600719672330956 0.0 0.17725490888234005 0.0 0.2369464770078693 0.0 0.23289316022206263 0.0 0.09987730096443323 0.0 0.11190627091162608 0.0
0 0.213867 0.371094 0.085938 0.104167 0.2580270513165855 0.0 0.0 0.0 0.0 0.0 0.0 0.0 0.0 0.0 0.0 0.0 0.0
0 0.300293 0.406901 0.084961 0.123698 0.30334506283383944 0.0 0.0 0.0 0.0 0.0 0.0 0.0 0.0 0.0 0.0 0.0 0.0
0 0.278809 0.287109 0.084961 0.123698 0.3435892048311695 0.0 0.0 0.0 0.0 0.0 0.0 0.0 0.0 0.0 0.0 0.0 0.0
0 0.312988 0.189453 0.084961 0.123698 0.4893272669410573 0.0 0.0 0.0 0.0 0.0 0.0 0.0 0.0 0.0 0.0 0.0 0.0
0 0.372559 0.251953 0.084961 0.123698 0.2097383503362236 0.0 0.0 0.0 0.0 0.0 0.0 0.0 0.0 0.0 0.0 0.0 0.0
0 0.232422 0.085286 0.123047 0.167969 0.3276167526524324 0.0 0.0 0.0 0.0 0.0 0.0 0.0 0.0 0.0 0.0 0.0 0.0
0 0.037598 0.060547 0.073242 0.118490 0.4670880619586224 0.0 0.0 0.0 0.0 0.0 0.0 0.0 0.0 0.0 0.0 0.0 0.0
0 0.825684 0.397786 0.073242 0.123698 0.0 0.18660857464206507 0.0 0.24994746493531872 0.0 0.07795795544535083 0.0 0.0763100423694531 0.0 0.15646336918123782 0.0 0.1564600502135641 0.0
0 0.765137 0.363281 0.075195 0.158854 0.0 0.1786076407467464 0.05636482354134613 0.1371282206969903 0.05669452988718549 0.07903226032963433 0.10684459985667917 0.08583162713290711 0.11102291612136717 0.16718221271871123 0.14616451650468953 0.18722521678948728 0.1786492174708084
0 0.710938 0.293620 0.068359 0.128906 0.0 0.2074603484587363 0.0 0.19077572636539636 0.0 0.08107929436187453 0.0 0.07541665538003307 0.0 0.16414854625335468 0.0 0.1258735524183578 0.0
0 0.647949 0.225260 0.114258 0.158854 0.0 0.07749470927597771 0.048230113053103596 0.1315320532435111 0.10874477115504985 0.08212722823934206 0.09123999410120537 0.08169418892165989 0.08512635082952004 0.15546173119033746 0.2501832128676016 0.1536930646898011 0.1904849881583019
0 0.716309 0.082031 0.094727 0.161458 0.41528803391609037 0.0 0.0 0.0 0.0 0.0 0.0 0.0 0.0 0.0 0.0 0.0 0.0
0 0.963379 0.053385 0.073242 0.104167 0.27302917397295057 0.0 0.0 0.0 0.0 0.0 0.0 0.0 0.0 0.0 0.0 0.0 0.0
0 0.123047 0.021484 0.091797 0.040365 0.1740599384646308 0.0 0.07154608892941894 0.0 0.0 0.0 0.11371738118189274 0.0 0.0 0.0 0.41069216204106646 0.0 0.0
