0 0.337402 0.247559 0.133789 0.122070 0.008379924108773711 0.08887368093256388 0.06501245299833425 0.05068365102056233 0.047960951189485804 0.28925591310749416 0.2894313575098463 0.29229978569052045 0.2723191023027998 0.5388048536760227 0.5383159615271371 0.5424520532416801 0.5159274901434546
0 0.353516 0.428711 0.154297 0.113281 0.0 0.1147928448914785 0.09516732445177001 0.06707514817483405 0.0664032649396118 0.3265522050414297 0.32659581193734205 0.27710547096316995 0.32330504620078715 0.881215728594171 0.8710498369334658 0.8863191143959436 0.8766542171108584
0 0.223633 0.322754 0.177734 0.227539 0.02969726161375811 0.032177707307126886 0.022030026992934583 0.010442759952472978 0.10407322519649784 0.22259162274984806 0.2092435096244939 0.1909333812958282 0.2254139530014831 0.5409506546693189 0.6744378986009479 0.5344721645864916 0.7612533249431774
0 0.484863 0.517090 0.172852 0.145508 0.31989764798075365 0.0 0.00671192035145806 0.0 0.0 0.0 0.07524073658265612 0.0 0.0 0.0 0.9058864916369102 0.0 0.0
0 0.735840 0.231934 0.094727 0.208008 0.0 0.045086638859503675 0.14662583799370643 0.026015342253690045 0.14812695963079703 0.34013430646128745 0.329438391706419 0.33689454249072837 0.33156273435404804 0.5410887762725347 0.5445559801406704 0.526930800941899 0.5432479432595427
0 0.605469 0.692383 0.244141 0.259766 0.13532015664108477 0.0011576802878933408 0.00876531194118427 0.003195723387728673 0.0039729099608292115 0.416671995268783 0.11457270156903766 0.13761952363070792 0.23916032868377413 0.8786881032553215 0.7167329580939682 0.9435419080253749 0.776921579738837
0 0.885254 0.254883 0.229492 0.224609 0.11715060952060656 0.00764371422230784 0.0 0.006891771019575114 0.0024758458914379616 0.203755631861407 0.0 0.10390181685571252 0.11557093761062685 0.5634675166142131 0.0 0.5473134185685395 0.47614114241034494
0 0.462402 0.238281 0.149414 0.177734 0.12425772599607042 0.030917823129861202 0.00637809442830641 0.0023330680155093132 0.006781913287873139 0.15368800697151344 0.07621923472089016 0.12063149643415344 0.48651321171375456 0.36234220300330927 0.6246486187047663 0.6047725696377648 0.5870035392101466
0 0.075195 0.467773 0.148438 0.218750 0.2529851402052476 0.0 0.0 0.0 0.0 0.0 0.0 0.0 0.0 0.0 0.0 0.0 0.0
0 0.158203 0.675781 0.244141 0.164062 0.3259989824799355 0.0 0.08029740169795854 0.0 0.0 0.0 0.0748303747520298 0.0 0.0 0.0 0.8601981462166356 0.0 0.0
0 0.219238 0.775391 0.229492 0.195312 0.17121822009683896 0.0 0.10533763206090191 0.0 0.0 0.0 0.07519842677069898 0.0 0.0 0.0 0.8837042409941515 0.0 0.0
0 0.718262 0.851074 0.186523 0.153320 0.22943135724710534 0.0 0.00933167972395977 0.0 0.007967405004224437 0.0 0.2559032828502399 0.0 0.27880028484813024 0.0 0.8802088929374804 0.0 0.8668085998906624
0 0.111816 0.592773 0.221680 0.226562 0.17011800135328098 0.0 0.0 0.0 0.0 0.0 0.0 0.0 0.0 0.0 0.0 0.0 0.0
0 0.807617 0.634766 0.173828 0.210938 0.2952166703422758 0.0 0.0 0.0 0.0 0.0 0.0 0.0 0.0 0.0 0.0 0.0 0.0
0 0.792480 0.943848 0.127930 0.112305 0.0 0.0 0.13266570595639846 0.0 0.11128321520034952 0.0 0.27202862474348016 0.0 0.23900840791894942 0.0 0.8746246441085642 0.0 0.8781573140742059
0 0.283691 0.869141 0.229492 0.195312 0.08573819586177205 0.0 0.06664775849860291 0.05922966497560445 0.030107388634972608 0.0 0.22668467313397986 0.30312530721966824 0.3178576554160985 0.0 0.9116875268129346 0.8824208254837977 0.8836373581307551
0 0.351562 0.934082 0.214844 0.131836 0.0 0.16375547751742933 0.07322020232671997 0.14810907538764567 0.0 0.2802505948308964 0.2854181555628578 0.27818680280425 0.0 0.8895159262555521 0.8772400641207174 0.8725880815435036 0.0
