0 0.420410 0.759277 0.114258 0.114258 0.0 0.11933400389167892 0.10556338748268525 0.07902880001991591 0.05472397871705408 0.26307682794858855 0.26848272599361594 0.33837387393072765 0.2861385409088327 0.6379720558933557 0.6451373648310258 0.6422424074950758 0.6506235258175344
0 0.733398 0.800293 0.144531 0.147461 0.03971071331243799 0.0 0.1216520803417693 0.006385635774384264 0.2360047647339775 0.0 0.17910880027913664 0.24877710715454043 0.21519799033154496 0.0 0.4763069438560965 0.49950501113061135 0.4751072782720822
0 0.547363 0.726074 0.094727 0.069336 0.0 0.0 0.18104598619957135 0.0 0.1677969243831376 0.0 0.205833409261938 0.0 0.3479107966188867 0.0 0.5669319265073522 0.0 0.6107299086953055
0 0.871582 0.749023 0.096680 0.070312 0.0 0.0 0.14870358658049393 0.0 0.14065049340835964 0.0 0.2963389890781726 0.0 0.29638412899833894 0.0 0.48328210526496934 0.0 0.47888945875037653
0 0.165527 0.753418 0.088867 0.108398 0.0 0.0 0.1080054037540955 0.06648768948013449 0.16517802095355885 0.0 0.2150926901460322 0.4521056929863802 0.4547273827494613 0.0 0.8201516087479893 0.9675238026206557 0.811835570105456
0 0.442383 0.152344 0.154297 0.160156 0.0 0.09791086960670886 0.06975840382342824 0.022952371917667847 0.08036956073443435 0.3641698076935472 0.3892073769838971 0.39809995966954737 0.3866304915227523 0.34446986612816566 0.23250577260371932 0.3504329427863717 0.26335569522426006
0 0.879395 0.810547 0.114258 0.050781 0.0 0.0 0.14184714020904893 0.0 0.11908881809643261 0.0 0.26243848552011706 0.0 0.26726270388722645 0.0 0.4676996701896163 0.0 0.48104537001639563
0 0.392090 0.305664 0.129883 0.144531 0.025607482126384792 0.0 0.05510266247025202 0.0 0.06174206301919001 0.0 0.25897484471814614 0.0 0.3048448686390637 0.0 0.28843019698611594 0.0 0.347670033793335
0 0.648926 0.091309 0.133789 0.135742 0.0 0.07487520876047225 0.06976735848007297 0.05186875880390844 0.08677299220358255 0.23531745297385268 0.2278518567198844 0.233127904918872 0.2302438525071099 0.24878149614997339 0.2087813761401479 0.2637706700834498 0.21101232336012604
0 0.574219 0.856934 0.109375 0.071289 0.0 0.13282057364791738 0.0 0.13209103022101126 0.03963286553414412 0.2901912338951549 0.0 0.2822865698653143 0.3624454920486485 0.6661482763331048 0.0 0.6301352950698043 0.6244523658657872
0 0.743652 0.937012 0.092773 0.112305 0.0 0.11023485517374632 0.11849536646365368 0.0 0.15300038706304264 0.356426321592928 0.43489657062857573 0.0 0.32374610626269534 0.5557902673712365 0.2537117712250347 0.0 0.5575873509698921
0 0.860840 0.141113 0.096680 0.108398 0.0 0.08069321112714865 0.13143288013558435 0.0 0.13908594068202335 0.34780529061195375 0.3715993343542843 0.0 0.3676663415418709 0.35283959710442864 0.32625457244960687 0.0 0.33174091538951705
0 0.090332 0.419434 0.081055 0.114258 0.009388856434183997 0.025021675477567937 0.10380534606851313 0.0 0.09192033157170035 0.24802020812832296 0.36204659987086346 0.0 0.30455158754620965 0.3039606056496298 0.16429862372553283 0.0 0.24700544712033295
0 0.199707 0.294434 0.086914 0.110352 0.0 0.0 0.17166987757679478 0.006024637921818883 0.1542941817903851 0.0 0.2504445334478202 0.3210580000527424 0.3204454968816131 0.0 0.603635264182392 0.563254961203879 0.49633892247796196
0 0.916992 0.397949 0.097656 0.100586 0.0 0.0 0.17076748191281568 0.0 0.20681202189082515 0.0 0.2458949367625815 0.0 0.23298404978806372 0.0 0.36444092249242 0.0 0.36931288567784354
0 0.826172 0.242676 0.082031 0.104492 0.0 0.05066382338338148 0.13380347728184136 0.0 0.14714220069096665 0.3547559056792282 0.39081534943598406 0.0 0.3869349824865442 0.34334788457584003 0.3420116527768085 0.0 0.33910523570860046
0 0.881836 0.869141 0.117188 0.062500 0.013339217647485515 0.03144822412351053 0.12052519099753153 0.021566623223449176 0.2867467790777624 0.23335097851032569 0.15522491621111162 0.3127499038861733 0.2266826261333637 0.46426989685969355 0.5777207062255684 0.4662819085337983 0.547883668540221
0 0.271484 0.400879 0.085938 0.065430 0.0 0.17774443457501776 0.0 0.08349038707505879 0.013770326943384816 0.2666338838202161 0.0 0.32623071111423835 0.3379367351643581 0.35312652377323056 0.0 0.31353800866984927 0.28197328359513024
0 0.135742 0.850586 0.082031 0.082031 0.0 0.0 0.23458030781029074 0.0 0.1583343604684632 0.0 0.20456329857730335 0.0 0.25343900442182477 0.0 0.7432313843531397 0.0 0.7381464805339673
0 0.445801 0.430176 0.079102 0.088867 0.0 0.10433818014751912 0.0 0.10189122157574093 0.13444427152954255 0.0792110228777944 0.0 0.2869793413680325 0.26492238242510585 0.08823031060974593 0.0 0.3150504531939243 0.2548823248351548
0 0.352539 0.955078 0.082031 0.089844 0.0 0.10424964492166662 0.19083387649180603 0.0 0.039773124766168254 0.23882558660965 0.2536643301752788 0.0 0.3454845830621149 0.637097633904782 0.6455581139702725 0.0 0.5629387715087631
0 0.250000 0.462891 0.087891 0.062500 0.0 0.11543439364144163 0.0 0.16198754166216142 0.08481072196553015 0.310349409164342 0.0 0.3093147236892926 0.3198248293176009 0.30762349995864247 0.0 0.2761053845965667 0.2888052941489216
0 0.570801 0.468750 0.069336 0.101562 0.0 0.07221030371305351 0.04937025825841818 0.05746449572515789 0.0 0.3010838434075804 0.3285861910864019 0.2475276033019934 0.0 0.37633353340717357 0.35478323421987296 0.38379462461944375 0.0
0 0.090820 0.279785 0.072266 0.075195 0.0 0.09240824629996683 0.16755950005207848 0.0 0.0807628789734022 0.27367731700442177 0.25443784208498677 0.0 0.17630487832471364 0.19153007054071808 0.27309239639535243 0.0 0.21351132197564202
0 0.151367 0.924316 0.093750 0.065430 0.0 0.0 0.19420728282074728 0.0 0.17165616274919057 0.0 0.24496456655272453 0.0 0.3108847831071024 0.0 0.6838491125811226 0.0 0.6474816387993286
0 0.767090 0.109375 0.077148 0.087891 0.0 0.11471795211958782 0.04895258278799153 0.1056211778723344 0.0 0.315488394532847 0.3129818850953931 0.31650516939248735 0.0 0.3532121288108281 0.32491952222083503 0.3413657171682966 0.0
0 0.777832 0.472168 0.106445 0.118164 0.0 0.0 0.15820017210651144 0.0 0.1568705016356149 0.0 0.3045612314384856 0.0 0.28528838087223496 0.0 0.35263489308018353 0.0 0.3496521190771023
0 0.254395 0.072754 0.083008 0.094727 0.0 0.06745914867082434 0.0998656284325416 0.0 0.12388996102850329 0.39861816360137214 0.3991671781378849 0.0 0.4049076318276854 0.4117935988481566 0.5179700201918757 0.0 0.501904201085529
0 0.949707 0.265625 0.100586 0.050781 0.0 0.15196549339210894 0.0 0.16099341963211666 0.0 0.27342636344089516 0.0 0.2790880235012096 0.0 0.3000073077971428 0.0 0.35500015890424486 0.0
0 0.224609 0.531738 0.089844 0.075195 0.0 0.0 0.19250977371963648 0.0 0.1356555278293365 0.0 0.23163333771353598 0.0 0.4329206102350693 0.0 0.20707052758954583 0.0 0.23324914256796425
0 0.246582 0.637207 0.075195 0.131836 0.0 0.05217907952301734 0.2734837436857054 0.047070585080573685 0.06537359462402609 0.2503127105640421 0.32541396082856744 0.21113113555827034 0.251726399005073 0.23867012955685396 0.21523532083055172 0.19388726207155552 0.16883586465379102
0 0.878906 0.927734 0.111328 0.054688 0.0 0.0 0.07353272267406369 0.0 0.10840473532221935 0.0 0.1454698705926531 0.0 0.24399886569390183 0.0 0.4908525197436726 0.0 0.48938442386505493
0 0.180664 0.594727 0.068359 0.064453 0.0 0.0 0.0 0.0 0.4138829115339594 0.0 0.0 0.0 0.25051210446594746 0.0 0.0 0.0 0.07686406885748119
0 0.509277 0.315430 0.096680 0.070312 0.0 0.11346421729459431 0.0 0.02109446365179025 0.07563283324552286 0.27927465018126707 0.0 0.4041397382528107 0.21995089732030632 0.21404679884054498 0.0 0.3443381077791708 0.29778050085773716
0 0.090820 0.747559 0.076172 0.125977 0.0 0.0 0.15304616306414534 0.0 0.1099093581305816 0.0 0.49131524100736823 0.0 0.2712418362027576 0.0 0.7679653104094954 0.0 0.7266891054993379
0 0.456543 0.862793 0.083008 0.077148 0.0 0.13149251011495233 0.08229518396747358 0.1371323993264128 0.0 0.29584253671504096 0.2772910632832442 0.2802216536066377 0.0 0.6457233280256097 0.6386065276741366 0.6540670314606271 0.0
0 0.537598 0.624023 0.051758 0.078125 0.0 0.06838241412045112 0.17384024520335878 0.0 0.09355705551091678 0.28795505824743994 0.28662984180432677 0.0 0.3629755447159711 0.3588660835147738 0.30639935044985944 0.0 0.32055429014086423
0 0.415527 0.500977 0.090820 0.082031 0.0 0.0 0.05654872742889756 0.0 0.14713248695372166 0.0 0.15656546153411943 0.0 0.2467879488749898 0.0 0.17623336185180025 0.0 0.2436157001262463
0 0.487793 0.549316 0.071289 0.081055 0.0 0.14237970190869081 0.0 0.25112657818753314 0.0 0.1445047293573223 0.0 0.15305226648979023 0.0 0.23452855796822758 0.0 0.24978699612271069 0.0
0 0.033203 0.940430 0.064453 0.082031 0.0 0.0 0.14057163397467504 0.18876287499763839 0.11622202924220906 0.0 0.2501086163026817 0.175721497898587 0.17639991289769044 0.0 0.636801507890353 0.49097319416537616 0.6724566947351245
0 0.243652 0.900391 0.069336 0.074219 0.0 0.0 0.10699506507544798 0.07544086918481893 0.11465465868775365 0.0 0.3694764705304797 0.3743833784566498 0.29250960860520037 0.0 0.7024056930549241 0.6648062896746195 0.7669363922001199
0 0.725098 0.263672 0.086914 0.164062 0.0 0.0 0.14259831923954117 0.0 0.10949668639859023 0.0 0.2710656062859887 0.0 0.2920121265901547 0.0 0.3334233923287166 0.0 0.3326848578887886
0 0.805176 0.358398 0.096680 0.115234 0.0 0.0 0.20146651137094979 0.0 0.21987913989244176 0.0 0.31948533109717664 0.0 0.3059121380400498 0.0 0.3472377534890307 0.0 0.3416794581157875
0 0.259766 0.143066 0.080078 0.043945 0.0 0.0 0.09489528219178794 0.0 0.080798592572814 0.0 0.21579435729490837 0.0 0.28889471420014845 0.0 0.5220365222860058 0.0 0.5023205383210309
0 0.386230 0.873535 0.061523 0.059570 0.0 0.07840270705513362 0.0 0.10339330687304431 0.15291201221664974 0.39857795189084044 0.0 0.38696335466904713 0.2703316242252594 0.6708022648380809 0.0 0.6569553666786437 0.643720106624998
0 0.966797 0.155762 0.066406 0.190430 0.0 0.009953192599839032 0.055497972481386056 0.09108703882671873 0.289831467308709 0.27206634652044404 0.2869794700887712 0.28212237190146483 0.27681393802536514 0.3083645754835888 0.31626151751068377 0.3019893730392103 0.3009106660879076
0 0.479492 0.648926 0.058594 0.065430 0.0 0.0 0.0 0.2497937864796407 0.08967884670173323 0.0 0.0 0.2148245443841073 0.23537166089440603 0.0 0.0 0.4601509789528134 0.4038444946538764
0 0.515625 0.452637 0.052734 0.084961 0.0 0.14300040804634534 0.0 0.161816209314277 0.0 0.2571269468810029 0.0 0.2260926656732108 0.0 0.302382923481464 0.0 0.31314641115743536 0.0
0 0.630859 0.366699 0.048828 0.073242 0.0 0.0 0.0 0.3058656436074876 0.0 0.0 0.0 0.08620823522678542 0.0 0.0 0.0 0.338996096872247 0.0
0 0.034668 0.870605 0.065430 0.055664 0.0 0.11998761749076602 0.08185017783522065 0.12866795954640173 0.0 0.36018833725858357 0.3144450760028391 0.27037447558695493 0.0 0.6646178321085976 0.6875633694517754 0.596106425618853 0.0
0 0.682129 0.432617 0.077148 0.171875 0.0 0.0 0.1574397352752303 0.0 0.19258937548272595 0.0 0.28331018897435956 0.0 0.28965314114745505 0.0 0.3447884571390375 0.0 0.32411585433807205
0 0.087402 0.078125 0.049805 0.039062 0.0 0.25363440905645274 0.0 0.0 0.1312775704933291 0.2610245747891826 0.0 0.0 0.18063973728187652 0.3284808668191454 0.0 0.0 0.39476763467664694
0 0.180176 0.128906 0.057617 0.041016 0.0 0.0 0.11611675192642819 0.0 0.07367347252156782 0.0 0.20996609287859402 0.0 0.20441113813825124 0.0 0.5258042578420509 0.0 0.41054096998191136
0 0.898926 0.492676 0.100586 0.088867 0.0 0.0 0.19375889806069124 0.0 0.2091742146876264 0.0 0.24665159659877822 0.0 0.2495382836731902 0.0 0.368415883889143 0.0 0.36545003424724753
0 0.121094 0.125977 0.058594 0.046875 0.0 0.0 0.20499520006291275 0.0 0.1477272774825826 0.0 0.31207267645299264 0.0 0.29300526902668284 0.0 0.6566086485693146 0.0 0.3964932440249555
0 0.382324 0.576660 0.096680 0.065430 0.0 0.04829748740625124 0.08840315524177673 0.00845156372042342 0.09431153580548285 0.3470018668549356 0.13166838423050728 0.31972922603844006 0.3601480741830965 0.24760752397950692 0.27118756027659224 0.14498123429444074 0.21096008562325338
0 0.760254 0.629883 0.127930 0.187500 0.0 0.05151924677430711 0.1459243972662151 0.03569393302967764 0.10153335922295054 0.2938583253650464 0.27260316686952085 0.28390697675285853 0.2824287585678407 0.46383994388761685 0.471303816347431 0.5189273370544596 0.47572176879530603
0 0.577637 0.361328 0.057617 0.091797 0.0 0.01990595378067559 0.049081137828141684 0.04747064922673271 0.062119428232281566 0.1817250859157488 0.2991228783478739 0.0889094942029943 0.2810376025476891 0.3751792706265469 0.378940474949346 0.62492849577645 0.3814204565610613
0 0.345703 0.440430 0.056641 0.113281 0.0 0.08164173961268911 0.031680352002045185 0.025122790293304505 0.0 0.2816085834002734 0.3496297621583472 0.23084151698833627 0.0 0.343974905086312 0.23563623802781294 0.9906486982025772 0.0
0 0.242188 0.821289 0.072266 0.078125 0.0 0.0 0.09866806487455189 0.05385636374980054 0.19243233944902932 0.0 0.14959395477453302 0.39023319742160356 0.285600087622493 0.0 0.7942198788915232 0.7566670975329272 0.13257731478934906
0 0.182129 0.185059 0.081055 0.067383 0.0 0.0 0.09927542955838979 0.0 0.1560608576938277 0.0 0.3775086764227249 0.0 0.35139553708354965 0.0 0.5806609197894148 0.0 0.3910075396475643
0 0.579102 0.930176 0.121094 0.051758 0.0 0.12136735079829691 0.0 0.1111671820934207 0.041893707121433074 0.3780541113305007 0.0 0.3154777017052948 0.3127474907732467 0.48152178582896427 0.0 0.46884550620227655 0.43540316212472085
0 0.040039 0.378418 0.052734 0.053711 0.0 0.279957426204178 0.0 0.0 0.0 0.23480383724064666 0.0 0.0 0.0 0.2910813130258071 0.0 0.0 0.0
0 0.266113 0.954102 0.073242 0.041016 0.0 0.0 0.13872408363209052 0.0 0.0401645233524044 0.0 0.16267756151388232 0.0 0.38176496588281966 0.0 0.4628820508051976 0.0 0.5441952146064327
0 0.150879 0.977539 0.104492 0.044922 0.0 0.0 0.21529081608091005 0.03931141767067206 0.060782250835913 0.0 0.30461234037931095 0.19215615467104769 0.22058769428414374 0.0 0.45117864735683433 0.404249978709761 0.6317157408111604
0 0.875977 0.978027 0.121094 0.043945 0.0 0.0 0.115801083707171 0.0 0.11756471468943681 0.0 0.3165440821693662 0.0 0.32522453604041934 0.0 0.4771171990502536 0.0 0.5990773024073004
0 0.568359 0.975586 0.121094 0.048828 0.0 0.04622731701130205 0.0 0.10597228466928614 0.1507459785693549 0.3505119007985265 0.0 0.2996373680803798 0.18740100423613956 0.45579413282732334 0.0 0.45806304528866 0.37140003970621777
0 0.147461 0.066895 0.072266 0.067383 0.03521780718839057 0.0 0.1429896614920964 0.0 0.15914062713811364 0.0 0.3095692883999772 0.0 0.29684707945733824 0.0 0.23392347322969412 0.0 0.3288010605447378
0 0.144043 0.647949 0.061523 0.061523 0.0 0.03999399791686381 0.04081741114698815 0.03605430051659361 0.12705766626725534 0.39187719825866557 0.11525187766068229 0.3961080021047605 0.28839735763824614 0.16505263562649197 0.21848350807416952 0.2809513279217002 0.18132634806149023
0 0.316895 0.801270 0.069336 0.057617 0.0 0.0 0.05002318110991818 0.24047618550870417 0.028429305893844375 0.0 0.34766487850117345 0.2979072916038588 0.2743047567541273 0.0 0.675715059271302 0.7845362425123394 0.7518728840359693
0 0.486328 0.371582 0.091797 0.051758 0.0 0.0 0.1641403948733211 0.0 0.12329945641040058 0.0 0.1748488975180198 0.0 0.25170596841374493 0.0 0.3006017720458664 0.0 0.1597602432395664
0 0.379395 0.672363 0.051758 0.057617 0.0 0.09326606761468502 0.0 0.1514522505908796 0.0 0.2938264592494849 0.0 0.229428726528761 0.0 0.5102115400916583 0.0 0.5715254854878657 0.0
0 0.032227 0.044434 0.062500 0.079102 0.0 0.027730372182210368 0.26334136464928803 0.0 0.043217708248521496 0.2986385194084699 0.33123938315391294 0.0 0.24513646311290177 0.33157211635446737 0.3633455397980254 0.0 0.3731418897265526
0 0.083984 0.191895 0.095703 0.088867 0.0 0.07310498290775197 0.1438619919051263 0.15772671847668213 0.03625907908363905 0.33697503479690505 0.3165418162108734 0.36604102538370487 0.3134278746489989 0.3758755729809457 0.3736002515138987 0.26645599229384465 0.36635511020326483
0 0.101562 0.519531 0.134766 0.080078 0.04277098563042998 0.18878979033793775 0.047062884663394824 0.0 0.0 0.2790743362183892 0.2520954881814603 0.0 0.0 0.8211198058642193 0.14362054491412946 0.0 0.0
0 0.316895 0.679199 0.071289 0.059570 0.0 0.031326479916841767 0.06834923472086106 0.06406263183528611 0.16118466201885595 0.11987165477090095 0.19277960911585137 0.26202544423781327 0.19120164609251605 0.6969911832816701 0.3818563775697631 0.5818906011173233 0.23198281230037537
0 0.028320 0.131348 0.054688 0.096680 0.0 0.0 0.20406903591435796 0.0 0.0 0.0 0.31717545722653 0.0 0.0 0.0 0.31042754937661304 0.0 0.0
0 0.046387 0.667480 0.090820 0.049805 0.0 0.0 0.12178112446317775 0.23488910577752556 0.0 0.0 0.1985205341876383 0.1877252101889587 0.0 0.0 0.5101916193381654 0.4206717266402317 0.0
0 0.309570 0.732422 0.080078 0.052734 0.0 0.14341797367202563 0.049254322171592764 0.04731831205569129 0.08916397957693842 0.35231789889756765 0.33633039594481556 0.27741916612860634 0.30327713974306814 0.616006863838271 0.6206284926821568 0.6673849206203053 0.5156584412627689
0 0.345215 0.632324 0.063477 0.041992 0.0 0.0 0.0 0.0 0.3318901656789394 0.0 0.0 0.0 0.3084568495715903 0.0 0.0 0.0 0.24109945843601363
0 0.816406 0.328613 0.083984 0.065430 0.0 0.0 0.19015322838464008 0.0 0.17238133040546816 0.0 0.3266982363613627 0.0 0.3221927051184293 0.0 0.3446895806644281 0.0 0.3423761374111289
0 0.428223 0.644043 0.043945 0.057617 0.0 0.09387220099437753 0.0 0.2127295755529061 0.0 0.275285665853269 0.0 0.2404121327943476 0.0 0.39264372158120103 0.0 0.5407150698189177 0.0
0 0.263672 0.229004 0.076172 0.131836 0.3083056935548789 0.0 0.0 0.0 0.0 0.0 0.0 0.0 0.0 0.0 0.0 0.0 0.0
0 0.055176 0.604980 0.106445 0.079102 0.009063034214386485 0.0 0.12676178319934817 0.0 0.2841769489932032 0.0 0.31720134293390634 0.0 0.2249375734779828 0.0 0.23065452572017825 0.0 0.33339170790667777
0 0.022461 0.277344 0.042969 0.083984 0.0 0.14999262563440074 0.0 0.20492711622359433 0.0 0.4412432621262328 0.0 0.2970484560302823 0.0 0.3803477114733809 0.0 0.2838729715960222 0.0
0 0.291016 0.855957 0.039062 0.051758 0.0 0.0 0.30831108728279916 0.0 0.0 0.0 0.19063724052566822 0.0 0.0 0.0 0.8833712325777011 0.0 0.0
0 0.208984 0.710938 0.054688 0.064453 0.0 0.0 0.0 0.06396267332663487 0.17329341103641133 0.0 0.0 0.31631448858101074 0.1438220690108998 0.0 0.0 0.9657794102521299 0.019816962871700778
0 0.020996 0.259766 0.040039 0.048828 0.0 0.23155419158607018 0.0 0.19802909603421043 0.0 0.44354208818628493 0.0 0.45881545206679825 0.0 0.3814227832487409 0.0 0.27875102042607597 0.0
0 0.031250 0.055176 0.060547 0.055664 0.0 0.019466491977566672 0.30673408591092427 0.0 0.04717831017850601 0.3866366655274949 0.3545836225671745 0.0 0.22924465050323145 0.9157781553962326 0.44552582974102 0.0 0.3117447121493819
0 0.310059 0.746582 0.077148 0.063477 0.0 0.12367181838748385 0.04247286048214465 0.040803405215696406 0.07688765366439793 0.35231789889756765 0.33633039594481556 0.2774191661286064 0.30327713974306814 0.616006863838271 0.6206284926821568 0.6673849206203053 0.5156584412627689
0 0.395508 0.027344 0.083984 0.052734 0.0 0.0 0.0 0.0 0.13169184253797295 0.0 0.0 0.0 0.18054694214607891 0.0 0.0 0.0 0.3979336879867532
0 0.075195 0.123535 0.039062 0.049805 0.0 0.0 0.0 0.0 0.376016358786801 0.0 0.0 0.0 0.30520072648630653 0.0 0.0 0.0 0.39298343748345826
0 0.798340 0.385254 0.088867 0.065430 0.0 0.0 0.23141250347411355 0.0 0.18050538102250008 0.0 0.31934126400404905 0.0 0.3107923960118102 0.0 0.3484178204501316 0.0 0.3411124006326948
0 0.263184 0.986328 0.073242 0.027344 0.0 0.09573550094799614 0.0627628944985917 0.025071342446006985 0.0352034911992073 0.3063253656439349 0.47603395418533134 0.3250273436952958 0.20631786917189582 0.580360694398311 0.49140397273468467 0.6256758323556533 0.5001357892184219
0 0.138672 0.018555 0.097656 0.035156 0.0 0.07504566220332703 0.14717855790505413 0.10751044351601577 0.10226714515921416 0.31170379133954274 0.29214145638864514 0.3217754115428538 0.3128505154791585 0.3677357366879998 0.35900071550341467 0.34374669158946564 0.39631990900201874
0 0.301270 0.535645 0.049805 0.067383 0.0 0.0 0.11513546098062444 0.0 0.10779014450932597 0.0 0.3326682608093513 0.0 0.346514796389063 0.0 0.22513654869895908 0.0 0.22152170776305222
0 0.936523 0.316406 0.101562 0.072266 0.0 0.0 0.1399809826246656 0.0 0.15156145276742944 0.0 0.17069079497071005 0.0 0.18707140550901277 0.0 0.39808249749875635 0.0 0.3381726872139214
0 0.916992 0.574707 0.166016 0.061523 0.27668592274430287 0.0 0.0 0.0 0.06057629762601476 0.0 0.0 0.0 0.0686441366347127 0.0 0.0 0.0 0.48209509420083585
