0 0.535156 0.165527 0.119792 0.096680 0.0 0.15703047150804175 0.0 0.14424422494465622 0.0 0.33506453671750397 0.0 0.29913373667863297 0.0 0.4430428526658266 0.0 0.44576792749327193 0.0
0 0.544922 0.292480 0.105469 0.084961 0.0 0.08824967980461604 0.0 0.13105907457688318 0.0 0.3303083127995735 0.0 0.36287237762001 0.0 0.4677251694649611 0.0 0.44220237444708693 0.0
0 0.735677 0.303223 0.109375 0.086914 0.0 0.17825955856748438 0.0 0.19313234926816722 0.0 0.2998750259159445 0.0 0.26963293705474606 0.0 0.4410225586003275 0.0 0.4444455660842954 0.0
0 0.502604 0.437988 0.197917 0.098633 0.0 0.12493317718115436 0.029442464868688373 0.08901842889018503 0.11199133367616401 0.29893500815096563 0.48517608731749445 0.3038538524792566 0.29866344702808084 0.44670808395643696 0.9702908539174492 0.5728011503783943 0.9713221568270509
0 0.320964 0.146484 0.160156 0.072266 0.0 0.1936821593010704 0.0 0.13679907440587255 0.0 0.37177220052527665 0.0 0.3611840294843454 0.0 0.4529658273830118 0.0 0.4431769722824514 0.0
0 0.440755 0.283203 0.110677 0.091797 0.0 0.2068180185109908 0.0 0.16214679560037998 0.0 0.2854386296636384 0.0 0.27697496429078866 0.0 0.47920597224537603 0.0 0.445410747705009 0.0
0 0.641276 0.297852 0.087240 0.085938 0.0 0.1291459684691616 0.0 0.2276942751186519 0.020718208202994557 0.3498271909237407 0.0 0.3820094296047493 0.1668355350892867 0.46086054025294876 0.0 0.4462811414782411 0.49162229740111435
0 0.588542 0.924805 0.122396 0.066406 0.03000057455247666 0.09336905364699251 0.08362944890199378 0.0 0.11559590414829837 0.3231455959756038 0.32365678483269694 0.0 0.30654473018847817 0.4396796675185123 0.4505344087361209 0.0 0.4269283911830182
0 0.798828 0.037109 0.118490 0.072266 0.0 0.10931738693586512 0.0 0.21410508081744326 0.0 0.2526144551326183 0.0 0.318557874479119 0.0 0.4491854694593913 0.0 0.45199474650093835 0.0
0 0.716797 0.178711 0.084635 0.101562 0.0 0.14732421358752826 0.0 0.17988668703973734 0.0 0.28135779273764344 0.0 0.30911234092740797 0.0 0.44785168529646946 0.0 0.4445291979561325 0.0
0 0.437500 0.154297 0.080729 0.078125 0.0 0.15797790532994077 0.0 0.13211670607877934 0.0 0.3463815523131282 0.0 0.3063427558356369 0.0 0.4510244599479219 0.0 0.45675485711550123 0.0
0 0.597656 0.861816 0.119792 0.063477 0.0 0.0 0.10475507458472623 0.09426415940576056 0.10455776637630483 0.0 0.344056797571984 0.33748463777332344 0.33186977510552856 0.0 0.43319853010579484 0.44931518739855136 0.4534429059785771
0 0.710286 0.566406 0.079427 0.087891 0.0 0.16863252164229192 0.0 0.15235976428466272 0.0 0.2840349526185661 0.0 0.2858355149791696 0.0 0.44639670322127517 0.0 0.4420401252405984 0.0
0 0.597656 0.804688 0.109375 0.060547 0.0 0.0 0.2459124906456855 0.0 0.14417369145688924 0.0 0.24975056624552944 0.0 0.2653750376959962 0.0 0.5305001765363835 0.0 0.5252868224721324
0 0.297526 0.508789 0.126302 0.089844 0.0 0.0 0.14002747124439444 0.0 0.13633912021340672 0.0 0.2895681633863339 0.0 0.29433942975301747 0.0 0.9731174897599636 0.0 0.9749804061465097
0 0.636068 0.175781 0.089844 0.099609 0.0 0.18733559295821908 0.0 0.15226543493988326 0.0 0.33849989152584264 0.0 0.3005064362765282 0.0 0.4457443442645481 0.0 0.44248013001267894 0.0
0 0.349609 0.276855 0.079427 0.081055 0.0 0.20327278489397685 0.0 0.15114404428063352 0.0 0.2307466177687807 0.0 0.3503135588827482 0.0 0.35159496768834136 0.0 0.35647804194388566 0.0
0 0.279297 0.269531 0.087240 0.074219 0.0 0.14465739839424627 0.0 0.12446337749267666 0.0 0.34241083984417103 0.0 0.30945356413054753 0.0 0.0397393067062496 0.0 0.09170758015211979 0.0
0 0.781901 0.910645 0.139323 0.131836 0.29598490805192257 0.0 0.010709417202742126 0.007416501370302134 0.006243743281101288 0.0 0.3402930779728988 0.33883106818032055 0.3872125796814911 0.0 0.8966506760895167 0.5233689331807277 0.4686684601124063
0 0.356120 0.553223 0.134115 0.073242 0.0 0.0 0.18273102151593243 0.0 0.1444262064495887 0.0 0.24437281490932047 0.0 0.27841562483566096 0.0 0.9771895726521346 0.0 0.968491878216979
0 0.793620 0.181641 0.082031 0.095703 0.0 0.14811698791085623 0.0 0.1682154161748088 0.0 0.263422272824832 0.0 0.2583592619183139 0.0 0.44347990888171657 0.0 0.45203732134676405 0.0
0 0.227865 0.231445 0.083333 0.060547 0.0 0.0 0.11159587760644783 0.0 0.09874821756493002 0.0 0.3696831813941906 0.0 0.3524296369564998 0.0 0.972064691990397 0.0 0.9651660314371276
0 0.584635 0.507324 0.088542 0.069336 0.0 0.0 0.15965724785887347 0.10799234311575594 0.0 0.0 0.31365154313163557 0.3196280772133825 0.0 0.0 0.9605511559429927 0.022361731982851376 0.0
0 0.644531 0.429199 0.091146 0.063477 0.0 0.23594984412628595 0.0 0.08533946643631103 0.0 0.2522649866752508 0.0 0.2387610456693537 0.0 0.40095439219930934 0.0 0.4573918102011008 0.0
0 0.568359 0.744141 0.136719 0.076172 0.0 0.0 0.21949187700153694 0.0 0.1780662688871351 0.0 0.27258286027439976 0.0 0.2933989822735913 0.0 0.8712372126826433 0.0 0.9035149656835392
0 0.841797 0.308105 0.102865 0.088867 0.02803536443036639 0.13871140468062407 0.0 0.23547595492552434 0.0 0.31321185073928753 0.0 0.28787968808072373 0.0 0.47840310647490286 0.0 0.4535474761722538 0.0
0 0.736328 0.438965 0.097656 0.075195 0.0 0.21264467492424485 0.0 0.2138755433384894 0.0 0.30661900625111504 0.0 0.33001759058694136 0.0 0.45248816948705567 0.0 0.4512121586040362 0.0
0 0.577474 0.977539 0.131510 0.044922 0.0 0.0 0.28861993224024585 0.0 0.2874715714733594 0.0 0.29668270354039256 0.0 0.2963731404659196 0.0 0.4525201059961988 0.0 0.4457026320471556
0 0.894531 0.037598 0.075521 0.073242 0.0 0.10577387498865587 0.0 0.20487029090748712 0.0 0.3036449571737576 0.0 0.30335818563385464 0.0 0.5087513974290909 0.0 0.5359077944590372 0.0
0 0.232422 0.465332 0.154948 0.084961 0.0 0.0 0.17582422365787093 0.0 0.1979448452613079 0.0 0.3310872521016372 0.0 0.21254553320163683 0.0 0.9746430812234812 0.0 0.9689542089395935
0 0.783203 0.570312 0.063802 0.089844 0.0 0.13063050677424518 0.0 0.12966422497570698 0.0 0.2974303681172551 0.0 0.2921243725195127 0.0 0.44281996082591174 0.0 0.4184503973401623 0.0
0 0.832682 0.455078 0.108073 0.101562 0.0 0.20116717705897103 0.0 0.2052571044825532 0.0 0.37548420583368325 0.0 0.28293480916013536 0.0 0.47305834664641994 0.0 0.434293268995163 0.0
0 0.516276 0.673828 0.121094 0.068359 0.0 0.0 0.17790476666959903 0.0 0.11562279848828756 0.0 0.25990756802630066 0.0 0.261027652198243 0.0 0.9828626898312517 0.0 0.9698674783158197
0 0.171224 0.404297 0.144531 0.072266 0.0 0.0 0.12518324104355535 0.0 0.1760913066661688 0.0 0.3383714415732181 0.0 0.27017613867605667 0.0 0.9612733725567308 0.0 0.9684202371216849
0 0.869141 0.183594 0.079427 0.091797 0.0 0.17702219332089383 0.0 0.1708671061920808 0.0 0.2606284227208046 0.0 0.24598930028470967 0.0 0.37118561982973497 0.0 0.521074369074558 0.0
0 0.409505 0.597656 0.126302 0.076172 0.0 0.0 0.1393609813610318 0.0 0.16818379382540302 0.0 0.2912249362686923 0.0 0.2395021670180178 0.0 0.9687436263429644 0.0 0.9669188097601344
0 0.925781 0.312012 0.065104 0.096680 0.0 0.13947181728349853 0.0 0.180305899376137 0.0 0.222726942578034 0.0 0.22776388642417295 0.0 0.4280500562007131 0.0 0.45977896131601975 0.0
0 0.341797 0.971191 0.162760 0.057617 0.010817945918484284 0.0 0.07301930618741857 0.04316943878772516 0.10989766819503562 0.0 0.356529870246387 0.3254191950901542 0.33772809417486144 0.0 0.8991041938758716 0.9471547365868528 0.4387493718853309
0 0.461589 0.638184 0.123698 0.075195 0.0 0.0 0.1544767220003023 0.0 0.1565855328523862 0.0 0.28137606813136856 0.0 0.2838333332596938 0.0 0.9621869862492107 0.0 0.9631013411420235
0 0.113281 0.354492 0.138021 0.076172 0.0 0.0 0.18143998375244916 0.0 0.15736815699663248 0.0 0.27517155382129993 0.0 0.2682688820885732 0.0 0.970132697092668 0.0 0.9679524450545298
0 0.058594 0.302246 0.109375 0.090820 0.0 0.027347182821543334 0.2133426838008081 0.028871971745315538 0.25613459886127815 0.3585325694258246 0.30252456519488297 0.3611776039321194 0.31404897549223826 0.9622112991937949 0.9683268330216122 0.969996596718668 0.9661028298272902
0 0.628906 0.556641 0.091146 0.087891 0.0 0.1574105556491079 0.0 0.21627668394724964 0.0 0.3237407293781159 0.0 0.27738314156207117 0.0 0.15066544926778636 0.0 0.1617957939931778 0.0
0 0.852865 0.575684 0.083333 0.088867 0.0 0.19673815596499464 0.0 0.19176613180034083 0.0 0.28995857601165576 0.0 0.2793431824100629 0.0 0.4502184976258604 0.0 0.4404112010145411 0.0
0 0.147786 0.152832 0.175781 0.108398 0.0 0.07004528345619689 0.038807843763430626 0.06072147572104414 0.08139290478121768 0.35607773965486983 0.35043900334818745 0.2558095033096919 0.3453900085333532 0.4504573265738385 0.9691671739624961 0.6586991098947002 0.972095789587041
0 0.271484 0.879883 0.227865 0.164062 0.0 0.023855906529102407 0.10486910538836734 0.02553417117041431 0.13072341137747523 0.31833144183695833 0.32905276096251257 0.3193587132670067 0.3376322833543375 0.8953593439216186 0.9012308039661401 0.9032969535613398 0.8921073151983823
0 0.907552 0.801758 0.091146 0.064453 0.0 0.0 0.09772044044449026 0.02878247303808594 0.13953314190870827 0.0 0.20281528018258557 0.27594293965790057 0.199991006560059 0.0 0.9733567740538865 0.022249413316499853 0.9970827465186892
0 0.963542 0.037109 0.072917 0.072266 0.0 0.048855233565608974 0.0 0.12695522960025024 0.0 0.2502224754812085 0.0 0.32092828979426813 0.0 0.6594896501887612 0.0 0.6801652257908894 0.0
0 0.927083 0.457031 0.085938 0.095703 0.0 0.22249041474814735 0.0 0.20722964675182096 0.0 0.3260079110123773 0.0 0.2875159104972775 0.0 0.4497542661991451 0.0 0.4193815358852901 0.0
0 0.932943 0.578125 0.082031 0.093750 0.0 0.17143379121562285 0.0 0.19112930804312345 0.0 0.2657966910226362 0.0 0.27278971024746607 0.0 0.43943507246381497 0.0 0.4472238593656837 0.0
0 0.960286 0.721680 0.079427 0.074219 0.0 0.17250571505670653 0.0 0.1587440890922466 0.0 0.29776761324373296 0.0 0.3108942364876949 0.0 0.4415304211106134 0.0 0.44296933453168336 0.0
0 0.215495 0.435547 0.102865 0.072266 0.0 0.0 0.184364712288064 0.0 0.1116263089345378 0.0 0.3584099779052342 0.0 0.18802006445887523 0.0 0.961579520183155 0.0 0.9875604003418207
0 0.962891 0.836426 0.074219 0.075195 0.0 0.1448965701606017 0.0 0.19748685280116357 0.0 0.28783143973071157 0.0 0.28469232014155776 0.0 0.13605575532165537 0.0 0.11791963614280378 0.0
0 0.089193 0.028320 0.175781 0.054688 0.0 0.06165616215535273 0.0345821859836703 0.21918371496148922 0.0 0.3310475488117318 0.2345446777524477 0.3267012304431232 0.0 0.8582905780999771 0.674969126722946 0.7039305729166948 0.0
0 0.119792 0.767578 0.166667 0.113281 0.0 0.05296979226810854 0.12080376916096033 0.07313611757274632 0.05026933999676323 0.3428032963032611 0.3537774812053876 0.3054244503019738 0.34160121922074466 0.8614121716391616 0.8953414047166162 0.5150206679625484 0.8934730529174286
0 0.792318 0.740234 0.121094 0.117188 0.0 0.06556262758082726 0.045089083881666846 0.014225188544280674 0.08116077619935734 0.35847435473434286 0.3581284466703105 0.4343200852510754 0.37024685121070444 0.45595972696920073 0.9720863968137596 0.4896264326430311 0.9176508723407696
0 0.949870 0.178711 0.079427 0.091797 0.0 0.16499211614517817 0.0 0.16076131288148116 0.0 0.3739002730543966 0.0 0.34552918005888505 0.0 0.59881533429875 0.0 0.5939168187529282 0.0
0 0.979167 0.314941 0.041667 0.084961 0.0 0.1634489017185228 0.0 0.08457491148603255 0.0 0.2259977083125077 0.0 0.3816187732295884 0.0 0.44303427698386866 0.0 0.44032043538957044 0.0
0 0.985026 0.461914 0.029948 0.089844 0.0 0.25465450784116267 0.0 0.1894390122004778 0.0 0.3076528797366649 0.0 0.31435005684307726 0.0 0.4902580531233552 0.0 0.48074012885987194 0.0
0 0.986979 0.583496 0.026042 0.086914 0.0 0.15875570769926461 0.0 0.19565579731584934 0.0 0.27412791666723124 0.0 0.26674881022405583 0.0 0.4491278207139039 0.0 0.47851917901475644 0.0
0 0.872396 0.706055 0.098958 0.044922 0.0 0.1560268068392873 0.0 0.07903562815624998 0.0 0.3628712065816882 0.0 0.435339667872921 0.0 0.4477080995419175 0.0 0.4427371796577275 0.0
0 0.874349 0.972656 0.087240 0.054688 0.0 0.0 0.06794475462099704 0.0 0.14788631931295232 0.0 0.27061923739879834 0.0 0.19978619832467132 0.0 0.9777556814978425 0.0 0.9772806620769883
0 0.358724 0.020996 0.345052 0.040039 0.22869402528001825 0.0 0.0 0.0 0.0 0.0 0.0 0.0 0.0 0.0 0.0 0.0 0.0
