0 0.401693 0.248047 0.214844 0.121094 0.0 0.14320070522860626 0.03580862681347216 0.08813119150358119 0.024174072985307316 0.27606097589282186 0.24382143470656673 0.3250731370367944 0.303182095750987 0.6560439915756971 0.6971357847098099 0.7037657448023233 0.7155163942119177
0 0.654948 0.396484 0.161458 0.072266 0.0 0.19212020640348113 0.0 0.1356958560638897 0.0 0.37177220052527665 0.0 0.3611840294843454 0.0 0.4529658273830118 0.0 0.4431769722824514 0.0
0 0.311849 0.494629 0.147135 0.086914 0.0 0.030468139820302897 0.2143967548193522 0.023021570200445603 0.17392686357689396 0.2461693717241776 0.2781821402829691 0.2412226407426709 0.279260106998336 0.9632728623727963 0.9153531000748457 0.9705254810333991 0.9716240511883655
0 0.868490 0.416016 0.119792 0.097656 0.0 0.15546016679296135 0.0 0.14280178269520966 0.0 0.33506453671750397 0.0 0.29913373667863297 0.0 0.4430428526658266 0.0 0.44576792749327193 0.0
0 0.377604 0.552246 0.140625 0.086914 0.0 0.022225987536610127 0.1733908703549639 0.023465235463421243 0.20816931817564555 0.3585325694258246 0.30252456519488297 0.3611776039321194 0.31404897549223826 0.9622112991937949 0.9683268330216122 0.969996596718668 0.9661028298272902
0 0.612630 0.520020 0.087240 0.075195 0.0 0.14277873088263268 0.0 0.12284696999277177 0.0 0.34241083984417103 0.0 0.30945356413054753 0.0 0.0397393067062496 0.0 0.09170758015211979 0.0
0 0.630859 0.758301 0.123698 0.090820 0.0 0.0 0.14143804792133288 0.0 0.13771254202427183 0.0 0.2895681633863339 0.0 0.29433942975301747 0.0 0.9731174897599636 0.0 0.9749804061465097
0 0.774089 0.530273 0.108073 0.091797 0.0 0.21180158522209902 0.0 0.16605394730159395 0.0 0.2854386296636384 0.0 0.27697496429078866 0.0 0.47920597224537603 0.0 0.445410747705009 0.0
0 0.560547 0.481934 0.084635 0.061523 0.0 0.0 0.10813490655491698 0.0 0.09568569653178079 0.0 0.3696831813941906 0.0 0.3524296369564998 0.0 0.972064691990397 0.0 0.9651660314371276
0 0.771484 0.404297 0.076823 0.078125 0.0 0.1660106801772259 0.0 0.13883450469295458 0.0 0.3463815523131282 0.0 0.3063427558356369 0.0 0.4510244599479219 0.0 0.45675485711550123 0.0
0 0.683594 0.526855 0.080729 0.081055 0.0 0.19999419158923526 0.0 0.14870623711481684 0.0 0.2307466177687807 0.0 0.3503135588827482 0.0 0.35159496768834136 0.0 0.35647804194388566 0.0
0 0.250000 0.413574 0.135417 0.079102 0.0 0.055261648241198336 0.07886916255547866 0.036525919975026695 0.05499944816130784 0.2966126049440036 0.3309340506727075 0.29311579536443483 0.3402224595092949 0.6398549812727163 0.9714574502276875 0.9142958348547836 0.9660542595931922
0 0.366536 0.125488 0.092448 0.059570 0.0 0.06792597849605576 0.053002921785839874 0.048417107048228006 0.0802708719690651 0.2850829468800038 0.30063819582825413 0.2841044152725896 0.3189017524473288 0.6313130708057075 0.6240859439263912 0.8514500121001485 0.5877129301022702
0 0.689453 0.803223 0.134115 0.075195 0.0 0.0 0.1779847612168173 0.0 0.14067487641193702 0.0 0.24437281490932047 0.0 0.27841562483566096 0.0 0.9771895726521346 0.0 0.968491878216979
0 0.565755 0.716309 0.154948 0.084961 0.0 0.0 0.17582422365787093 0.0 0.1979448452613079 0.0 0.3310872521016372 0.0 0.21254553320163683 0.0 0.9746430812234812 0.0 0.9689542089395935
0 0.681641 0.157715 0.300781 0.225586 0.30906233146143114 0.0 0.0 0.0 0.0 0.0 0.0 0.0 0.0 0.0 0.0 0.0 0.0
0 0.504557 0.654785 0.147135 0.071289 0.0 0.0 0.12465209624581933 0.0 0.17534416207490733 0.0 0.3383714415732181 0.0 0.27017613867605667 0.0 0.9612733725567308 0.0 0.9684202371216849
0 0.126953 0.469238 0.162760 0.133789 0.2345670191008796 0.0 0.0 0.0 0.0 0.0 0.0 0.0 0.0 0.0 0.0 0.0 0.0
0 0.439453 0.604492 0.157552 0.074219 0.0 0.0 0.16313025072479878 0.0 0.14148759482907322 0.0 0.27517155382129993 0.0 0.2682688820885732 0.0 0.970132697092668 0.0 0.9679524450545298
0 0.481771 0.405762 0.179688 0.116211 0.0 0.06391600125387348 0.03541198019699232 0.05540806927778873 0.07427065388786669 0.35607773965486983 0.35043900334818745 0.2558095033096919 0.3453900085333532 0.4504573265738385 0.9691671739624961 0.6586991098947 0.972095789587041
0 0.847005 0.923828 0.121094 0.072266 0.0 0.0 0.16828829279556665 0.0 0.10937291748892065 0.0 0.25990756802630066 0.0 0.261027652198243 0.0 0.9828626898312517 0.0 0.9698674783158197
0 0.791667 0.887695 0.125000 0.076172 0.0 0.0 0.15090774858870346 0.0 0.15296783824989385 0.0 0.28137606813136856 0.0 0.2838333332596938 0.0 0.9621869862492107 0.0 0.9631013411420235
0 0.741536 0.846191 0.128906 0.077148 0.0 0.0 0.1348171825824788 0.0 0.16270024090052412 0.0 0.2912249362686923 0.0 0.2395021670180178 0.0 0.9687436263429644 0.0 0.9669188097601344
0 0.915365 0.758301 0.083333 0.067383 0.0 0.0 0.17455280630947492 0.11806771570717159 0.0 0.0 0.31365154313163557 0.3196280772133825 0.0 0.0 0.9605511559429927 0.022361731982851376 0.0
0 0.546875 0.062500 0.156250 0.121094 0.26697976644271865 0.0 0.0 0.0 0.0 0.0 0.0 0.0 0.0 0.0 0.0 0.0 0.0
0 0.880208 0.541504 0.106771 0.083008 0.0 0.08922460453129546 0.0 0.1325069294897125 0.0 0.3303083127995735 0.0 0.3628723776200099 0.0 0.467725169464961 0.0 0.44220237444708693 0.0
0 0.903646 0.970703 0.151042 0.058594 0.0 0.0 0.2194454239418294 0.0 0.13603743476319705 0.0 0.2947956879415829 0.0 0.3155653890413254 0.0 0.9280463976551216 0.0 0.9698556393212584
0 0.079427 0.571777 0.145833 0.096680 0.0 0.039807192494845385 0.1336202620598423 0.03817167315233103 0.1401075368642239 0.3225769846731991 0.3204611581895434 0.31841065416149383 0.32962703755485523 0.23520937903222258 0.23118776626057036 0.24266121154361775 0.23013472808841995
0 0.962240 0.422852 0.072917 0.097656 0.0 0.23544069700713322 0.0 0.19136502341194617 0.0 0.33849989152584264 0.0 0.30050643627652807 0.0 0.4457443442645481 0.0 0.44248013001267894 0.0
0 0.966146 0.676270 0.067708 0.067383 0.0 0.2992117588557973 0.0 0.10822033787213352 0.0 0.2522649866752508 0.0 0.2387610456693537 0.0 0.40095439219930934 0.0 0.4573918102011008 0.0
0 0.839193 0.694824 0.191406 0.110352 0.0 0.11546409825327085 0.027210927738492804 0.08227144183505634 0.10350315782291675 0.29893500815096563 0.48517608731749445 0.3038538524792566 0.29866344702808084 0.44670808395643696 0.9702908539174492 0.5728011503783943 0.9713221568270509
0 0.550130 0.685547 0.108073 0.076172 0.0 0.0 0.1664807086864415 0.0 0.10079817763844733 0.0 0.3584099779052342 0.0 0.18802006445887523 0.0 0.9615795201831548 0.0 0.9875604003418207
0 0.966146 0.547852 0.067708 0.085938 0.0 0.16639961321988125 0.0 0.29337531601826305 0.026694614415396833 0.3498271909237408 0.0 0.3820094296047493 0.1668355350892867 0.46086054025294887 0.0 0.4462811414782411 0.49162229740111435
0 0.897786 0.210449 0.092448 0.059570 0.0 0.1809160773687232 0.0 0.1729546792508304 0.0 0.24298143804299074 0.0 0.2616709603183608 0.0 0.4538051817410156 0.0 0.43696362508548153 0.0
0 0.958333 0.801270 0.083333 0.067383 0.0 0.22456668944505886 0.0 0.30854689965300564 0.0 0.3237407293781159 0.0 0.27738314156207117 0.0 0.15066544926778636 0.0 0.1617957939931778 0.0
0 0.052083 0.657715 0.101562 0.079102 0.4632331321884171 0.0 0.0 0.0 0.0 0.0 0.0 0.0 0.0 0.0 0.0 0.0 0.0
0 0.037760 0.728516 0.072917 0.066406 0.0 0.0 0.32779821883502264 0.0 0.021310219006656788 0.0 0.269403596675136 0.0 0.27734492895267665 0.0 0.2597439219403087 0.0 0.25049491487630177
0 0.026693 0.791016 0.050781 0.056641 0.0 0.0 0.27789436927797895 0.0 0.0 0.0 0.21805616223200444 0.0 0.0 0.0 0.26901791484985693 0.0 0.0
