0 0.315104 0.620443 0.125000 0.126302 0.0 0.13912977885346767 0.0 0.09189233218973691 0.04958219189312136 0.3426272995988105 0.0 0.26909575531329033 0.43310264094878576 0.165934647902344 0.0 0.1688710659204662 0.12423662473792671
0 0.268880 0.362630 0.131510 0.149740 0.0 0.18066466166967404 0.0 0.1554720749807352 0.0 0.23757981636451617 0.0 0.28804143349285444 0.0 0.25365250901967873 0.0 0.20926318021306164 0.0
0 0.660156 0.328125 0.125000 0.187500 0.0 0.016924309501855687 0.10983956333141737 0.030156656090653274 0.18593113054016971 0.3483473343733806 0.3787549711754949 0.287970534414692 0.3029374985584121 0.5565089149067186 0.5652988079285336 0.5456053344624748 0.5592380232344687
0 0.398438 0.664714 0.117188 0.147135 0.0 0.1353523126253488 0.019822121516861878 0.13853755127481085 0.02395739807203077 0.45388820417043896 0.41859718103590454 0.40524225618157417 0.4184860944621307 0.11229268760074697 0.05305939996158726 0.08695030621528321 0.01279446593105686
0 0.380859 0.427734 0.149740 0.131510 0.0 0.13332905503461023 0.0 0.14409828589396115 0.0 0.34282806514401665 0.0 0.34220657589949605 0.0 0.22036737796578493 0.0 0.22576506902979393 0.0
0 0.051432 0.492839 0.100260 0.115885 0.0 0.1572075824963041 0.0 0.1851093761033402 0.0 0.29682437409240875 0.0 0.31742796844041204 0.0 0.24339809282815092 0.0 0.2591044366244786 0.0
0 0.456380 0.094401 0.152344 0.092448 0.0 0.03275901911930173 0.14692970564800795 0.03325478774059471 0.0620803799750461 0.24972428764890311 0.31427514787670463 0.24286656519110367 0.24390118410764455 0.5473064108710471 0.5832636861831888 0.5551764172035802 0.5670671396943215
0 0.156901 0.319010 0.113281 0.119792 0.0 0.1669050967260324 0.0 0.1374089170213951 0.0 0.1497946238528048 0.0 0.16974777769682747 0.0 0.23544251615589235 0.0 0.2342827702707445 0.0
0 0.173828 0.554036 0.183594 0.157552 0.0 0.13925865566080878 0.0854797268792267 0.08501623324662466 0.031318536717259655 0.3340314296850268 0.33796680090405073 0.31720636758089343 0.28605055425734116 0.23908027490784114 0.12122977257469643 0.19081483721058706 0.5251903059277989
0 0.866536 0.837891 0.134115 0.157552 0.022027510773410523 0.0 0.08595306316474612 0.0 0.218462264434646 0.0 0.2324342781448672 0.0 0.3056195241079894 0.0 0.817341915569166 0.0 0.8236187088975988
0 0.080078 0.288411 0.074219 0.115885 0.0 0.18345564652615434 0.0 0.16339075949528511 0.0 0.18553364038863232 0.0 0.26586429916911375 0.0 0.2318996970334068 0.0 0.23262341375738566 0.0
0 0.906901 0.196615 0.128906 0.106771 0.0 0.0 0.15126685168586984 0.0 0.16819404849457023 0.0 0.2899143198784551 0.0 0.2788936741578111 0.0 0.09370540036638822 0.0 0.11248046973946657
0 0.042969 0.205729 0.083333 0.213542 0.0 0.0 0.2347078504817472 0.04372548357470535 0.10803984367625 0.0 0.15756435572775365 0.15176808013700183 0.17147596061234674 0.0 0.3243914727070022 0.24143466135066502 0.3110217745712314
0 0.705729 0.515625 0.171875 0.190104 0.0 0.0 0.1416357270369485 0.036212370776553954 0.11265856468655866 0.0 0.3112882658539312 0.32697140525752266 0.31404996215952885 0.0 0.25331951137813047 0.2999249948280061 0.43551516166901943
0 0.470052 0.468750 0.083333 0.104167 0.0 0.11407645432859972 0.0 0.22152292917559196 0.0 0.2781633985433012 0.0 0.2931157527445978 0.0 0.2433413596892809 0.0 0.23831979030451073 0.0
0 0.065755 0.726562 0.128906 0.125000 0.04180957587563461 0.007135138267699633 0.14717296352246237 0.0 0.12064395629623736 0.31054409701415325 0.37085130136007644 0.0 0.3126564107522884 0.3824038260865272 0.13896743233976092 0.0 0.14355906300966034
0 0.652344 0.164062 0.109375 0.138021 0.0 0.0 0.1662001259483208 0.0 0.21070412073772693 0.0 0.31821349813694666 0.0 0.3181088991208997 0.0 0.5629109182519749 0.0 0.5505374247057432
0 0.617839 0.901693 0.136719 0.126302 0.0 0.020747055671183456 0.15587480369261503 0.04469735475942284 0.0778422758439665 0.280072539765839 0.26510731951497557 0.28383605669345363 0.32237599454341986 0.018273881474173633 0.503846411451193 0.040952166955388905 0.03033278035353919
0 0.199219 0.779297 0.114583 0.115885 0.0 0.0 0.1421492031448195 0.0 0.11389921705034861 0.0 0.3568021449906685 0.0 0.36020815621548513 0.0 0.11321052336117532 0.0 0.12024821620954987
0 0.927083 0.949870 0.104167 0.100260 0.09000182500988327 0.0 0.16029053455030984 0.0 0.36585750162007896 0.0 0.22957814403865745 0.0 0.30425248701347135 0.0 0.8101719624334405 0.0 0.82336614368029
0 0.530599 0.451172 0.095052 0.183594 0.0 0.0 0.11934833193936466 0.022252528801676025 0.09443172195232317 0.0 0.34246335133356753 0.3386201424231268 0.2800061670716515 0.0 0.566027144628924 0.21847194481603588 0.5296733106498251
0 0.438151 0.025391 0.178385 0.048177 0.2170418587806209 0.0 0.06456138157519871 0.0 0.0 0.0 0.501710645040585 0.0 0.0 0.0 0.5866991010932954 0.0 0.0
0 0.477865 0.169922 0.127604 0.069010 0.0 0.04058778870742776 0.12572817073763046 0.011001663149316342 0.13591324095670942 0.17037253092071647 0.3590699465793963 0.2720343931971693 0.25250764745251825 0.2140589393573704 0.6153137149548891 0.5540650175666175 0.5580550343717559
0 0.864583 0.562500 0.161458 0.156250 0.33277072509927685 0.0 0.0 0.0 0.0 0.0 0.0 0.0 0.0 0.0 0.0 0.0 0.0
0 0.973958 0.566406 0.052083 0.119792 0.0 0.22025851759893839 0.0 0.17630599738325778 0.0 0.15889232942950346 0.0 0.24992429613711523 0.0 0.465689635005847 0.0 0.5877601621260693 0.0
0 0.539062 0.773438 0.106771 0.122396 0.0 0.0 0.2834418671387476 0.0 0.0 0.0 0.39978295570304956 0.0 0.0 0.0 0.173657777732162 0.0 0.0
0 0.111328 0.923177 0.095052 0.070312 0.0 0.0 0.13744081942491979 0.0 0.1126640169671607 0.0 0.23764626041681922 0.0 0.31878360738033423 0.0 0.11362234582263177 0.0 0.1209426187751679
0 0.155599 0.858073 0.102865 0.075521 0.0 0.0 0.0 0.10315558206177843 0.2213156511094408 0.0 0.0 0.25615330275587794 0.28346246930922014 0.0 0.0 0.9978016517563687 0.08900890411167192
0 0.838542 0.278646 0.166667 0.132812 0.0 0.0 0.16263692104236668 0.004347846901041018 0.13999605921456412 0.0 0.3533472616746384 0.3756897787050368 0.18666357700128663 0.0 0.09743710198521949 0.12667647910078775 0.1139448670323545
0 0.943359 0.453776 0.113281 0.110677 0.01340465045407987 0.024094295538812722 0.17298098881633914 0.013241327100961906 0.08342828409035642 0.24623637587741973 0.1416766297089812 0.2577190410956012 0.30714651468485843 0.1368638377939231 0.12578717835289188 0.04631611609397528 0.09334333724884841
0 0.065755 0.058594 0.128906 0.114583 0.0 0.0 0.18385921814920592 0.0 0.17646238806065082 0.0 0.20151461913100058 0.0 0.249411905179214 0.0 0.3463891878620207 0.0 0.3148759744288788
0 0.122396 0.646484 0.106771 0.079427 0.0 0.0 0.15326996312524918 0.0 0.20748642887848 0.0 0.34268339106928025 0.0 0.27907439903001596 0.0 0.11216072328574443 0.0 0.10801792769974365
0 0.503906 0.720703 0.111979 0.134115 0.0 0.06021392458788312 0.054758252800226115 0.12396054211469268 0.0 0.1280307819519833 0.14951129960371734 0.23462433492684215 0.0 0.006843028661221793 0.9063016235104255 0.0729226761556245 0.0
0 0.791016 0.367839 0.128906 0.084635 0.02101437146617098 0.0 0.10645619749451277 0.0 0.10692974884763842 0.0 0.16910805759801786 0.0 0.29476605711518333 0.0 0.12241530368713395 0.0 0.10467848106449301
0 0.500000 0.311198 0.117188 0.106771 0.0 0.0 0.12053405744274522 0.0 0.12060083516789546 0.0 0.4309419163875993 0.0 0.229314213852862 0.0 0.5708632410980038 0.0 0.5655664211734578
0 0.555990 0.960286 0.080729 0.061198 0.0 0.0 0.0 0.0 0.2809997799863532 0.0 0.0 0.0 0.25367899961913754 0.0 0.0 0.0 0.02890627505519079
0 0.323568 0.958333 0.141927 0.083333 0.0 0.0 0.15463187179954785 0.0 0.20815737396747966 0.0 0.33822115307374395 0.0 0.22831143887886168 0.0 0.08805182511739658 0.0 0.09964836567279146
0 0.462891 0.690755 0.095052 0.128906 0.0 0.10592767515970786 0.0 0.11000353342291112 0.0 0.23504158991531626 0.0 0.3435063004974065 0.0 0.0628611287030445 0.0 0.08146093035926659 0.0
0 0.297526 0.028646 0.113281 0.054688 0.0 0.03750485899008382 0.042507064370732706 0.18275916482842391 0.08347680534252624 0.2945194629639756 0.09639475974688302 0.10190739205204705 0.089326634923829 0.37022810319909005 0.40091436981963396 0.41284326737752636 0.4478831319941867
0 0.437500 0.889974 0.153646 0.126302 0.0 0.0 0.1089671687896642 0.0 0.08976399761146456 0.0 0.24071086293959726 0.0 0.23735372560180362 0.0 0.04719966683614732 0.0 0.040699672482236764
0 0.031250 0.809896 0.059896 0.072917 0.0 0.0 0.22831828142631835 0.0 0.039205335803640495 0.0 0.32782614067302096 0.0 0.33534866764556437 0.0 0.10691673171398103 0.0 0.16920109268292075
0 0.487630 0.231120 0.123698 0.063802 0.0 0.0 0.140349021774283 0.0 0.12572444850844663 0.0 0.38601947916391943 0.0 0.2946433681670555 0.0 0.6152516380079454 0.0 0.47126016478129673
0 0.190755 0.021484 0.118490 0.040365 0.0 0.0 0.0 0.3797654894286849 0.0 0.0 0.0 0.13794783364522376 0.0 0.0 0.0 0.37281471607369415 0.0
0 0.973307 0.366536 0.053385 0.095052 0.0 0.0 0.0639128510532635 0.0 0.4053168474746661 0.0 0.32471286831256363 0.0 0.3479357044193856 0.0 0.12492854768323064 0.0 0.09698474367846788
0 0.944661 0.101562 0.110677 0.122396 0.0 0.018123151028189764 0.12460056794375729 0.017742425584522208 0.15613532268408542 0.15528305266534165 0.3390638462896386 0.2890435338994494 0.13528175455128977 0.11622425832349248 0.1189877250341447 0.11533548122091715 0.11179982296440531
0 0.086589 0.973307 0.105469 0.053385 0.0 0.0 0.08648847246726794 0.0 0.210387590768571 0.0 0.23714079229665247 0.0 0.3147030238689699 0.0 0.10652782833173925 0.0 0.15833259211163314
0 0.503255 0.333333 0.113281 0.075521 0.0 0.0 0.20893303644855193 0.0 0.2433586594177172 0.0 0.43541938482847764 0.0 0.22489317766776773 0.0 0.5745698756672706 0.0 0.5573619979424383
0 0.642578 0.052734 0.115885 0.087240 0.0 0.0 0.1385624905186328 0.0 0.19639408048969742 0.0 0.32197347567435575 0.0 0.35921253813962184 0.0 0.5602367853554288 0.0 0.5795985135863134
