0 0.916016 0.707031 0.138672 0.104167 0.0 0.10176752344500808 0.11045518167947124 0.04560490518368818 0.0976551114694113 0.35444211241463075 0.3691664242428 0.3639045533153101 0.3695641969872664 0.45035373537142664 0.4419195158066883 0.4422662803931164 0.42067693708711373
0 0.335938 0.548177 0.105469 0.169271 0.304522934245728 0.0 0.011018342698975071 0.00763043890983008 0.006423851260363824 0.0 0.3402930779728988 0.33883106818032055 0.3872125796814911 0.0 0.8966506760895167 0.5233689331807277 0.4686684601124063
0 0.769531 0.503906 0.078125 0.104167 0.0 0.06311377822687975 0.08520755422625899 0.08984916056638453 0.07593104013823951 0.2677599644053247 0.3207717271526089 0.28129479623209247 0.25841068009144724 0.4584006089055909 0.43843836190262664 0.45548770524248233 0.4333302756026127
0 0.592285 0.318359 0.065430 0.115885 0.0 0.1925773789595317 0.0 0.22126211795439518 0.0 0.30668435874533645 0.0 0.3167665875286133 0.0 0.44910176169656324 0.0 0.44384883522380836 0.0
0 0.191406 0.568359 0.091797 0.089844 0.029565783616933516 0.09201587895645637 0.08241742790341416 0.0 0.11392060118962737 0.3231455959756038 0.32365678483269694 0.0 0.30654473018847817 0.4396796675185123 0.4505344087361209 0.0 0.4269283911830182
0 0.913086 0.524740 0.111328 0.104167 0.0 0.10582299303222199 0.04929060687030443 0.1331412124781643 0.06343148378501408 0.38839561656094096 0.3766911941024786 0.3789148940483556 0.3788869419218635 0.438306344149395 0.42861355218201236 0.44448237321482287 0.44719222041414447
0 0.614258 0.692057 0.103516 0.147135 0.0 0.11114048586164191 0.040322810304485215 0.013916787594128484 0.1012861557532768 0.24533489605280195 0.41446202797280063 0.3704019692566075 0.3378015683039558 0.4467597657211567 0.9648870845736695 0.4352225339750545 0.9741204094390143
0 0.891602 0.853516 0.103516 0.069010 0.0 0.0 0.2217876942012866 0.0 0.20143577471485158 0.0 0.2785482843268334 0.0 0.2792534957042626 0.0 0.4482414146248219 0.0 0.4485285089797622
0 0.762695 0.701823 0.058594 0.135417 0.0 0.0844276616719851 0.11732750192738986 0.02636644200392282 0.11372090580998591 0.2617054056583194 0.19839248633747109 0.3580207874161401 0.257759791269671 0.42839508176843527 0.4741546969899054 0.4388678059350904 0.46444679607741235
0 0.921387 0.374349 0.100586 0.069010 0.0 0.0 0.21786508190825066 0.0 0.20752169746440954 0.0 0.3144748491228592 0.0 0.31820605609789304 0.0 0.446909228915893 0.0 0.4311241245006986
0 0.932129 0.244141 0.104492 0.079427 0.0 0.0 0.20138538752349278 0.0 0.16785875358184787 0.0 0.24676627326304074 0.0 0.22248282245400197 0.0 0.47719835023533 0.0 0.404759442522468
0 0.710449 0.334635 0.065430 0.114583 0.0 0.20580158934474543 0.0 0.24276681343963327 0.0 0.34782258498150104 0.0 0.3434916766613255 0.0 0.43938892913284205 0.0 0.4443055472063103 0.0
0 0.777832 0.335286 0.067383 0.095052 0.0 0.10484511567500304 0.10177090180813832 0.10667343881732523 0.03277372853723917 0.34355644565549975 0.3383900906887125 0.3156579978566879 0.3356981900183596 0.4467827606913624 0.5809726030854395 0.4621590104838402 0.44418253550187375
0 0.782715 0.416667 0.055664 0.070312 0.0 0.0 0.13896391747171405 0.0 0.15148888112367853 0.0 0.32602471363844576 0.0 0.3077845737173754 0.0 0.45753607834298327 0.0 0.43494736083410873
0 0.645996 0.483724 0.053711 0.123698 0.0 0.2553420318280053 0.0 0.1921716883975153 0.0 0.2869509883182221 0.0 0.2985923520638522 0.0 0.44530000251354335 0.0 0.44407931616280066 0.0
0 0.701172 0.487630 0.058594 0.118490 0.0 0.3079971933661481 0.0 0.1758354495217414 0.0 0.2850434205096329 0.0 0.29620869000916894 0.0 0.443451070305221 0.0 0.45592893546286556 0.0
0 0.652344 0.324870 0.054688 0.115885 0.0 0.22428719437943984 0.0 0.21842414166059015 0.0 0.3011736417933824 0.0 0.31243235217964244 0.0 0.4425917566166425 0.0 0.43862465120063804 0.0
0 0.198242 0.406250 0.082031 0.080729 0.0 0.0 0.2459124906456855 0.0 0.14417369145688924 0.0 0.24975056624552944 0.0 0.2653750376959962 0.0 0.5305001765363835 0.0 0.5252868224721324
0 0.185547 0.651042 0.087891 0.085938 0.0 0.0 0.22574548908891956 0.0 0.2248472931086242 0.0 0.29668270354039256 0.0 0.2963731404659196 0.0 0.4525201059961988 0.0 0.4457026320471556
0 0.698730 0.684245 0.069336 0.110677 0.0 0.19867968158521046 0.0 0.22697474252695454 0.0 0.24015128958661167 0.0 0.2640790994297164 0.0 0.44356946025083455 0.0 0.4405802861419943 0.0
0 0.198730 0.483073 0.090820 0.085938 0.0 0.0 0.10205854447974304 0.09183767892578172 0.10186631523791184 0.0 0.344056797571984 0.33748463777332344 0.33186977510552856 0.0 0.43319853010579484 0.44931518739855136 0.4534429059785771
0 0.512207 0.114583 0.063477 0.125000 0.0 0.18854223820984714 0.0 0.19671779161477151 0.0 0.27141899367694805 0.0 0.26905318211565077 0.0 0.4434588870772711 0.0 0.44736516839051255 0.0
0 0.595215 0.474609 0.055664 0.128906 0.0 0.13299396061300453 0.0 0.17888001285828892 0.0 0.23380011477382853 0.0 0.2195814518093499 0.0 0.4452949937081521 0.0 0.43138996304977895 0.0
0 0.534668 0.309896 0.065430 0.119792 0.0 0.22127854951961257 0.0 0.2117853576613804 0.0 0.2915306424605551 0.0 0.31127981328366044 0.0 0.4392242456828539 0.0 0.45842536960450514 0.0
0 0.912598 0.440755 0.094727 0.071615 0.0 0.0 0.1466459670172975 0.0 0.16625614924679394 0.0 0.3440590838113588 0.0 0.3283500734514698 0.0 0.44678303642779027 0.0 0.4547653823838731
0 0.032715 0.668620 0.063477 0.152344 0.0 0.0 0.10181265696403655 0.030372097181265014 0.024547544526112696 0.0 0.33070601148397494 0.30434819049841444 0.11533446232911036 0.0 0.63088077848545 0.8983026374277414 0.0880646684044128
0 0.645996 0.134766 0.053711 0.118490 0.0 0.21291440746289755 0.0 0.18125947004976353 0.0 0.2798938439292499 0.0 0.2939324489418371 0.0 0.45075618529552186 0.0 0.4442483253992634 0.0
0 0.893555 0.787760 0.099609 0.067708 0.0 0.0 0.21810211267649363 0.0 0.18787334161675254 0.0 0.2786848233592242 0.0 0.2795627297434733 0.0 0.4647318533883208 0.0 0.45243826104265883
0 0.926758 0.313151 0.099609 0.061198 0.0 0.0 0.1461488752149206 0.0 0.1539179706134628 0.0 0.24982370352369251 0.0 0.22342256203013283 0.0 0.45671096303212394 0.0 0.45009672041319704
0 0.581055 0.125000 0.072266 0.119792 0.0 0.21038195746053365 0.0 0.18425729029411342 0.0 0.32521218601888513 0.0 0.34875662302379096 0.0 0.446713548107773 0.0 0.4437916893077525 0.0
0 0.699219 0.139323 0.052734 0.125000 0.0 0.21105933141178568 0.0 0.19486881620826008 0.0 0.28572219658958703 0.0 0.2819358582250855 0.0 0.4507254494442569 0.0 0.4405253410646708 0.0
0 0.519043 0.477865 0.049805 0.111979 0.0 0.21752595140778713 0.0 0.1863597640572592 0.0 0.3111288624705462 0.0 0.30787223207427755 0.0 0.2737556275041803 0.0 0.3436890439599722 0.0
0 0.169434 0.872396 0.092773 0.078125 0.0 0.0 0.1524846020987249 0.0 0.18222046607118825 0.0 0.3015275510787437 0.0 0.22040467334644614 0.0 0.4478076833829656 0.0 0.4565796742914443
0 0.183594 0.727865 0.089844 0.072917 0.0 0.0 0.1609358320839887 0.0 0.2293919611647907 0.0 0.2890218261093007 0.0 0.26746121005513773 0.0 0.44901139513088106 0.0 0.45308515584804987
0 0.782227 0.149740 0.091797 0.101562 0.0 0.0 0.13478188846368525 0.14425857454104346 0.15762780313321334 0.0 0.30908907707294325 0.3064753367237819 0.31287528180159835 0.0 0.4543350437838399 0.6074809747227967 0.4505884940334378
0 0.157227 0.939453 0.101562 0.066406 0.0 0.0 0.2589190419654884 0.0 0.22132869512680714 0.0 0.2483130719976749 0.0 0.2563118890371528 0.0 0.4554712836977665 0.0 0.42878000357755025
0 0.433105 0.406250 0.073242 0.078125 0.0 0.0 0.10032631885634333 0.0295500056524349 0.1432540256929405 0.0 0.20281528018258557 0.27594293965790057 0.199991006560059 0.0 0.9733567740538865 0.022249413316499853 0.9970827465186892
0 0.726562 0.847656 0.121094 0.153646 0.3144177903911262 0.0 0.010076082493755136 0.006278162827314699 0.007154341001153845 0.0 0.22148662270331249 0.16454883804402273 0.26946937875918925 0.0 0.7160725411019134 0.7958046886050264 0.6678665660502039
0 0.935059 0.170573 0.096680 0.072917 0.0 0.0 0.16517751788855786 0.0 0.19194465609104272 0.0 0.24092272314556037 0.0 0.2153087138606794 0.0 0.43392391516839807 0.0 0.4312482821616113
0 0.177734 0.327474 0.101562 0.100260 0.0 0.0 0.2244803287515718 0.0 0.18211322954366088 0.0 0.2725828602743998 0.0 0.2933989822735913 0.0 0.8712372126826435 0.0 0.9035149656835391
0 0.312012 0.927083 0.098633 0.080729 0.0 0.0 0.20141853960739703 0.0 0.16235821451417173 0.0 0.29583034412792325 0.0 0.2928914564964106 0.0 0.4576364631510343 0.0 0.4386570642453149
0 0.314941 0.854167 0.098633 0.072917 0.0 0.0 0.1406777019570666 0.0 0.12325465690732397 0.0 0.2758168807552742 0.0 0.27465477773080954 0.0 0.4538913091607608 0.0 0.4365180007792484
0 0.430176 0.901693 0.112305 0.110677 0.2801860810280855 0.0 0.0533715482489983 0.0 0.06424420296445318 0.0 0.38046728449869305 0.0 0.34045853708401436 0.0 0.4338170891125041 0.0 0.45799955284686483
0 0.095215 0.182943 0.092773 0.102865 0.0 0.0 0.15056591891168708 0.0 0.15262134214726253 0.0 0.28137606813136856 0.0 0.2838333332596938 0.0 0.9621869862492107 0.0 0.9631013411420235
0 0.888184 0.924479 0.108398 0.072917 0.0 0.0 0.18491771572882934 0.0 0.17652206723271907 0.0 0.2767271789690082 0.0 0.27987200096662457 0.0 0.43800273812918755 0.0 0.4412680178920384
0 0.177734 0.800781 0.089844 0.072917 0.05581149505420229 0.0 0.15529798044628237 0.0 0.15291853315885945 0.0 0.2997685673686388 0.0 0.29234412144846594 0.0 0.4442275543521387 0.0 0.44814495591237047
0 0.363281 0.317057 0.148438 0.154948 0.0 0.052135217995630825 0.033139230569564956 0.029609167270988 0.04275248887285287 0.3677343004497995 0.3698002647426685 0.4145919829633116 0.36410419373036823 0.46107941570442457 0.9720211305616905 0.4514622194186491 0.9536474486388367
0 0.136719 0.231771 0.093750 0.093750 0.0 0.0 0.16755787485808588 0.0 0.10889820864565276 0.0 0.25990756802630066 0.0 0.261027652198243 0.0 0.9828626898312517 0.0 0.9698674783158197
0 0.476562 0.449870 0.068359 0.092448 0.0 0.12795795702915105 0.0 0.1744003615582106 0.0 0.28783143973071157 0.0 0.28469232014155776 0.0 0.13605575532165537 0.0 0.11791963614280379 0.0
0 0.438477 0.716146 0.095703 0.138021 0.0 0.0 0.19690731029314928 0.0 0.16574117555278223 0.0 0.2923767767320127 0.0 0.2879546264967243 0.0 0.7015573950854199 0.0 0.6926924633600247
0 0.928223 0.096354 0.081055 0.078125 0.0 0.0 0.1841964692743069 0.0 0.18828527712151386 0.0 0.2715061493801073 0.0 0.315935042007287 0.0 0.44625225483828973 0.0 0.4479799688984192
0 0.472168 0.290365 0.067383 0.091146 0.0 0.1655769140792736 0.0 0.15236803251172987 0.0 0.29776761324373296 0.0 0.3108942364876949 0.0 0.4415304211106134 0.0 0.44296933453168336 0.0
0 0.403320 0.636068 0.070312 0.084635 0.0 0.0 0.05447194857649165 0.0 0.11856185257739255 0.0 0.27061923739879834 0.0 0.19978619832467132 0.0 0.9777556814978425 0.0 0.9772806620769883
0 0.984375 0.520833 0.031250 0.114583 0.0 0.18446088682509615 0.0 0.19181334192452457 0.0 0.3219332931322727 0.0 0.32562616174263326 0.0 0.44132862696613495 0.0 0.442755170155708 0.0
0 0.054199 0.128906 0.102539 0.101562 0.0 0.0 0.12874300182876272 0.0 0.1553697904863247 0.0 0.2912249362686923 0.0 0.2395021670180178 0.0 0.9687436263429644 0.0 0.9669188097601344
0 0.335449 0.094401 0.047852 0.126302 0.0 0.12389697549722223 0.0 0.12298050203881489 0.0 0.2974303681172551 0.0 0.2921243725195127 0.0 0.44281996082591174 0.0 0.4184503973401623 0.0
0 0.283691 0.087891 0.059570 0.118490 0.0 0.16677941700886018 0.0 0.15068548116065544 0.0 0.2840349526185661 0.0 0.2858355149791696 0.0 0.44639670322127517 0.0 0.4420401252405984 0.0
0 0.033691 0.069010 0.065430 0.111979 0.0 0.0 0.3220320774223152 0.0 0.059284393121295624 0.0 0.2635512624945494 0.0 0.2395427535270106 0.0 0.9751116945096739 0.0 0.9715030809490653
0 0.320312 0.777344 0.101562 0.080729 0.0 0.0 0.16891559945786716 0.0 0.16621945200549576 0.0 0.2819251465068896 0.0 0.27202294774047947 0.0 0.4542510712094351 0.0 0.3902899144387681
0 0.388672 0.100260 0.060547 0.122396 0.0 0.196603126345252 0.0 0.19163451468860412 0.0 0.28995857601165576 0.0 0.2793431824100629 0.0 0.4502184976258604 0.0 0.4404112010145411 0.0
0 0.577148 0.908203 0.099609 0.165365 0.0 0.0 0.13495236576565092 0.0 0.1460577316306083 0.0 0.34389962302914034 0.0 0.3266664216963063 0.0 0.7825073979463895 0.0 0.6096582935665563
0 0.449219 0.103516 0.062500 0.128906 0.0 0.1636413461603673 0.0 0.18244161222298147 0.0 0.2657966910226362 0.0 0.27278971024746607 0.0 0.43943507246381497 0.0 0.4472238593656837 0.0
0 0.315918 0.684896 0.084961 0.096354 0.0 0.0 0.10701195431514715 0.0 0.1682286325498482 0.0 0.2560069311390232 0.0 0.3903261874040929 0.0 0.48243104792215424 0.0 0.44170636425477183
0 0.990723 0.728516 0.018555 0.141927 0.0 0.17022510636057378 0.0 0.16109210635575508 0.0 0.2813992212857209 0.0 0.27810187965739835 0.0 0.3852906434847284 0.0 0.4939883432289826 0.0
0 0.474121 0.313802 0.094727 0.143229 0.0 0.06816276225603622 0.0 0.05378972713746414 0.0 0.30212497835854374 0.0 0.31652099550702695 0.0 0.44794897754664664 0.0 0.4485430947711398 0.0
0 0.437500 0.818359 0.103516 0.061198 0.0 0.0 0.15741999920056654 0.0 0.16772496210380172 0.0 0.21416386046902416 0.0 0.20157105209545617 0.0 0.44432382681712723 0.0 0.4361974372342025
0 0.796875 0.068359 0.074219 0.066406 0.0 0.0 0.19258036376847673 0.0 0.14891896106800423 0.0 0.29050767510773823 0.0 0.2957407481927068 0.0 0.456035130043312 0.0 0.4580806044250156
0 0.019043 0.466146 0.036133 0.145833 0.020310151448880726 0.0 0.0 0.0 0.0 0.0 0.0 0.0 0.0 0.0 0.0 0.0 0.0
0 0.222656 0.067057 0.070312 0.095052 0.0 0.18867703588078005 0.0 0.25923575130663484 0.0 0.3237407293781159 0.0 0.27738314156207117 0.0 0.15066544926778636 0.0 0.1617957939931778 0.0
0 0.185547 0.026693 0.060547 0.050781 0.0 0.0 0.09475411300707544 0.0 0.08782153523947585 0.0 0.302427182332093 0.0 0.297562529541074 0.0 0.9780732094032573 0.0 0.9774201497180384
0 0.649902 0.970703 0.055664 0.058594 0.0 0.0 0.20845061621140532 0.0 0.3252509866621895 0.0 0.3164964175704126 0.0 0.2529247316618626 0.0 0.9727722236974196 0.0 0.9554662521238201
0 0.931641 0.028646 0.083984 0.054688 0.0 0.0 0.19683147324174088 0.0 0.1849401675843913 0.0 0.2723270602594643 0.0 0.26736611562927615 0.0 0.47156274929318504 0.0 0.40829854298640544
0 0.558105 0.479167 0.022461 0.111979 0.0 0.06718692403529544 0.0 0.17416310542441366 0.0 0.41637639164855333 0.0 0.17478914564401085 0.0 0.3635222993629622 0.0 0.41124963246218094 0.0
0 0.311523 0.983724 0.091797 0.032552 0.0 0.0 0.21535707023998776 0.0 0.1922131484920064 0.0 0.3047079157551594 0.0 0.29150403381823026 0.0 0.4360947627300397 0.0 0.4487815295430156
0 0.432129 0.978516 0.106445 0.042969 0.0 0.0 0.3347708677010752 0.0 0.2738796252332745 0.0 0.2575313961402382 0.0 0.25664626802376433 0.0 0.4424301568697413 0.0 0.4560192533335058
