0 0.488932 0.570801 0.113281 0.081055 0.0 0.09899952602149405 0.0 0.16907717114778362 0.0 0.3636888856259559 0.0 0.3523511650076585 0.0 0.9175523349786389 0.0 0.9120890386794472 0.0
0 0.581380 0.232422 0.147135 0.095703 0.0 0.10907035724009324 0.08465021520703675 0.11772610613266346 0.0 0.18369904717399313 0.3116056981921615 0.3288194652239499 0.0 0.8625902580734908 0.8421647772060049 0.8576852917934528 0.0
0 0.487630 0.270996 0.128906 0.108398 0.015091767005177436 0.10357657799482385 0.0 0.19170597740834278 0.0 0.304886814628057 0.0 0.31526027159018893 0.0 0.9149153779404248 0.0 0.9043200779535122 0.0
0 0.790365 0.376465 0.145833 0.104492 0.0 0.046143295590257837 0.10241579307050351 0.033929592388167146 0.10760679300572615 0.32239135906125266 0.3660286149852195 0.23103014862194118 0.3616268839041461 0.8612775288144201 0.881105759945636 0.7371386760039715 0.8819425691169671
0 0.464844 0.417969 0.109375 0.091797 0.0 0.04935895769940383 0.09901234970243772 0.0 0.1132571796467934 0.30087409993876957 0.31265650394030786 0.0 0.31739129754258116 0.8672050374407146 0.8907317100457744 0.0 0.9180692968162033
0 0.695964 0.306152 0.141927 0.116211 0.0 0.17461277806419806 0.021372661951246177 0.07609330433071436 0.024505426664170524 0.4016654717247221 0.3625490946628916 0.3894375950404502 0.3442482780164221 0.8546462321449648 0.8548921517054068 0.8519112421664689 0.857717897091952
0 0.595052 0.355469 0.119792 0.093750 0.0 0.11124690611487469 0.0 0.06724590475642415 0.0 0.2957672569831665 0.0 0.22998665797677262 0.0 0.8753291680034909 0.0 0.8838750829834358 0.0
0 0.699870 0.566895 0.100260 0.086914 0.0 0.08949158114300736 0.0 0.19503600618721842 0.0 0.16863751073994357 0.0 0.08736889249857877 0.0 0.8895300419798366 0.0 0.8975387246360647 0.0
0 0.864583 0.483887 0.091146 0.088867 0.0 0.01792676593127695 0.09491782766780055 0.0 0.12770520584709025 0.2781173057278048 0.2837646008506605 0.0 0.2974385402859833 0.870262685459157 0.8839185204576959 0.0 0.8978115628658716
0 0.094401 0.542969 0.110677 0.099609 0.015069725349453212 0.011927843725118029 0.0768574764570775 0.03991034099517755 0.15685117219373318 0.23215258490407378 0.18105711403222635 0.1660667664488955 0.16315633556837306 0.7467953289985968 0.7569586060048329 0.7475766469845755 0.7763400407743395
0 0.402344 0.192383 0.135417 0.074219 0.18479828493771736 0.0 0.0 0.0 0.0 0.0 0.0 0.0 0.0 0.0 0.0 0.0 0.0
0 0.410807 0.492188 0.149740 0.083984 0.0 0.0 0.1661508701870142 0.0 0.11222070356978386 0.0 0.2973593766316058 0.0 0.27623405154520303 0.0 0.9433404472390068 0.0 0.9235704786800492
0 0.294922 0.234863 0.152344 0.079102 0.0 0.1472386938063394 0.06159831493612425 0.0 0.01971489180892976 0.20326070191403517 0.17092573661675725 0.0 0.3822866380842414 0.8942966128607588 0.9301464899876084 0.0 0.9434735263976646
0 0.554688 0.503906 0.101562 0.101562 0.053821684172876416 0.0 0.17855242855590295 0.00818787210493992 0.04923384799554521 0.0 0.35424373105146895 0.36795853623926766 0.35371554638056557 0.0 0.8801420709201004 0.8727585706542862 0.9320965322056493
0 0.759115 0.654785 0.122396 0.084961 0.0 0.12103318121016242 0.009343246476675587 0.1077403119602833 0.020792901551794665 0.40852262977970727 0.3947611245062837 0.4021920232097588 0.3686169247155722 0.9171989865255767 0.9389578164459604 0.8968302374682657 0.9327176240741756
0 0.235026 0.687500 0.110677 0.093750 0.0 0.13559286573775126 0.08598409881395594 0.09143318353961558 0.13238528156194695 0.22937669717302633 0.3088998682593064 0.2580645865636627 0.2730454287930443 0.7976898808414106 0.8222926824635067 0.8993310962139689 0.9169750901543736
0 0.351562 0.443359 0.096354 0.076172 0.0 0.0 0.11854345549546944 0.0 0.10342805925798416 0.0 0.3004997758146893 0.0 0.25026873841405417 0.0 0.8992015240715442 0.0 0.9276969796882715
0 0.557943 0.134766 0.097656 0.117188 0.0 0.0 0.20189717593593481 0.0 0.0 0.0 0.1889700672224471 0.0 0.0 0.0 0.8279565038580583 0.0 0.0
0 0.406901 0.602051 0.108073 0.100586 0.0 0.05137132637330758 0.09529255814230025 0.050635522064013644 0.08994652870432632 0.18198183183626734 0.2089874519042212 0.12238994707092653 0.21437376604695166 0.9018905141563224 0.9224418119049435 0.9294869064877354 0.8912028236069489
0 0.822917 0.743164 0.111979 0.089844 0.0 0.0 0.06481645703113767 0.025307326351094603 0.18728506949545745 0.0 0.30927920135359477 0.26132562697510486 0.2709968895608147 0.0 0.8611176304387402 0.9152066405806042 0.8695027058045377
0 0.113281 0.301758 0.098958 0.068359 0.0 0.07029578271594167 0.0 0.053322584829490885 0.22530869139767457 0.30020810720222146 0.0 0.1461590976425333 0.1822000353432893 0.7494033538727716 0.0 0.7461410930030209 0.7285514307879333
0 0.755208 0.536133 0.083333 0.093750 0.021994448195072885 0.0850323559102345 0.018570952162756824 0.044659161219759866 0.03290824407392748 0.3273955771244516 0.3714501222666347 0.24043699006076327 0.3566912541448479 0.8877088161452127 0.8229179871438259 0.8834188263468787 0.9094311447647325
0 0.384766 0.097656 0.092448 0.060547 0.0 0.1454587782567859 0.0 0.09377248615741546 0.0 0.31732788508063153 0.0 0.33212394810826507 0.0 0.9286213395475613 0.0 0.8715208265401935 0.0
0 0.620443 0.478516 0.092448 0.093750 0.0 0.0 0.08650418006318508 0.01631712914854012 0.08382932190531062 0.0 0.19623157310171002 0.2212648093087549 0.2052845139367896 0.0 0.8736944861800947 0.897834054426677 0.8508353431383026
0 0.651042 0.605469 0.098958 0.099609 0.0 0.03446152581864059 0.0 0.14070710178670356 0.19194878843280055 0.24220581464864913 0.0 0.14523062088901698 0.18468046595541282 0.881278262770572 0.0 0.9410147665829367 0.5407040031791487
0 0.475260 0.153809 0.101562 0.077148 0.0 0.1529441031144518 0.0 0.16342510099184232 0.0 0.2187198471600102 0.0 0.22256824939152675 0.0 0.8839605539486268 0.0 0.8593778126697822 0.0
0 0.145182 0.110352 0.110677 0.062500 0.0 0.017658265424218146 0.16276090834443202 0.01763681825264844 0.2404425371375706 0.3047391395672137 0.1903258432141188 0.3755338121954833 0.33411330327834626 0.8089797997140977 0.8514909072262172 0.8882108111775691 0.8526483789079872
0 0.703776 0.432129 0.087240 0.088867 0.0 0.11392162555750683 0.0 0.07102500656660918 0.0 0.21056865355666848 0.0 0.12574695415137507 0.0 0.8847668198346514 0.0 0.8863696577958018 0.0
0 0.429036 0.055176 0.089844 0.102539 0.0 0.13362881461242135 0.0 0.12555723600983434 0.0 0.28740064946682414 0.0 0.15690720603945768 0.0 0.8722775912643107 0.0 0.8763434713311584 0.0
0 0.811198 0.509766 0.075521 0.097656 0.0 0.0 0.14786817799875057 0.0 0.13052032360194538 0.0 0.3198189857603019 0.0 0.31811388828242004 0.0 0.8849147732126547 0.0 0.8772120158930761
0 0.304036 0.967285 0.199219 0.065430 0.0 0.13265912384766448 0.0 0.04851405807104478 0.0 0.3087121465909033 0.0 0.30951845583355153 0.0 0.9435651863236233 0.0 0.9294491028198966 0.0
0 0.287760 0.127441 0.122396 0.083008 0.0 0.0 0.09010441166450137 0.1017197365615887 0.10079866754116398 0.0 0.26698180721681386 0.24696557764989796 0.3327386180195733 0.0 0.9240150824317639 0.9044774933726318 0.9606965568372832
0 0.899740 0.685059 0.088542 0.098633 0.0 0.11399230825521002 0.01468163860167827 0.23508463626481307 0.01749324019440182 0.2180107401604132 0.3300643031457642 0.3385872213108789 0.5585090316420218 0.9379457620204814 0.8756476546642507 0.9014131114972593 0.9080082763867927
0 0.895182 0.205078 0.084635 0.068359 0.0 0.12521804405624753 0.0 0.11575358706191256 0.0 0.36548422120917967 0.0 0.2339493384524533 0.0 0.8687995071569586 0.0 0.7805258251075855 0.0
0 0.249349 0.345215 0.089844 0.053711 0.0 0.0 0.22446448222291715 0.0 0.13451945215040256 0.0 0.17303614521850308 0.0 0.20412165939694765 0.0 0.944483173866033 0.0 0.9271784924392767
0 0.831380 0.081543 0.337240 0.161133 0.013572668647524542 0.133441846024508 0.022182599211235943 0.13940878889502326 0.048281968742410766 0.3084455505821632 0.2117100133046313 0.35280398682179487 0.3416107018375662 0.8470805153529205 0.8392763281515019 0.851201644484532 0.8479947396753879
0 0.478516 0.038086 0.087240 0.074219 0.0 0.04926425385331948 0.10548821797055308 0.0 0.08238784041019842 0.21600556367017296 0.18043951074504738 0.0 0.2200701371460031 0.8850358306833852 0.798341691293425 0.0 0.8994799831946461
0 0.779297 0.701172 0.095052 0.068359 0.0 0.0 0.041654213254980754 0.0 0.17770237259929716 0.0 0.29738460813272327 0.0 0.2724119315586712 0.0 0.83808483883784 0.0 0.8963078587745978
0 0.347005 0.292969 0.097656 0.062500 0.023699226178664545 0.0 0.10555195223083991 0.0 0.09769865401410463 0.0 0.27790182355894943 0.0 0.2746339969853031 0.0 0.9356187543240704 0.0 0.977186860812387
0 0.181641 0.272949 0.102865 0.067383 0.0 0.051970771384937345 0.09441967057150831 0.0 0.023112297588852266 0.3593606651008909 0.3547796065283668 0.0 0.3055795088169897 0.7648564741118521 0.9660425141991968 0.0 0.9181905706194663
0 0.193359 0.726562 0.084635 0.072266 0.0 0.14869646985430934 0.0 0.16935060640623062 0.0 0.1963332335935822 0.0 0.3149746035904814 0.0 0.7379405199766107 0.0 0.9077325922448318 0.0
0 0.197917 0.165527 0.125000 0.090820 0.0 0.0338354844075506 0.009110888372761765 0.2233068795010508 0.044675105605187226 0.29004024956676916 0.338504831028714 0.22186149597071841 0.32154543747658243 0.8533205069306875 0.9496227394344862 0.9107738089757444 0.400044946116791
0 0.931641 0.329590 0.082031 0.069336 0.0 0.11914705650863638 0.0 0.09575764641123888 0.0 0.1196161632464229 0.0 0.24597913041635888 0.0 0.9006193853342879 0.0 0.8797881634025683 0.0
0 0.116536 0.074219 0.105469 0.064453 0.0 0.02218541240320312 0.17077095104555837 0.025763594861824727 0.12377002149442484 0.32229437022336127 0.16559840725357733 0.30317969537771017 0.34069857552290594 0.8032867611499013 0.8468594697865177 0.8745045946791139 0.8387004125185492
0 0.377604 0.347656 0.085938 0.060547 0.0 0.0 0.0 0.06105106387897442 0.20462956220380774 0.0 0.0 0.35286949855645083 0.26469813813949794 0.0 0.0 0.8736831885404291 0.942778340939623
0 0.665365 0.456543 0.070312 0.079102 0.0 0.020654681667035543 0.07727872441006614 0.049796007260406706 0.050523706152914266 0.24017538694593285 0.35211142245933913 0.31602556087979455 0.3310455310587125 0.9425520415967381 0.9108956419651397 0.8637135408639154 0.8765403546829329
0 0.837240 0.231445 0.070312 0.068359 0.0 0.046379836746113005 0.05415099921929623 0.0 0.12554998897142888 0.3166459733275686 0.30727395839903965 0.0 0.12982750692701597 0.8493635208547704 0.8564332919427766 0.0 0.7040706667647735
0 0.109375 0.960938 0.111979 0.078125 0.0 0.13394015646307578 0.04431203497006837 0.07177595004693714 0.11442580999997709 0.28215503084567384 0.3739391663325339 0.3246108061441812 0.26113673671435805 0.9128267427162051 0.8867509999065002 0.9190071475622763 0.6930437837489238
0 0.880859 0.357910 0.082031 0.071289 0.0 0.0688061702621413 0.0 0.17742182342808246 0.0 0.10034308131611161 0.0 0.31097736864370146 0.0 0.8883845433650349 0.0 0.8718892393549253 0.0
0 0.369141 0.632812 0.079427 0.066406 0.022241962671797965 0.04749891637427809 0.015209132909615872 0.17144569053591213 0.17712345551565387 0.21115969327033482 0.22650250876619202 0.15697706403291528 0.20490496086039303 0.7070950706783415 0.9105761796058249 0.8051698971616518 0.8929261562255337
0 0.162760 0.522461 0.070312 0.105469 0.0 0.14420875239542721 0.0 0.12362226066250834 0.0 0.2305168411735699 0.0 0.2810564437218282 0.0 0.8452121318772368 0.0 0.927640962019117 0.0
0 0.180990 0.398926 0.070312 0.084961 0.0 0.13072210873436418 0.0 0.13550829020156124 0.0 0.1687990391597809 0.0 0.21970419322356835 0.0 0.8052511235551969 0.0 0.7730247934671814 0.0
0 0.951823 0.661621 0.080729 0.081055 0.0 0.08627551196581408 0.0 0.16930177725454051 0.0 0.2857253448881656 0.0 0.3828752078500286 0.0 0.9047124900309041 0.0 0.8975287070252819 0.0
0 0.053385 0.174805 0.083333 0.060547 0.0 0.0 0.1460818809035595 0.0 0.1301738056551192 0.0 0.3436716945845944 0.0 0.2689171538628453 0.0 0.8411471648996467 0.0 0.8352113613028892
0 0.225911 0.385742 0.074219 0.091797 0.0 0.10171744600559293 0.019817155983207598 0.0 0.029407579616650463 0.11877976769932704 0.3469244795697132 0.0 0.39790529321300294 0.8825558117093275 0.8947408034155997 0.0 0.8865236886795455
0 0.042969 0.329590 0.080729 0.088867 0.0 0.01771851847098206 0.1104452141088521 0.08633936189960095 0.0395086403071506 0.41381156582116874 0.3783914178281406 0.29727463082906863 0.43945968560705345 0.7461419834589896 0.7438058063794917 0.7494198920537984 0.7405801528262335
0 0.147135 0.608398 0.104167 0.042969 0.0 0.0 0.0 0.3361633479036425 0.0 0.0 0.0 0.16019474145914178 0.0 0.0 0.0 0.8729763777978191 0.0
0 0.936849 0.556641 0.097656 0.085938 0.0 0.0 0.1719559880417015 0.0 0.09631523073766345 0.0 0.21416696415342917 0.0 0.2949183895953447 0.0 0.8996901102701724 0.0 0.9160105260183797
0 0.888021 0.872070 0.106771 0.150391 0.0 0.027221332387343825 0.057640925965117565 0.043617386282726246 0.08693225049568917 0.2444659455426862 0.3088981750949362 0.25225593361279075 0.30123248208180303 0.829488032334412 0.6427733477571078 0.728725070856065 0.7991523086931012
0 0.556641 0.801758 0.553385 0.396484 0.0 0.06234493684340967 0.04278018537920264 0.043428060382108044 0.039156547111343705 0.219751195077136 0.344503916019391 0.2957664063188125 0.38310765047636175 0.8947295229498933 0.8396536955721806 0.8925298665580589 0.839197539090363
0 0.198568 0.496094 0.066406 0.074219 0.0 0.08615054232104885 0.0 0.16284894857777596 0.0 0.3068836412350022 0.0 0.1813311994799024 0.0 0.759955130363451 0.0 0.8352719501410648 0.0
0 0.083333 0.427734 0.151042 0.107422 0.0 0.06141500064790005 0.024363433709603827 0.14233063915703223 0.023945074920633795 0.3512138205457962 0.24808504810898907 0.32598150183296054 0.222590398896165 0.7203392661081127 0.7044204511872904 0.7450021210134259 0.7640426510486957
0 0.306641 0.385742 0.076823 0.052734 0.0 0.0 0.1169542690865682 0.15389344452109227 0.0 0.0 0.23583744310334787 0.2689830477291378 0.0 0.0 0.9681698145616926 0.8012777950779486 0.0
0 0.089193 0.836426 0.105469 0.075195 0.0 0.37807378188994467 0.0 0.0 0.0 0.1565832284416287 0.0 0.0 0.0 0.5857018264382703 0.0 0.0 0.0
0 0.925130 0.802734 0.076823 0.074219 0.0 0.13311981285672808 0.0 0.17056440665408246 0.0 0.29613609779960226 0.0 0.24191421820672482 0.0 0.8833067698513093 0.0 0.8949686762333707 0.0
0 0.244141 0.471191 0.071615 0.063477 0.0 0.06592419120372221 0.08101990780812182 0.0 0.0 0.16325244271519693 0.17630824864716627 0.0 0.0 0.8171351973650746 0.025643817488558953 0.0 0.0
0 0.091797 0.037598 0.100260 0.063477 0.0 0.0 0.15295480029781197 0.0 0.21053392687009503 0.0 0.12023478809145156 0.0 0.23674960789013696 0.0 0.8322343651717233 0.0 0.8310195983182616
0 0.298177 0.454102 0.059896 0.068359 0.0 0.0 0.0 0.0 0.32458807455638 0.0 0.0 0.0 0.2490228505401017 0.0 0.0 0.0 0.9155903934934331
0 0.525391 0.393066 0.082031 0.088867 0.0 0.15904962896695457 0.0 0.17784854543608866 0.0 0.36750315432177 0.0 0.3209848925900418 0.0 0.9210266245364519 0.0 0.8628495219339085 0.0
0 0.805339 0.752441 0.082031 0.073242 0.0 0.0 0.042179380624557554 0.03805750958483538 0.2507668312669166 0.0 0.33533568528507063 0.2609191142665765 0.28508298709319974 0.0 0.8518268766423911 0.9243506701684453 0.8168588578012509
0 0.970703 0.789062 0.032552 0.080078 0.0 0.06187353349658488 0.0 0.17231372837474274 0.0 0.2009490804534583 0.0 0.1136964886150773 0.0 0.9069954428154855 0.0 0.8044127760159938 0.0
0 0.196615 0.841797 0.122396 0.107422 0.2207144586169838 0.16718560069535074 0.01725036306378226 0.0 0.0 0.31637976114566424 0.4811814783487245 0.0 0.0 0.6248816601167344 0.8334395520507721 0.0 0.0
0 0.068359 0.726562 0.134115 0.111328 0.0 0.19378358267389695 0.0 0.21985525312268306 0.0 0.28383648625118274 0.0 0.26982885072674406 0.0 0.5888363764786633 0.0 0.5354029043459676 0.0
0 0.311849 0.658203 0.079427 0.066406 0.0 0.0 0.20216897093990932 0.0 0.1552066985996176 0.0 0.25531216641133964 0.0 0.24589805926485597 0.0 0.895097604908742 0.0 0.9136100939800741
