0 0.300293 0.875977 0.081055 0.134766 0.3248585847956804 0.0 0.0 0.0 0.015341767733336372 0.0 0.0 0.0 0.07685296094499727 0.0 0.0 0.0 0.4181100338381381
0 0.315430 0.555664 0.089844 0.117188 0.0 0.0 0.16739425130260283 0.0 0.16154304059276633 0.0 0.3025258921889456 0.0 0.3083886560306756 0.0 0.4843089198565685 0.0 0.4727615648090228
0 0.346680 0.079102 0.117188 0.130859 0.0 0.10417060691678116 0.08701204509618893 0.02373934657076073 0.1250914913681536 0.44974217282161755 0.190466092988199 0.28963569841723513 0.41957241125945727 0.5282628952671032 0.5056505681951258 0.508723110325451 0.4740054181478728
0 0.433105 0.687988 0.108398 0.133789 0.0 0.0 0.08965294387028591 0.03875885048164071 0.08674735652922921 0.0 0.2822251840268296 0.3013109340132421 0.2916148451152091 0.0 0.4626777427716497 0.5001154023694382 0.459857782276506
0 0.317383 0.438477 0.087891 0.115234 0.0 0.0 0.15759613378757337 0.0 0.1521389791976156 0.0 0.3287565306255559 0.0 0.3571847264396765 0.0 0.47997632098000814 0.0 0.47466931253519784
0 0.456543 0.077637 0.100586 0.135742 0.0 0.024865214643538705 0.10933763121520904 0.018054418025650693 0.06563801938662574 0.3110852159210506 0.3126138093693141 0.30089227138548696 0.29124484949872725 0.5153702301897872 0.6723280099364708 0.4942997239641443 0.4814890828045656
0 0.441895 0.560547 0.090820 0.113281 0.0 0.0 0.14420764864584 0.0 0.16101002977984852 0.0 0.3568721652137208 0.0 0.30260483866241245 0.0 0.4662041077786973 0.0 0.47158950434744834
0 0.550781 0.857422 0.169922 0.074219 0.046260562757478974 0.10690122659605449 0.017689937608240225 0.08029363758764894 0.01998774539493491 0.316289332498575 0.31729502349567607 0.30924159531772033 0.3074918045016354 0.4798264569859763 0.46922714950534516 0.4760487128004707 0.47007047027603777
0 0.334961 0.202637 0.103516 0.112305 0.0 0.0 0.1410216137203287 0.0 0.13433279951787153 0.0 0.3096313976466464 0.0 0.3542917598384139 0.0 0.47402793769096546 0.0 0.5135259815289921
0 0.173340 0.686523 0.112305 0.107422 0.0 0.056501947460367026 0.0670958179411344 0.11765498443890934 0.049481002928457085 0.34415398754752013 0.3752839941268548 0.33403286887841266 0.3893227878975613 0.47270659190416414 0.4787593449098602 0.49068154508781653 0.48331238569291357
0 0.826660 0.715820 0.155273 0.082031 0.0681867090742409 0.0 0.08879748456227111 0.17363014729710158 0.008140016357437713 0.0 0.30733416633305294 0.33961919448509703 0.30243738649445145 0.0 0.4594889195472414 0.4810556077085361 0.5731190925756765
0 0.322266 0.681641 0.111328 0.134766 0.0 0.026970634678265888 0.08527271362244347 0.06077288324186352 0.08259778558697833 0.3046332632278583 0.3044897610314321 0.31485478962630054 0.34754613621491837 0.48019786749484344 0.470324556947928 0.4538253130894923 0.47179425824056725
0 0.808105 0.875000 0.143555 0.087891 0.0 0.19447745250386786 0.04695905356848381 0.1135154517371853 0.0 0.3018167598662778 0.3065128180504137 0.3053893085037642 0.0 0.4825034357946766 0.4573843532796704 0.4774050992701367 0.0
0 0.190918 0.076660 0.102539 0.098633 0.10239772873541059 0.09792388912640047 0.11357779228017335 0.0 0.0 0.2541977816925909 0.2572479085766534 0.0 0.0 0.48187627264688787 0.5041623000861531 0.0 0.0
0 0.192383 0.227051 0.095703 0.086914 0.04615550191348717 0.0 0.20787920863474715 0.0 0.14737349719583753 0.0 0.257141043241956 0.0 0.29348851515160185 0.0 0.47545861567636316 0.0 0.4751389259861317
0 0.583008 0.540527 0.093750 0.057617 0.0 0.0 0.13503923529073103 0.0 0.10456640511460133 0.0 0.2438692557061136 0.0 0.29197588259072776 0.0 0.46106307182229783 0.0 0.44880672535195393
0 0.179688 0.415039 0.103516 0.050781 0.0 0.0 0.15780095072511527 0.0 0.1496466383843215 0.0 0.2881322967968641 0.0 0.23138711917196536 0.0 0.43923565842217854 0.0 0.48824514831149673
0 0.686523 0.703125 0.123047 0.093750 0.04757597392109494 0.07812424070822202 0.0 0.19592771803357284 0.0 0.32501161041590937 0.0 0.37556108559747464 0.0 0.4802326335452002 0.0 0.4792903832630417 0.0
0 0.324707 0.320312 0.090820 0.115234 0.0 0.0 0.13427639963686394 0.0 0.13060286885413303 0.0 0.3274543448180521 0.0 0.3058918746233858 0.0 0.4803078756749528 0.0 0.4630699540657362
0 0.180664 0.362793 0.107422 0.055664 0.0 0.0 0.16624321306361253 0.0 0.12450131793837604 0.0 0.24894381557721953 0.0 0.2095924887110778 0.0 0.4918254772264485 0.0 0.4625804848322016
0 0.164062 0.854980 0.107422 0.102539 0.0 0.13726702364617938 0.11704651838610831 0.07950471564250353 0.06796215932480922 0.3314917306550199 0.31597281421499246 0.3087763677756118 0.32906426039232956 0.47468135137519646 0.4874796169921486 0.49036599034816203 0.487286189752027
0 0.569824 0.958496 0.190430 0.083008 0.10287222670287767 0.2107095858167977 0.0 0.04983503902859362 0.039699617674619984 0.20405446679172617 0.0 0.1994072533140827 0.22786193006119554 0.6442864838972113 0.0 0.6504345091870416 0.6550567739348174
0 0.453613 0.327148 0.088867 0.121094 0.0 0.0 0.14117184512763079 0.0 0.15714160986295658 0.0 0.3149129034209037 0.0 0.32143590947952677 0.0 0.47386732626695094 0.0 0.46832740599985023
0 0.374023 0.866211 0.064453 0.113281 0.0 0.1903486794292348 0.0 0.17588110667423587 0.0 0.2807131862708522 0.0 0.2630225017884435 0.0 0.47276495207607244 0.0 0.49068033083196383 0.0
0 0.170898 0.538574 0.117188 0.053711 0.03614124431925917 0.0 0.20489200724803097 0.0 0.11973238688855334 0.0 0.23194171809978611 0.0 0.3789804018582267 0.0 0.5591602811376178 0.0 0.4634281871991909
0 0.436523 0.869141 0.062500 0.113281 0.0 0.15947991680300075 0.0 0.24037711888212177 0.0 0.296145846749931 0.0 0.22297434519941955 0.0 0.47637743912809216 0.0 0.4723175949213568 0.0
0 0.448242 0.445312 0.085938 0.113281 0.0 0.0 0.15624012137914994 0.0 0.1511026231696576 0.0 0.2952988364187661 0.0 0.30130635545774653 0.0 0.4761471224606352 0.0 0.46735630488185603
0 0.461914 0.206055 0.091797 0.115234 0.07019506597185778 0.0 0.1662899140354077 0.0 0.1397177741984431 0.0 0.25855831650680206 0.0 0.27156916035657414 0.0 0.4663807738565366 0.0 0.4672731283559636
0 0.174805 0.478027 0.107422 0.073242 0.0 0.0 0.19367300014756647 0.0 0.2033672073755214 0.0 0.2574909010886003 0.0 0.25884326731688345 0.0 0.4796645797626398 0.0 0.48443132246094334
0 0.069824 0.840820 0.083008 0.078125 0.0 0.2105771798799749 0.0 0.2270276414581695 0.0 0.3402373486325257 0.0 0.29681466684687285 0.0 0.47649112383227754 0.0 0.48285619735573276 0.0
0 0.698242 0.052246 0.064453 0.088867 0.0 0.24288096925184843 0.0 0.2223556031621229 0.0 0.2872041834237585 0.0 0.29254694900304323 0.0 0.5155422750658807 0.0 0.5141187320967889 0.0
0 0.605469 0.287109 0.115234 0.056641 0.06332314114030149 0.0 0.11903378817258972 0.0 0.1172313058387833 0.0 0.20653867890520275 0.0 0.38245122678609417 0.0 0.4776414563861408 0.0 0.4629890819265499
0 0.185059 0.302734 0.106445 0.064453 0.0 0.0 0.11654959201579108 0.0 0.1558747347555139 0.0 0.32945741411248713 0.0 0.1873287972653892 0.0 0.4504473095946423 0.0 0.4762009445110781
0 0.154297 0.941406 0.123047 0.068359 0.0 0.15738959109183093 0.11040555967244572 0.0 0.10052800847277435 0.27508884849831217 0.27378499127778044 0.0 0.27623271578841574 0.48170104034918165 0.4719660672204877 0.0 0.48340375844581035
0 0.193359 0.154785 0.097656 0.057617 0.0 0.0 0.14283526710026548 0.0 0.15826315022206047 0.0 0.2888632664505797 0.0 0.26637793049341085 0.0 0.4669610611218704 0.0 0.48725279771608493
0 0.171387 0.598633 0.112305 0.068359 0.0 0.0 0.20470570889542872 0.0 0.2040232852888718 0.0 0.34097822895741 0.0 0.34108594667881503 0.0 0.4845854298672647 0.0 0.4635241134115344
0 0.845703 0.637207 0.123047 0.069336 0.0 0.0 0.1895835209848432 0.0 0.17627742553211284 0.0 0.2287087336330375 0.0 0.22314116013690435 0.0 0.4383998567111803 0.0 0.4468191403034802
0 0.580078 0.600586 0.091797 0.064453 0.0 0.0 0.10553484711472523 0.0 0.16389613154912422 0.0 0.3772010462462899 0.0 0.26429721850382687 0.0 0.47180034264096976 0.0 0.4450981240115759
0 0.824707 0.053711 0.063477 0.091797 0.0 0.25142697848250667 0.0 0.1803260841808343 0.0 0.30562322137568354 0.0 0.30262880079274795 0.0 0.5210227429649082 0.0 0.5137192419213338 0.0
0 0.761230 0.054688 0.061523 0.089844 0.0 0.2331595615200572 0.0 0.2179838002114246 0.0 0.3088959866375609 0.0 0.28200341302531473 0.0 0.5118135989069801 0.0 0.5132248121164158 0.0
0 0.608887 0.060547 0.114258 0.091797 0.24196132555760927 0.03305071282830671 0.0 0.03995954088466487 0.03247983806477452 0.3997920158737343 0.0 0.3134820266501428 0.28216953533370626 0.41222670873252615 0.0 0.6044190309193869 0.0015378588329310913
0 0.073730 0.688965 0.079102 0.081055 0.0 0.2204840779682916 0.0 0.18317270171553854 0.0 0.3221824508913974 0.0 0.3587695349139758 0.0 0.48630709225246593 0.0 0.4724148871715341 0.0
0 0.585938 0.488770 0.093750 0.049805 0.0 0.0 0.24944534179792868 0.0 0.10917675548001772 0.0 0.2814762969365958 0.0 0.35370791585253625 0.0 0.5856558845613143 0.0 0.4978172798773663
0 0.975098 0.868164 0.049805 0.072266 0.0 0.06669391645501882 0.0 0.0 0.21908709120624756 0.2614750644696391 0.0 0.0 0.28552475116470516 0.5368138367620147 0.0 0.0 0.44617968281518533
0 0.722656 0.545410 0.070312 0.129883 0.0 0.0 0.1668752872048746 0.0 0.16188474099923647 0.0 0.22476338814706978 0.0 0.2307652312024295 0.0 0.4553547720541745 0.0 0.4357269130913794
0 0.971191 0.931152 0.057617 0.053711 0.0 0.0 0.0 0.0 0.17970241220266023 0.0 0.0 0.0 0.31007257120845844 0.0 0.0 0.0 0.4491836000121569
0 0.070312 0.068359 0.044922 0.080078 0.0 0.16187761629178396 0.0 0.09801100817079011 0.0 0.3098866699446778 0.0 0.16884316635837274 0.0 0.47992028315960883 0.0 0.5007293482366546 0.0
0 0.604004 0.137695 0.108398 0.054688 0.0 0.0 0.13766526219455522 0.0 0.19169096066743183 0.0 0.2669508446146438 0.0 0.26541870774512305 0.0 0.46814709501212143 0.0 0.46903622785371607
0 0.725586 0.959473 0.113281 0.081055 0.394796488445121 0.0 0.0 0.0 0.0 0.0 0.0 0.0 0.0 0.0 0.0 0.0 0.0
0 0.595703 0.436523 0.107422 0.054688 0.04512878078511663 0.0 0.09060893220349758 0.0 0.10349068256313759 0.0 0.34360990937287117 0.0 0.39950257837777126 0.0 0.49645615186268244 0.0 0.4657686000404454
0 0.118164 0.066895 0.054688 0.081055 0.048518565774772704 0.13323919015305738 0.0 0.10442038968094502 0.0 0.29809568623324506 0.0 0.22302715842346832 0.0 0.5150881433770658 0.0 0.5031249997386696 0.0
0 0.860352 0.575195 0.134766 0.064453 0.0 0.0 0.18106932064252054 0.0 0.19063954418740509 0.0 0.21962140048482112 0.0 0.22369965587884108 0.0 0.44494342932495984 0.0 0.4432642545134608
0 0.301270 0.974609 0.086914 0.050781 0.0 0.0 0.17100860714118793 0.0 0.15354031007816069 0.0 0.32019682654492865 0.0 0.3207606454907076 0.0 0.47834142982480077 0.0 0.4765518644524352
0 0.024414 0.067871 0.046875 0.079102 0.0 0.1685751223282514 0.0 0.09274908830645312 0.0 0.29949729139340625 0.0 0.2911531895277225 0.0 0.5114367613426578 0.0 0.5039009208804316 0.0
0 0.015625 0.842285 0.029297 0.088867 0.0 0.1378858671194211 0.0 0.14647437349570014 0.0 0.29256457257149854 0.0 0.2852868078004332 0.0 0.4883969783565083 0.0 0.47751923932026635 0.0
0 0.915527 0.070801 0.118164 0.125977 0.0 0.13012877453990487 0.15346229300044475 0.05528690550252944 0.08740659663973974 0.3094943455086259 0.33266347097611726 0.28351515039993785 0.26849689590618003 0.5034899509294486 0.4538269915460767 0.4511549367969893 0.5590492900970214
0 0.607910 0.185547 0.114258 0.048828 0.09620489211831579 0.0 0.13463287947683789 0.0 0.12440043519250335 0.0 0.29398899772550513 0.0 0.3796614485092507 0.0 0.47785808080887815 0.0 0.5268058287832633
0 0.608398 0.232910 0.115234 0.053711 0.09749341271259127 0.0 0.11023032961999742 0.0 0.11438729304716586 0.0 0.25621085511416913 0.0 0.38755780492232184 0.0 0.4656444544103926 0.0 0.43915497919073226
0 0.570312 0.709473 0.099609 0.061523 0.33280580111378616 0.0 0.0 0.0 0.0 0.0 0.0 0.0 0.0 0.0 0.0 0.0 0.0
0 0.602539 0.338867 0.115234 0.054688 0.21563463637274263 0.0 0.044408335251712436 0.06943800650785338 0.09183908319979979 0.0 0.16783137758101596 0.08982544078902105 0.0759471199306059 0.0 0.4747863282197765 0.48927592359980365 0.5003032047440782
0 0.865723 0.508789 0.131836 0.070312 0.0 0.1487707915012338 0.0983983822207361 0.0 0.11914482105857876 0.22581653527089557 0.21949928821964373 0.0 0.22469424015667788 0.4537861331023303 0.45725054323336783 0.0 0.4548216934990301
0 0.600586 0.389160 0.115234 0.051758 0.3039021058862059 0.019199142266037972 0.0 0.0 0.0 0.15983880516168178 0.0 0.0 0.0 0.3145378522374279 0.0 0.0 0.0
0 0.883789 0.442871 0.115234 0.059570 0.05910783306205381 0.0 0.1761115569539246 0.0 0.08614041654727815 0.0 0.26809507386463816 0.0 0.2627019315656988 0.0 0.4388650874573967 0.0 0.46254178042690497
0 0.889160 0.378906 0.112305 0.062500 0.0 0.0 0.19092625404008975 0.0 0.20919841383560667 0.0 0.25119516350909 0.0 0.25869413132693453 0.0 0.4547444472199648 0.0 0.431687539216234
0 0.018066 0.687988 0.034180 0.077148 0.0 0.1153760617219966 0.0 0.11354523731471482 0.0 0.3830530245008221 0.0 0.3853617658357969 0.0 0.4706832621990341 0.0 0.47385112417200614 0.0
0 0.969238 0.979004 0.061523 0.041992 0.0 0.0 0.059946460735281586 0.0 0.19281228646587203 0.0 0.34362061297682217 0.0 0.34613488840423146 0.0 0.44687612147116623 0.0 0.4501474155950367
0 0.897949 0.232910 0.118164 0.094727 0.0 0.0 0.21293975083021244 0.0 0.15983308012034586 0.0 0.18952411868023086 0.0 0.29074267126250664 0.0 0.41874307028879443 0.0 0.4550454201398436
0 0.905762 0.161621 0.112305 0.049805 0.0 0.0 0.21419887072512978 0.0 0.12076300310554805 0.0 0.3325038501088966 0.0 0.31771129838156775 0.0 0.35709878218499336 0.0 0.434250528906605
0 0.569336 0.652344 0.078125 0.044922 0.0 0.0 0.15838202077495625 0.0 0.16604935235405494 0.0 0.2801001590374386 0.0 0.2619518323294293 0.0 0.44245790451324435 0.0 0.4755453981327384
0 0.981934 0.729492 0.036133 0.082031 0.0 0.0 0.0 0.0 0.2331517950660576 0.0 0.0 0.0 0.23397949562661946 0.0 0.0 0.0 0.4560999024290767
0 0.985840 0.650879 0.028320 0.073242 0.0 0.0 0.0 0.0 0.17400661906067055 0.0 0.0 0.0 0.25655550221051526 0.0 0.0 0.0 0.4487227056330316
0 0.894043 0.313477 0.116211 0.066406 0.0 0.0 0.1999071288891654 0.0 0.19927571792592433 0.0 0.27469270559821607 0.0 0.278153446234896 0.0 0.44260590617482193 0.0 0.4543435802571294
0 0.151367 0.986816 0.132812 0.026367 0.0 0.0 0.1459796300063943 0.0 0.09801662236084963 0.0 0.3155324390957174 0.0 0.31110946469890993 0.0 0.47163301723586526 0.0 0.4953744997671562
0 0.990234 0.538086 0.019531 0.056641 0.0 0.0 0.0 0.0 0.0789054842624571 0.0 0.0 0.0 0.2923543943388164 0.0 0.0 0.0 0.4537982275973993
0 0.989258 0.589844 0.021484 0.056641 0.0 0.0 0.0 0.0 0.3172362299055619 0.0 0.0 0.0 0.2552949611733204 0.0 0.0 0.0 0.4600923228085568
0 0.762695 0.300781 0.105469 0.234375 0.38962285299291544 0.0 0.0 0.0 0.0 0.0 0.0 0.0 0.0 0.0 0.0 0.0 0.0
