0 0.134766 0.830078 0.089844 0.097656 0.0 0.13240806296853913 0.0 0.11771153199591985 0.06296412909825029 0.3457805749654771 0.0 0.36058870413053945 0.3486276473792918 0.9551233842191004 0.0 0.9265439198019269 0.7737562030087641
0 0.366699 0.320801 0.084961 0.081055 0.0 0.09899952602149405 0.0 0.16907717114778362 0.0 0.3636888856259559 0.0 0.3523511650076585 0.0 0.9175523349786389 0.0 0.9120890386794472 0.0
0 0.226074 0.755859 0.133789 0.134766 0.0 0.1326554942063912 0.0 0.13080686519191778 0.0 0.3062642793919968 0.0 0.3133639681243753 0.0 0.9445409926830457 0.0 0.9453476962054399 0.0
0 0.592773 0.126953 0.109375 0.103516 0.0 0.04657860969959989 0.10338197979758373 0.03424968288239514 0.10862195143030848 0.32239135906125266 0.3660286149852195 0.23103014862194118 0.3616268839041461 0.8612775288144201 0.881105759945636 0.7371386760039715 0.8819425691169671
0 0.521973 0.057617 0.106445 0.113281 0.0 0.17912862577275493 0.021925403208605993 0.0780612346151294 0.02513918769858873 0.4016654717247221 0.3625490946628916 0.38943759504045017 0.3442482780164221 0.8546462321449648 0.8548921517054068 0.8519112421664689 0.857717897091952
0 0.071777 0.292969 0.081055 0.097656 0.015741508286717994 0.012459566879129315 0.08028365311841709 0.041689476678095104 0.16384333288188757 0.23215258490407378 0.18105711403222635 0.1660667664488955 0.16315633556837303 0.7467953289985968 0.7569586060048329 0.7475766469845755 0.7763400407743394
0 0.349121 0.167969 0.083008 0.091797 0.0 0.04877826407941084 0.09784749852946786 0.0 0.11192474223918406 0.30087409993876957 0.31265650394030786 0.0 0.31739129754258116 0.8672050374407146 0.8907317100457744 0.0 0.9180692968162033
0 0.031250 0.077637 0.060547 0.079102 0.0 0.019905989887152684 0.12408042572722891 0.09699854238103317 0.04438625022161363 0.41381156582116874 0.37839141782814056 0.29727463082906863 0.43945968560705345 0.7461419834589896 0.7438058063794915 0.7494198920537984 0.7405801528262335
0 0.910645 0.053711 0.075195 0.091797 0.0 0.2701649558700692 0.0 0.0 0.0 0.2071049882405656 0.0 0.0 0.0 0.8641827716249094 0.0 0.0 0.0
0 0.758789 0.378906 0.066406 0.076172 0.0 0.0 0.22161922618166807 0.05642025533514851 0.0 0.0 0.1749249183334319 0.3884459479517078 0.0 0.0 0.8699815582915242 0.8935593046436339 0.0
0 0.648926 0.233887 0.067383 0.088867 0.0 0.01818657413317951 0.09629344835863822 0.0 0.12955600593183067 0.2781173057278048 0.2837646008506605 0.0 0.2974385402859833 0.870262685459157 0.8839185204576959 0.0 0.8978115628658716
0 0.366211 0.037598 0.099609 0.073242 0.0 0.1536498970199096 0.0 0.2158412838951661 0.0 0.29409194068944133 0.0 0.3181226090282492 0.0 0.9112998280304276 0.0 0.9036651387030986 0.0
0 0.446289 0.105469 0.091797 0.093750 0.0 0.10887995066562202 0.0 0.0658151408254364 0.0 0.2957672569831665 0.0 0.22998665797677262 0.0 0.8753291680034909 0.0 0.8838750829834358 0.0
0 0.702637 0.307129 0.073242 0.084961 0.0 0.0 0.17393249365137622 0.0 0.09742230235533772 0.0 0.21416696415342917 0.0 0.2949183895953447 0.0 0.8996901102701724 0.0 0.9160105260183797
0 0.084473 0.051270 0.071289 0.069336 0.0 0.07215388077345354 0.0 0.054732037679508294 0.23126417870646895 0.30020810720222146 0.0 0.1461590976425333 0.1822000353432893 0.7494033538727716 0.0 0.7461410930030209 0.7285514307879333
0 0.524902 0.316895 0.075195 0.086914 0.0 0.08949158114300736 0.0 0.19503600618721842 0.0 0.16863751073994357 0.0 0.08736889249857877 0.0 0.8895300419798366 0.0 0.8975387246360647 0.0
0 0.718262 0.412109 0.067383 0.078125 0.0 0.08043003343769552 0.0 0.15783096843330893 0.0 0.2857253448881656 0.0 0.3828752078500286 0.0 0.9047124900309041 0.0 0.8975287070252819 0.0
0 0.939453 0.948242 0.121094 0.103516 0.0 0.12901363363655916 0.005231459101698118 0.09739811431433971 0.09960491356605312 0.2919716913852565 0.15344492543045568 0.30344867633066386 0.28303180304810593 0.7079168684081725 0.58168797154036 0.7080981535819022 0.7108505933169047
0 0.081543 0.722168 0.081055 0.102539 0.0 0.10573818433344365 0.03498184745772466 0.056663056376698516 0.0903327105909171 0.28215503084567384 0.3739391663325339 0.3246108061441812 0.261136736714358 0.9128267427162051 0.8867509999065002 0.9190071475622763 0.6930437837489238
0 0.757324 0.164062 0.071289 0.085938 0.0 0.11058663866112231 0.0 0.1252890942434822 0.0 0.3324634585833114 0.0 0.3081846443213134 0.0 0.8726652424452043 0.0 0.8858645653066788 0.0
0 0.064941 0.177246 0.110352 0.106445 0.0 0.06362388635765241 0.025239702373511804 0.14744978124898364 0.024806296662116367 0.35121382054579625 0.24808504810898907 0.32598150183296054 0.222590398896165 0.7203392661081128 0.7044204511872905 0.7450021210134259 0.7640426510486957
0 0.307617 0.242188 0.113281 0.083984 0.0 0.0 0.1647185350991951 0.0 0.11125328371142365 0.0 0.2973593766316057 0.0 0.276234051545203 0.0 0.9433404472390067 0.0 0.923570478680049
0 0.617188 0.493164 0.083984 0.089844 0.0 0.0 0.06481645703113767 0.025307326351094603 0.18728506949545745 0.0 0.30927920135359477 0.26132562697510486 0.2709968895608147 0.0 0.8611176304387402 0.9152066405806042 0.8695027058045377
0 0.039551 0.938477 0.077148 0.111328 0.0 0.0 0.15624797159272413 0.0 0.1295306035103854 0.0 0.29985725253656303 0.0 0.30653828582869735 0.0 0.7658546233963375 0.0 0.7577757530930298
0 0.416016 0.253418 0.076172 0.102539 0.05330909670456331 0.0 0.17685192923632292 0.00810989237060716 0.04876495420511145 0.0 0.35424373105146895 0.36795853623926766 0.35371554638056557 0.0 0.8801420709201004 0.8727585706542862 0.9320965322056493
0 0.740723 0.055664 0.065430 0.070312 0.0 0.0 0.1065033727717824 0.0 0.1111156505486549 0.0 0.3274287325698169 0.0 0.25002488314002885 0.0 0.911335449723925 0.0 0.8940764778366024
0 0.818359 0.338867 0.058594 0.060547 0.0 0.0 0.15974285182978593 0.0 0.20700593519288749 0.0 0.22128319050880357 0.0 0.20214098590696492 0.0 0.8638131756168466 0.0 0.88626171297938
0 0.666992 0.622070 0.091797 0.152344 0.0 0.023441829336291454 0.049637862321842925 0.037561398934688156 0.07486227900024298 0.2444659455426862 0.3088981750949362 0.25225593361279075 0.3012324820818031 0.829488032334412 0.6427733477571078 0.7287250708560649 0.7991523086931012
0 0.701172 0.081543 0.066406 0.071289 0.0 0.10736196288540101 0.0 0.08628605003978074 0.0 0.1196161632464229 0.0 0.24597913041635888 0.0 0.9006193853342879 0.0 0.8797881634025683 0.0
0 0.960449 0.746582 0.079102 0.149414 0.0 0.1524298172237244 0.0 0.10428318378548597 0.0 0.36974625694979013 0.0 0.35414155676944925 0.0 0.6563044294148211 0.0 0.7013634352782876 0.0
0 0.569336 0.405273 0.091797 0.085938 0.0 0.11965780415095603 0.009237073221258819 0.1065159902334619 0.02055661857961518 0.40852262977970727 0.3947611245062837 0.4021920232097588 0.3686169247155722 0.9171989865255767 0.9389578164459604 0.8968302374682657 0.9327176240741756
0 0.253418 0.196289 0.092773 0.070312 0.0 0.0 0.10003403876021193 0.0 0.08727876579489541 0.0 0.3004997758146893 0.0 0.25026873841405417 0.0 0.8992015240715442 0.0 0.9276969796882715
0 0.644043 0.876465 0.112305 0.090820 0.0 0.1493867051603057 0.02577963803603196 0.08250816961091709 0.04347570966008938 0.30875968284511934 0.33323666631721005 0.29846703678617414 0.31390166235947525 0.7006061747363854 0.715669654804621 0.7472905289076041 0.7357059780525308
0 0.180664 0.447754 0.082031 0.092773 0.0 0.13865135143108398 0.08792358976464668 0.09349558617584751 0.13537141573251718 0.22937669717302633 0.3088998682593064 0.2580645865636627 0.2730454287930443 0.7976898808414106 0.8222926824635067 0.8993310962139689 0.9169750901543736
0 0.305176 0.351562 0.081055 0.101562 0.0 0.050877371312025785 0.09437628354477814 0.05014864204416736 0.08908165823601548 0.18198183183626734 0.2089874519042212 0.12238994707092651 0.21437376604695166 0.9018905141563224 0.9224418119049435 0.9294869064877354 0.8912028236069489
0 0.719238 0.194824 0.073242 0.079102 0.0 0.0 0.08600174386213254 0.0 0.1227804971232348 0.0 0.3805258456697563 0.0 0.3690645062245368 0.0 0.8652664911755328 0.0 0.899781734501863
0 0.566406 0.285645 0.064453 0.094727 0.021108073994146798 0.08160555993634502 0.01782254453108059 0.042859401208091945 0.03158204492193227 0.32739557712445155 0.3714501222666347 0.24043699006076327 0.35669125414484804 0.8877088161452127 0.8229179871438259 0.8834188263468787 0.9094311447647327
0 0.465332 0.229492 0.069336 0.091797 0.0 0.0 0.08834469453261454 0.016664302109147353 0.08561292449904062 0.0 0.19623157310171002 0.2212648093087549 0.2052845139367896 0.0 0.8736944861800947 0.897834054426677 0.8508353431383026
0 0.675293 0.432129 0.067383 0.108398 0.0 0.10221950295035676 0.013165360218870135 0.210805755564269 0.015686587499040568 0.2180107401604132 0.3300643031457642 0.3385872213108789 0.5585090316420218 0.9379457620204814 0.8756476546642507 0.9014131114972593 0.9080082763867927
0 0.273926 0.885742 0.090820 0.105469 0.0 0.0 0.23641900858877135 0.0 0.08354440794767731 0.0 0.38504036210414466 0.0 0.3361856384419734 0.0 0.06679373407212602 0.0 0.01587936433365126
0 0.167480 0.939941 0.065430 0.120117 0.0 0.09227572716812987 0.0 0.07394690356207685 0.123468776076963 0.24169857768544387 0.0 0.24967929492614455 0.38888271013414955 0.7586271898068191 0.0 0.8069571732638047 0.8334241242043509
0 0.784180 0.030762 0.103516 0.059570 0.015520772038236604 0.10657748454144127 0.0 0.18844929678392486 0.0 0.1848666109541375 0.0 0.19864212568977366 0.0 0.8501893666164156 0.0 0.8575066856116418 0.0
0 0.608398 0.260254 0.058594 0.096680 0.0 0.0 0.14438306942638945 0.0 0.12744408701873455 0.0 0.3198189857603019 0.0 0.31811388828242004 0.0 0.8849147732126547 0.0 0.8772120158930761
0 0.527832 0.182617 0.065430 0.089844 0.0 0.1126833470188383 0.0 0.07025299562566778 0.0 0.21056865355666848 0.0 0.12574695415137507 0.0 0.8847668198346514 0.0 0.8863696577958018 0.0
0 0.488281 0.355957 0.074219 0.100586 0.0 0.03412694789807127 0.0 0.13934101341984234 0.19008520796257916 0.24220581464864913 0.0 0.145230620889017 0.18468046595541285 0.881278262770572 0.0 0.9410147665829368 0.5407040031791488
0 0.953613 0.343262 0.059570 0.067383 0.0 0.13294022816453346 0.0 0.11865154026583288 0.0 0.3936638943357268 0.0 0.3993724699821975 0.0 0.9426887971621198 0.0 0.940924275971463 0.0
0 0.842773 0.283203 0.078125 0.107422 0.0 0.15252289092848084 0.01614099818005738 0.15795224228352878 0.0 0.2015229082985102 0.4528033363800643 0.33363619621493223 0.0 0.8959798655040705 0.8713136487649187 0.9288851568674261 0.0
0 0.541504 0.881836 0.090820 0.156250 0.0 0.18535144738060155 0.033767888744930724 0.03822797872903358 0.040173369417032645 0.1851857322093264 0.3894037935080543 0.3211034080976958 0.3869463012678457 0.7098660139761533 0.7046542406272488 0.6918634361491692 0.7002901255018479
0 0.877441 0.099609 0.061523 0.089844 0.0 0.1377172499650535 0.0 0.12132635456556064 0.0 0.2222673980548997 0.0 0.2189017037166311 0.0 0.8715789388032092 0.0 0.8551869603770437 0.0
0 0.786133 0.291504 0.058594 0.051758 0.0 0.0 0.10112755917023801 0.0 0.16254547304869285 0.0 0.2888567738317733 0.0 0.34940544227613557 0.0 0.8758012580295852 0.0 0.8929252455336445
0 0.187500 0.095215 0.066406 0.053711 0.0 0.0 0.22776543049090123 0.0 0.13649767938790847 0.0 0.17303614521850308 0.0 0.20412165939694765 0.0 0.944483173866033 0.0 0.9271784924392767
0 0.765137 0.504883 0.057617 0.078125 0.0 0.23450200863285692 0.0 0.17202516221788675 0.0 0.28292809445846034 0.0 0.2701029599320051 0.0 0.9423474394856005 0.0 0.9393545087727166 0.0
0 0.875000 0.716797 0.087891 0.074219 0.0 0.16769109172451538 0.0 0.21205926516317405 0.0 0.4183342156886841 0.0 0.3965658568740757 0.0 0.45990187335661853 0.0 0.8012485770464991 0.0
0 0.660645 0.108398 0.061523 0.070312 0.0 0.06976181151578215 0.0 0.17988601542013916 0.0 0.10034308131611161 0.0 0.31097736864370146 0.0 0.8883845433650349 0.0 0.8718892393549253 0.0
0 0.720215 0.808594 0.120117 0.185547 0.0 0.1417762732030552 0.026975625986091295 0.0767028853618417 0.06700488192012884 0.301580310154188 0.2179091453384112 0.2568778664503096 0.2184565454073107 0.6442371530950185 0.6709103934401475 0.7273903838857507 0.7121472895673226
0 0.836914 0.971680 0.107422 0.056641 0.0 0.44694817678268417 0.0 0.02818938110364151 0.0 0.30686620673107506 0.0 0.30220261024644307 0.0 0.7021537438203288 0.0 0.6861220958183771 0.0
0 0.693848 0.548340 0.049805 0.073242 0.0 0.15605470349008335 0.0 0.19995053580049826 0.0 0.2961360977996022 0.0 0.24191421820672482 0.0 0.8833067698513093 0.0 0.8949686762333707 0.0
0 0.052734 0.179199 0.080078 0.106445 0.0 0.0876768190050576 0.03478154107569309 0.2031929912333555 0.03418428686364816 0.3512138205457962 0.24808504810898907 0.32598150183296054 0.222590398896165 0.7203392661081127 0.7044204511872905 0.7450021210134259 0.7640426510486957
0 0.817871 0.465820 0.067383 0.068359 0.0 0.0 0.09278127152327308 0.19060227594568585 0.0 0.0 0.2735224011527372 0.20929254945740508 0.0 0.0 0.8857191480503883 0.6830618995562159 0.0
0 0.098145 0.374512 0.096680 0.084961 0.0 0.0 0.0 0.14965519882602496 0.0 0.0 0.0 0.16585992626668253 0.0 0.0 0.0 0.8666921484154626 0.0
0 0.856445 0.586914 0.158203 0.136719 0.0 0.09928003056930243 0.0839147694051176 0.17653895860249463 0.04087256288728101 0.2847676051925182 0.4318771264413882 0.2948283668498949 0.48481292938955156 0.652499852292351 0.8704869957266697 0.6277099385814741 0.8647766699261881
0 0.283203 0.097168 0.064453 0.061523 0.0 0.0 0.0 0.06008199937295896 0.20138147391485842 0.0 0.0 0.35286949855645083 0.26469813813949794 0.0 0.0 0.8736831885404291 0.942778340939623
0 0.582520 0.450195 0.067383 0.070312 0.0 0.0 0.04284481274817867 0.0 0.18278162721062974 0.0 0.29738460813272327 0.0 0.2724119315586712 0.0 0.83808483883784 0.0 0.8963078587745978
0 0.916016 0.218262 0.066406 0.102539 0.0 0.1776745136659943 0.0 0.15986813359473015 0.0 0.27883883590773484 0.0 0.25158280706298375 0.0 0.941395311115301 0.0 0.9691527268467129 0.0
0 0.814453 0.793457 0.085938 0.176758 0.0 0.1655749493267689 0.0 0.1812379558497121 0.0 0.3788240599316349 0.0 0.2875216025141864 0.0 0.6612406830189801 0.0 0.7448161880860198 0.0
0 0.261230 0.041016 0.073242 0.064453 0.022981067809614106 0.0 0.10235340822384478 0.0 0.09473808874094995 0.0 0.27790182355894943 0.0 0.2746339969853031 0.0 0.9356187543240702 0.0 0.977186860812387
0 0.739258 0.630859 0.058594 0.087891 0.0 0.17362956007786837 0.0 0.11070613039666831 0.0 0.14892297352272518 0.0 0.14745650489282217 0.0 0.76353339057863 0.0 0.7861474082465545 0.0
0 0.883301 0.390625 0.098633 0.072266 0.0 0.13870428747961738 0.0 0.11735865547055403 0.020371989296811648 0.23307630101519952 0.0 0.24287206206526404 0.3291895510926243 0.960714955396619 0.0 0.9108937325305644 0.860564112810087
0 0.623047 0.783203 0.080078 0.074219 0.0 0.09534509585842738 0.06967621205877358 0.035767496969966 0.06846747663980061 0.39337822498437314 0.3333599250352541 0.3305036432918353 0.3274543448180521 0.734404542362232 0.676377853239261 0.7434139502494165 0.7588712476415461
0 0.887207 0.260254 0.063477 0.090820 0.00927022095582366 0.028747392590485372 0.1859171085480475 0.0 0.0843078199096527 0.24670723054198646 0.21952135546246748 0.0 0.22308793503498325 0.9698485131597399 0.7045563129983787 0.0 0.8495912360812841
0 0.140137 0.476074 0.061523 0.053711 0.0 0.20641559018736735 0.0 0.23508698897950048 0.0 0.1963332335935822 0.0 0.3149746035904814 0.0 0.7379405199766107 0.0 0.9077325922448318 0.0
0 0.499023 0.206543 0.052734 0.081055 0.0 0.020156978494335894 0.0754165864724742 0.04859610347099932 0.049306267450434406 0.24017538694593285 0.3521114224593391 0.31602556087979455 0.3310455310587125 0.9425520415967381 0.9108956419651395 0.8637135408639154 0.876540354682933
0 0.136230 0.149414 0.051758 0.085938 0.0 0.13167505721141573 0.0 0.1364961293668385 0.0 0.1687990391597809 0.0 0.21970419322356835 0.0 0.8052511235551969 0.0 0.7730247934671814 0.0
0 0.415039 0.944336 0.052734 0.111328 0.0 0.15399914276215806 0.0 0.11322484864427917 0.0 0.23528173953621476 0.0 0.2789704128858479 0.0 0.8677207926140413 0.0 0.7862940296407374 0.0
0 0.122070 0.272461 0.052734 0.105469 0.0 0.14420875239542721 0.0 0.12362226066250834 0.0 0.2305168411735699 0.0 0.2810564437218282 0.0 0.8452121318772368 0.0 0.927640962019117 0.0
0 0.753418 0.250000 0.053711 0.050781 0.0 0.0 0.1271462366028185 0.0 0.17855854428376725 0.0 0.2349612425715684 0.0 0.22482011818026051 0.0 0.8876763387570554 0.0 0.9017251094783073
0 0.232422 0.405273 0.082031 0.076172 0.0 0.0 0.12799097854986932 0.0 0.09825967426605828 0.0 0.25531216641133964 0.0 0.24589805926485597 0.0 0.895097604908742 0.0 0.9136100939800741
0 0.066895 0.586426 0.079102 0.073242 0.0 0.38815574940701 0.0 0.0 0.0 0.1565832284416287 0.0 0.0 0.0 0.5857018264382703 0.0 0.0 0.0
0 0.016602 0.215820 0.031250 0.076172 0.0 0.13341718766968477 0.0 0.19440037262515458 0.0 0.27092712654999923 0.0 0.24219873027862804 0.0 0.7489824314618256 0.0 0.6895329543988138 0.0
0 0.336426 0.809570 0.047852 0.054688 0.0 0.0 0.15839254602655664 0.0 0.12244856368947833 0.0 0.37986074656727714 0.0 0.3821557598701623 0.0 0.0916415448721826 0.0 0.07917358348883505
0 0.168945 0.135742 0.054688 0.091797 0.0 0.10353382896997851 0.020171033768622018 0.0 0.02993271496694779 0.11877976769932704 0.3469244795697132 0.0 0.39790529321300294 0.8825558117093275 0.8947408034155997 0.0 0.8865236886795455
0 0.978027 0.322754 0.043945 0.069336 0.047840629695313754 0.2414942296637434 0.0 0.04358579870892957 0.0 0.40279680136642143 0.0 0.6795550999534559 0.0 0.9179648784045076 0.0 0.9486208366921965 0.0
0 0.230469 0.132324 0.056641 0.059570 0.0 0.0 0.1053183440672149 0.13858239520751836 0.0 0.0 0.23583744310334787 0.2689830477291378 0.0 0.0 0.9681698145616926 0.8012777950779486 0.0
0 0.973633 0.055664 0.048828 0.064453 0.06116059530999538 0.0 0.0 0.06538373983747295 0.11780380055650214 0.0 0.0 0.23839021459101312 0.25604998788873035 0.0 0.0 0.9200841838548403 0.8192920117313681
0 0.312500 0.831543 0.050781 0.043945 0.0 0.04289183571235488 0.26265026277389253 0.0 0.1140869610208682 0.38787223004541244 0.4046707019685852 0.0 0.19240350222002153 0.9769628381992251 0.15870675493208888 0.0 0.008928275296866496
0 0.977539 0.052734 0.044922 0.066406 0.06452364594724577 0.0 0.0 0.06897900941932888 0.1242815031446474 0.0 0.0 0.23839021459101312 0.25604998788873035 0.0 0.0 0.9200841838548403 0.8192920117313681
0 0.465332 0.916992 0.083008 0.119141 0.0 0.1621462640464222 0.0 0.1742904063558866 0.0 0.2710223327618913 0.0 0.24160579698528115 0.0 0.7438630528969195 0.0 0.7111744707840759 0.0
0 0.183105 0.221680 0.053711 0.064453 0.0 0.06492533982184764 0.07979233344739271 0.0 0.0 0.16325244271519693 0.17630824864716627 0.0 0.0 0.8171351973650746 0.025643817488558953 0.0 0.0
0 0.973633 0.551758 0.052734 0.128906 0.037256302143483105 0.05421242466390315 0.0 0.032946802383485706 0.19889026766621024 0.26683208409874887 0.0 0.35762612184244613 0.2749946831335359 0.7364042586502931 0.0 0.812323956458647 0.8925494333473122
0 0.951660 0.018555 0.055664 0.035156 0.0 0.1670840196027068 0.0 0.0 0.0 0.261337322509799 0.0 0.0 0.0 0.8756322766206578 0.0 0.0 0.0
0 0.149414 0.246582 0.048828 0.073242 0.0 0.08904520054303611 0.0 0.16832067324998926 0.0 0.3068836412350022 0.0 0.1813311994799024 0.0 0.759955130363451 0.0 0.8352719501410648 0.0
0 0.371582 0.964355 0.055664 0.071289 0.0 0.21938114202722236 0.0 0.14122676529560013 0.0 0.24029853029201537 0.0 0.24794536804796458 0.0 0.864592940765297 0.0 0.864434049930361 0.0
0 0.832520 0.116699 0.071289 0.090820 0.0 0.0 0.1736347825030811 0.0 0.09415743309202956 0.0 0.26474746073747607 0.0 0.18608460716516417 0.0 0.8964195250997127 0.0 0.8825737143915363
0 0.405273 0.578613 0.396484 0.399414 0.0 0.06662359431753011 0.04278982657031755 0.05766589482420327 0.04070905545348233 0.2183859368541947 0.3454781278204493 0.3085111673232794 0.3817095746551494 0.8944148962891496 0.8392737668386665 0.893907011050616 0.8395711325978429
0 0.954102 0.192383 0.076172 0.105469 0.0 0.11227327309073203 0.0 0.19907302377910002 0.0 0.369332772643666 0.0 0.2687260498762471 0.0 0.8689845293924753 0.0 0.9381213940090618 0.0
0 0.890625 0.275879 0.054688 0.059570 0.0 0.04805882944301685 0.09497919102393931 0.0 0.04839624840753174 0.24461486169416366 0.24222135222849656 0.0 0.2441040685874632 0.9725558483647515 0.39228770520207157 0.0 0.8267958093355257
0 0.793457 0.134277 0.053711 0.077148 0.0 0.0 0.1135897138726103 0.0 0.1795304008537918 0.0 0.31176772129594227 0.0 0.298208067315207 0.0 0.8553384286766762 0.0 0.8679701628181227
0 0.223145 0.928711 0.061523 0.111328 0.0 0.1639669909344605 0.012660533164099203 0.07963481014277768 0.02740891320868811 0.3039295887759056 0.3364604433108888 0.33523590610347503 0.31910768928617805 0.9869201915352328 0.8772260354904499 0.9109266155712641 0.9035203867561497
0 0.143555 0.037598 0.066406 0.049805 0.10196199346428766 0.06749028978200328 0.13883169368312087 0.0 0.0 0.3624394383640442 0.35587480749400713 0.0 0.0 0.7710712632376467 0.9660085909263191 0.0 0.0
0 0.437988 0.014160 0.100586 0.026367 0.0 0.0 0.0 0.2617304073700611 0.0 0.0 0.0 0.33108267566260174 0.0 0.0 0.0 0.8579937127799743 0.0
0 0.985352 0.169922 0.027344 0.089844 0.0 0.1219798212351556 0.0 0.21364628670725727 0.0 0.3263627936953806 0.0 0.2635418271019553 0.0 0.9695897248811873 0.0 0.9499902516752886 0.0
0 0.970215 0.150879 0.057617 0.069336 0.0 0.09003078710121809 0.027764312341708383 0.045188996978618785 0.031662733658847586 0.331617034094582 0.2716032741109411 0.255256853012837 0.282351837294317 0.9689073086000226 0.9018095179696275 0.9242255638701478 0.9511436530710913
0 0.394043 0.143555 0.061523 0.089844 0.0 0.15732082865209637 0.0 0.17591540907265293 0.0 0.36750315432177 0.0 0.3209848925900418 0.0 0.9210266245364519 0.0 0.8628495219339085 0.0
0 0.913574 0.459473 0.104492 0.108398 0.0 0.0 0.17211117385037225 0.0 0.0778939497775043 0.0 0.21226421652792737 0.0 0.23739079029582794 0.0 0.8040174117815758 0.0 0.8466089738618804
0 0.051270 0.478516 0.100586 0.105469 0.0 0.20454933726689117 0.0 0.232069433851721 0.0 0.28383648625118274 0.0 0.269828850726744 0.0 0.5888363764786633 0.0 0.5354029043459676 0.0
