0 0.688151 0.289062 0.134115 0.145833 0.0 0.1066945436484523 0.051895393332728176 0.11985648225342406 0.0 0.2870238859447829 0.2989018827104978 0.301458661980889 0.0 0.9379322534241229 0.9188862051505118 0.9612814271197136 0.0
0 0.257812 0.657552 0.119792 0.122396 0.04307912208976497 0.17177968245772504 0.039236547936552395 0.04357518685206587 0.034393058753335926 0.4063039744435988 0.4117547274104637 0.41195976821992913 0.4070646785528282 0.960557330940781 0.009024563254588556 0.929751186908688 0.9358264591839947
0 0.860026 0.516276 0.115885 0.108073 0.041807365234791866 0.048850319459231795 0.045293015112198964 0.09460135375055742 0.024632040092738103 0.32556309386767884 0.32561546352085374 0.3138048082892801 0.3249384206721059 0.9657356786301448 0.9605552540564947 0.9752679090471115 0.9661093564524972
0 0.617188 0.361328 0.098958 0.097656 0.02951544196617237 0.08206701945549205 0.0 0.18831662223831838 0.0 0.09367966787459046 0.0 0.3308639941374364 0.0 0.9480802449289646 0.0 0.9331780066517694 0.0
0 0.518229 0.081380 0.117188 0.110677 0.0 0.1927488379853651 0.06619283104411848 0.0853834631329997 0.0 0.188920114377588 0.31711407019185706 0.318560563577979 0.0 0.9379613955645817 0.9101576407916847 0.9099347590697303 0.0
0 0.453125 0.876953 0.143229 0.118490 0.0 0.08669694572365566 0.0 0.05475355458176324 0.06590231740333038 0.3022968702060127 0.0 0.324895009436481 0.29394973094810495 0.7113759628036647 0.0 0.9535562934409522 0.976444950486542
0 0.455078 0.144531 0.097656 0.093750 0.0 0.130306462896184 0.0 0.14155029396423296 0.0 0.3186815515350848 0.0 0.317285078212497 0.0 0.909445811125723 0.0 0.9131730335948108 0.0
0 0.444661 0.500651 0.089844 0.118490 0.0 0.1451518865987188 0.0 0.13331346541184474 0.0 0.27802147553761025 0.0 0.3534878650740474 0.0 0.9263178449574905 0.0 0.9246562452428129 0.0
0 0.157552 0.369141 0.096354 0.102865 0.0 0.17854580361195208 0.0 0.10832919279404185 0.0 0.3241261361647551 0.0 0.33682606187222436 0.0 0.9156438283425556 0.0 0.9310653153049985 0.0
0 0.050781 0.070964 0.072917 0.105469 0.0 0.09597455566108934 0.06076505333576628 0.2179862582991537 0.11822172765955315 0.30648536660698816 0.332429377147201 0.34894010268724285 0.26327133599434954 0.8879390632491684 0.9463825735832229 0.8528517945908068 0.8752600996102681
0 0.524740 0.815104 0.101562 0.091146 0.0 0.14496407834383326 0.0 0.12941274698159544 0.0 0.35776621812640996 0.0 0.3767024869095649 0.0 0.9687831554311995 0.0 0.9632622958155032 0.0
0 0.067057 0.401042 0.131510 0.174479 0.11295974000602563 0.01604229842562121 0.014290440859178 0.07843122084355032 0.035485946497850446 0.2932996924038873 0.3905709687250621 0.388645495639055 0.412936185800192 0.8891290339845661 0.947776766974804 0.9058685197838492 0.898568109213469
0 0.390625 0.544271 0.096354 0.130208 0.0 0.07998392442291913 0.01997601994381757 0.16722861437829067 0.08419444063512713 0.302564738310636 0.31982490812238407 0.3317433464191111 0.2642517226089321 0.9548714559761269 0.9147316287513653 0.9244008720588448 0.9314499409642214
0 0.394531 0.194010 0.088542 0.085938 0.0 0.14377273031020904 0.0 0.16568459497122698 0.0 0.3019548710432061 0.0 0.35105200640373596 0.0 0.8898988721950174 0.0 0.8783166750368796 0.0
0 0.881510 0.134115 0.135417 0.143229 0.0 0.0 0.0 0.1053931497611161 0.2053941087063385 0.0 0.0 0.30593480326799627 0.1967990404447476 0.0 0.0 0.9112968505722121 0.24643371023938854
0 0.509115 0.457682 0.091146 0.100260 0.0 0.11147494174024776 0.0 0.12942172895979578 0.0 0.31332253489010825 0.0 0.3410174093491012 0.0 0.9401297529530884 0.0 0.9297762688811405 0.0
0 0.557943 0.408203 0.110677 0.095052 0.03625502838985827 0.05892980962223021 0.034292506668670064 0.06605129617906338 0.0 0.29413488196739257 0.26063671609692884 0.3564613775596287 0.0 0.6151590040241108 0.9829565290413487 0.939963072056033 0.0
0 0.325521 0.215495 0.109375 0.128906 0.0 0.06100132682831598 0.031246423149185364 0.09728527506630218 0.05244124480352392 0.2390094553462254 0.2983271395738379 0.33225877015633215 0.33180740960894695 0.9180663063642702 0.9341677288900397 0.8870344249295209 0.7893512136514822
0 0.115885 0.041667 0.080729 0.080729 0.0 0.14367880461790095 0.09703593537989887 0.10117012949980138 0.0 0.36737812140451465 0.3133104894017238 0.41213989814508784 0.0 0.884233288654179 0.933622603903282 0.8956436492867789 0.0
0 0.335938 0.602865 0.091146 0.104167 0.0 0.12245128639553872 0.0 0.1905889504714656 0.0 0.34693680896506557 0.0 0.39493582983108055 0.0 0.9496408672633218 0.0 0.9536639448113704 0.0
0 0.280599 0.281901 0.079427 0.087240 0.02227210848418181 0.111402185730871 0.0 0.1540148091993501 0.0 0.31503654196638387 0.0 0.328061369404061 0.0 0.9106750933943437 0.0 0.9225265163686117 0.0
0 0.800781 0.580729 0.093750 0.088542 0.0 0.07610476239316402 0.0 0.24992493447116268 0.0 0.258673091464532 0.0 0.2724846673278685 0.0 0.9468653353170017 0.0 0.9627270800458292 0.0
0 0.577474 0.770833 0.095052 0.098958 0.0 0.05480354917627697 0.0 0.18355043261078494 0.04692892856496956 0.3624673127234994 0.0 0.3317641541460105 0.3119054768978534 0.9610897821320789 0.0 0.9351661988281699 0.979576212766039
0 0.686198 0.669922 0.098958 0.097656 0.0 0.10760619385887606 0.0 0.12066556060381216 0.05991653017950309 0.30932000538688115 0.0 0.33425905537132616 0.29702680865688486 0.942430008883567 0.0 0.9614986271353195 0.9382786123144184
0 0.214193 0.320964 0.089844 0.097656 0.0 0.14814964947004078 0.0 0.1473591815515676 0.0 0.3179202767615586 0.0 0.3286337804755256 0.0 0.9030887438461902 0.0 0.8906840985670215 0.0
0 0.739583 0.624349 0.096354 0.100260 0.0395248107680432 0.11385428406472574 0.0 0.10692800690474294 0.0 0.3328540276579581 0.0 0.33463917835169443 0.0 0.962093668158089 0.0 0.9870998078008294 0.0
0 0.629557 0.722656 0.097656 0.088542 0.0 0.12787682495202898 0.0 0.14505467535104039 0.03804752104316807 0.25955823403952977 0.0 0.3572230807903379 0.3094147368258764 0.9257919278245033 0.0 0.9178365669750222 0.11575546955549719
0 0.958333 0.079427 0.083333 0.091146 0.0 0.05748077836625486 0.0 0.18160348441355775 0.0 0.19451162150114942 0.0 0.35498453244579914 0.0 0.960130520008646 0.0 0.9319511908403494 0.0
0 0.173177 0.016927 0.093750 0.031250 0.0 0.26474704504299007 0.0 0.37795194256334014 0.0 0.35824544114155105 0.0 0.326620705695316 0.0 0.9086042718197429 0.0 0.8822826243784473 0.0
0 0.018229 0.115234 0.033854 0.079427 0.0 0.06733981023201836 0.0 0.06796807172380961 0.0 0.15049291273821383 0.0 0.3337081504414125 0.0 0.7405995885114873 0.0 0.892151678546685 0.0
0 0.879557 0.854818 0.240885 0.290365 0.11474080312828785 0.21904876953011346 0.0 0.0 0.0 0.08433948227052798 0.0 0.0 0.0 0.9988264255144177 0.0 0.0 0.0
