0 0.674805 0.632324 0.132812 0.116211 0.0 0.0 0.12229780285206422 0.0 0.16184058896228634 0.0 0.19410040055836714 0.0 0.1993372938685566 0.0 0.8802249214715877 0.0 0.8686654760756299
0 0.625000 0.562500 0.150391 0.115234 0.33553805930691977 0.0 0.0 0.0 0.0 0.0 0.0 0.0 0.0 0.0 0.0 0.0 0.0
0 0.755859 0.341309 0.138672 0.141602 0.0 0.056555078586732074 0.026408514493772673 0.0 0.13335942836086093 0.28624917392864657 0.28510450456516545 0.0 0.31762643348621145 0.028435343629878516 0.89278239845308 0.0 0.8854779108266257
0 0.655762 0.188965 0.225586 0.168945 0.07701339684953157 0.0 0.07487398973142345 0.0032114350887532095 0.08130770766292823 0.0 0.1835791318830648 0.09138949322575549 0.13552173555361102 0.0 0.8745624134961263 0.3992022793665961 0.1628672517928135
0 0.278809 0.932617 0.182617 0.125000 0.0 0.12132757131040824 0.08368566997772856 0.11342992212736919 0.07009259226288171 0.27836195305290684 0.33515388441218336 0.29839678107258166 0.32895812857824774 0.23485777607194855 0.18750548865754 0.21147752754198007 0.21648983151051324
0 0.033691 0.816895 0.065430 0.122070 0.0 0.0 0.20772013580843895 0.0 0.0 0.0 0.2790023806196658 0.0 0.0 0.0 0.2016749153557085 0.0 0.0
0 0.047363 0.689453 0.092773 0.144531 0.0 0.0 0.1670053115790168 0.0 0.15839215045243732 0.0 0.24895241311163824 0.0 0.252858526425204 0.0 0.2040644906593131 0.0 0.20642835573515805
0 0.723633 0.717285 0.160156 0.118164 0.13634096565777634 0.0 0.02340905227641824 0.0 0.08503808123026978 0.0 0.20059846357337946 0.0 0.2176688090033325 0.0 0.9089512396567835 0.0 0.9048445558230999
0 0.895996 0.560059 0.137695 0.131836 0.0 0.014249567548709114 0.0868346058410442 0.006141829475572998 0.10723471249042399 0.28358691516944434 0.27669538904513685 0.28842414599941973 0.2687291719283824 0.8717243190673223 0.8745991563698325 0.8731249723577618 0.8762981152896605
0 0.968750 0.205078 0.062500 0.119141 0.27318708020115723 0.0 0.0 0.0 0.021811425497072746 0.0 0.0 0.0 0.12818366254159907 0.0 0.0 0.0 0.9115995056253081
0 0.357422 0.762207 0.226562 0.237305 0.29710538291122784 0.0 0.0029408441365942925 0.0 0.00782147785319168 0.0 0.16967467640104952 0.0 0.12920024569745656 0.0 0.817056060643979 0.0 0.17498595431349642
0 0.527832 0.358398 0.188477 0.242188 0.04855069561534838 0.0 0.019943604743229586 0.0 0.14518270754028564 0.0 0.2972837392344976 0.0 0.28420827077354566 0.0 0.20132861522728832 0.0 0.3409541102308199
0 0.816895 0.437500 0.104492 0.072266 0.0 0.007751723144021384 0.2559538493710509 0.0 0.2288274050685878 0.32093162566824385 0.2564201302736201 0.0 0.3029082572442446 0.38015464479284194 0.8753833642888665 0.0 0.8639957516310832
0 0.314453 0.076172 0.277344 0.150391 0.27211083288973476 0.0 0.0 0.0 0.0 0.0 0.0 0.0 0.0 0.0 0.0 0.0 0.0
0 0.906738 0.069824 0.186523 0.137695 0.16876321974830585 0.0 0.0 0.0 0.017523056605790784 0.0 0.0 0.0 0.17884079422120258 0.0 0.0 0.0 0.8741363058188287
0 0.104980 0.350098 0.208008 0.428711 0.2747954424884386 0.0 0.0 0.0 0.0 0.0 0.0 0.0 0.0 0.0 0.0 0.0 0.0
0 0.088379 0.590820 0.174805 0.070312 0.006115607530846471 0.10540134423761163 0.013577320310843782 0.0731920923194403 0.0 0.3331022007005852 0.4754743773179668 0.35998525807910786 0.0 0.2061126575110874 0.24075943011500586 0.22372213936815208 0.0
0 0.468262 0.875488 0.120117 0.084961 0.05660377343414996 0.0 0.10356745232245906 0.0 0.14796537559579592 0.0 0.15670520571314664 0.0 0.12495956734249222 0.0 0.8814762724834717 0.0 0.7313500248771654
0 0.525391 0.950684 0.195312 0.096680 0.2424236744315165 0.0 0.0 0.0 0.0 0.0 0.0 0.0 0.0 0.0 0.0 0.0 0.0
0 0.814453 0.824707 0.189453 0.145508 0.31010999403799333 0.0 0.0 0.0 0.0 0.0 0.0 0.0 0.0 0.0 0.0 0.0 0.0
0 0.930664 0.694824 0.138672 0.211914 0.44030180446481354 0.0 0.0 0.0 0.0 0.0 0.0 0.0 0.0 0.0 0.0 0.0 0.0
0 0.848145 0.483398 0.104492 0.072266 0.0 0.0 0.2862258741948388 0.0 0.24994932960709015 0.0 0.2696199638780806 0.0 0.29267159927947056 0.0 0.8562674416521147 0.0 0.8899255491845239
