0 0.290039 0.441895 0.107422 0.108398 0.0 0.11277089077798416 0.03370961107606709 0.10596507965896645 0.05017240042131445 0.2484901532928631 0.3263802772532284 0.3246551947337336 0.2918553436358613 0.9034605053652017 0.8897388661589225 0.9079104048362245 0.9099691478065128
0 0.847168 0.468750 0.100586 0.097656 0.0 0.07706177706221935 0.058100550461516416 0.07795294616927971 0.032288131371388896 0.3358686254226943 0.3593064717046467 0.3218092603645192 0.3698163758310479 0.9598839151518557 0.9708997652819559 0.9712574875849479 0.9621965687499691
0 0.266602 0.715820 0.101562 0.109375 0.0 0.10566863457490948 0.05139639916606733 0.11870401607791037 0.0 0.2870238859447829 0.2989018827104978 0.301458661980889 0.0 0.9379322534241229 0.9188862051505118 0.9612814271197136 0.0
0 0.767090 0.057129 0.124023 0.112305 0.0 0.026866536716436986 0.09025612278781867 0.020406295260197927 0.11870675268052538 0.30202598135100456 0.30825344334668625 0.3123908055095018 0.3815662421615892 0.8963707041065768 0.9009731422093927 0.8908870310763619 0.9008552469420108
0 0.188965 0.274414 0.088867 0.101562 0.0 0.09698722274049762 0.0 0.16659646745672482 0.045749339291845444 0.31521841861796107 0.0 0.34450788052783304 0.33188889944754857 0.9164288447511625 0.0 0.8909587480626467 0.8756479025731434
0 0.400391 0.367676 0.078125 0.083008 0.0 0.1758962221482318 0.0 0.14784844314501547 0.0 0.15981390791485753 0.0 0.32802641060218124 0.0 0.9018846399325374 0.0 0.9089259021838239 0.0
0 0.538574 0.748535 0.098633 0.106445 0.0 0.0 0.0 0.12972046567729012 0.20205477950363548 0.0 0.0 0.3154297394881869 0.2802941876436101 0.0 0.0 0.9620606758130211 0.3263127376993424
0 0.624023 0.197266 0.083984 0.085938 0.0 0.032606992397488266 0.10295623082872074 0.12174086912843204 0.0 0.29600099798328044 0.31492936163286805 0.3214351250415618 0.0 0.8974047947469168 0.9163932635724724 0.9141511486808654 0.0
0 0.743652 0.332520 0.098633 0.096680 0.08424758562085292 0.0 0.010883446335325198 0.0988017178580707 0.032138037683649444 0.0 0.11970470263902783 0.30353948681484955 0.3493554707852722 0.0 0.7688686322120164 0.856734568526521 0.006774488978588996
0 0.396484 0.888672 0.085938 0.082031 0.04177908644337223 0.048817276764792375 0.04526237860305922 0.09453736473963306 0.024615378810207842 0.3255630938676789 0.32561546352085374 0.3138048082892801 0.3249384206721059 0.9657356786301448 0.9605552540564947 0.9752679090471115 0.9661093564524972
0 0.597656 0.449219 0.082031 0.089844 0.04574768244256509 0.16127086909351782 0.0 0.09948791054471309 0.0 0.17265170872202396 0.0 0.32229813615638847 0.0 0.9226749768561484 0.0 0.930557111285254 0.0
0 0.413086 0.597168 0.097656 0.110352 0.0 0.0 0.0 0.10669890559886447 0.2079388144779215 0.0 0.0 0.30593480326799627 0.19679904044474766 0.0 0.0 0.9112968505722121 0.24643371023938856
0 0.355957 0.399902 0.083008 0.084961 0.0 0.22931930170850465 0.0 0.1376019789086586 0.0 0.21128499933411335 0.0 0.3331332610443617 0.0 0.9228258481458147 0.0 0.9084653577062883 0.0
0 0.138184 0.560547 0.084961 0.083984 0.0 0.1970767990628232 0.06767911754711392 0.08730065396517613 0.0 0.188920114377588 0.31711407019185706 0.318560563577979 0.0 0.9379613955645817 0.9101576407916847 0.9099347590697303 0.0
0 0.859375 0.166504 0.111328 0.084961 0.0 0.05321616338471195 0.036514846162064095 0.10285335617264131 0.07157440761782062 0.2597028614340672 0.3107872991375889 0.2887270206928022 0.3246684091818107 0.8593709622446914 0.9010225663407557 0.951393982244937 0.8828236993151588
0 0.482422 0.092285 0.066406 0.069336 0.0 0.158390942089623 0.0 0.20411564699393592 0.0 0.13594299368164572 0.0 0.3208338880042617 0.0 0.8983582891550506 0.0 0.8816013888997292 0.0
0 0.686035 0.379395 0.081055 0.077148 0.0 0.14955922433594626 0.0 0.1611003236063189 0.0 0.3509238603992274 0.0 0.3418698227234102 0.0 0.9484448252486617 0.0 0.9279964354199213 0.0
0 0.532227 0.266113 0.070312 0.079102 0.0 0.13798622271312647 0.0 0.19118528447788646 0.0 0.24083017171597113 0.0 0.24403945050918716 0.0 0.9009020033839448 0.0 0.9169457585252714 0.0
0 0.577148 0.239258 0.080078 0.080078 0.0 0.0870794788347217 0.040339981208152347 0.15156932224986966 0.0 0.3102091546237477 0.2809822806971345 0.32033495480122226 0.0 0.9248588160067739 0.8822638691857649 0.9072858599276173 0.0
0 0.490234 0.297852 0.074219 0.085938 0.0 0.1701337826730819 0.0 0.20735275196738548 0.0 0.2491855239685753 0.0 0.24849802679881994 0.0 0.9050348749597288 0.0 0.9100037439803473 0.0
0 0.214355 0.771484 0.073242 0.072266 0.03031315661390676 0.0842850470083432 0.0 0.19340626067719185 0.0 0.09367966787459046 0.0 0.3308639941374364 0.0 0.9480802449289646 0.0 0.9331780066517694 0.0
0 0.429199 0.117676 0.075195 0.081055 0.0 0.12223435782564096 0.0 0.19575498411079667 0.0 0.3477219349064772 0.0 0.3670700325080327 0.0 0.8953268994194173 0.0 0.8733945371570049 0.0
0 0.525879 0.052734 0.084961 0.078125 0.0 0.06680774449093375 0.08170207713998734 0.11493825114213783 0.0 0.3033219492829358 0.33427121278580035 0.31714639305301673 0.0 0.8592559115026721 0.8611887567075042 0.892799559934956 0.0
0 0.388184 0.155273 0.067383 0.068359 0.0 0.12819805316144614 0.0 0.2183082051708261 0.0 0.31028889052508185 0.0 0.36761335645198784 0.0 0.8838108969148126 0.0 0.8686034250727087 0.0
0 0.810547 0.124023 0.076172 0.064453 0.0 0.0 0.07454446826692128 0.0 0.12253139975674897 0.0 0.29773849192001905 0.0 0.30281181698671455 0.0 0.9215869378393255 0.0 0.8876400451538886
0 0.091309 0.608887 0.073242 0.069336 0.0 0.13214176519049647 0.0 0.14354396007640524 0.0 0.3186815515350848 0.0 0.3172850782124971 0.0 0.909445811125723 0.0 0.9131730335948112 0.0
0 0.445801 0.333008 0.077148 0.080078 0.0 0.14169142289544043 0.0 0.12462854649196194 0.0 0.23218386403361393 0.0 0.34293570246540533 0.0 0.9088758697849809 0.0 0.9092155401501277 0.0
0 0.132812 0.843750 0.068359 0.076172 0.0 0.110045775820501 0.0 0.1277624760244138 0.0 0.31332253489010825 0.0 0.3410174093491012 0.0 0.9401297529530884 0.0 0.9297762688811405 0.0
0 0.804688 0.518555 0.072266 0.076172 0.0 0.1227806401689347 0.02047303024055649 0.14836324448162047 0.02695881951580026 0.337308098707556 0.3816158139014263 0.332760371719913 0.3443423241480488 0.9543891545877811 0.9764602981762541 0.9362100103214138 0.9460835453699827
0 0.244629 0.239746 0.081055 0.090820 0.0 0.053990175693913504 0.0 0.2297230048139857 0.0 0.2830340742446298 0.0 0.3363858614290244 0.0 0.8916944530368229 0.0 0.8915170401363045 0.0
0 0.196777 0.052246 0.067383 0.073242 0.0 0.17094999451700535 0.0 0.16715037319468537 0.0 0.3125917283825809 0.0 0.41095506991539915 0.0 0.853078233071368 0.0 0.8546671070902151 0.0
0 0.649414 0.422852 0.064453 0.072266 0.0 0.11484056484227573 0.0 0.1542640044637186 0.0 0.30915867302446354 0.0 0.32311327572646464 0.0 0.9280717369923477 0.0 0.9363785953513425 0.0
0 0.517578 0.519043 0.074219 0.079102 0.0 0.07982133359543983 0.0 0.10196058391597569 0.022607270350423918 0.30623656138918864 0.0 0.33009348636676195 0.3186379916633384 0.9380746249228221 0.0 0.9299928617688207 0.9127323576166294
0 0.339355 0.182129 0.075195 0.084961 0.0 0.047033646522809947 0.06911709843193103 0.1298606053611531 0.0 0.3137033547049842 0.251071057059718 0.3261581107232572 0.0 0.8689093973116051 0.9147279100928172 0.8839536681043866 0.0
0 0.044434 0.906250 0.071289 0.103516 0.0 0.07649018360423902 0.01910345665343112 0.15992397859903734 0.0805167822046964 0.302564738310636 0.31982490812238407 0.3317433464191111 0.2642517226089321 0.9548714559761269 0.9147316287513653 0.9244008720588448 0.9314499409642214
0 0.083984 0.876465 0.064453 0.084961 0.0 0.15872669730988426 0.0 0.14578113014994307 0.0 0.27802147553761025 0.0 0.3534878650740474 0.0 0.9263178449574906 0.0 0.9246562452428129 0.0
0 0.018555 0.952148 0.035156 0.070312 0.0 0.0 0.0 0.1943724604536345 0.0 0.0 0.0 0.3855638405588872 0.0 0.0 0.0 0.9196229270614487 0.0
0 0.683594 0.634277 0.066406 0.069336 0.0 0.07766314647850463 0.0 0.21310107073364068 0.0 0.24455442934668298 0.0 0.4200070855449749 0.0 0.9658907979906713 0.0 0.9820995780914448 0.0
0 0.297852 0.216797 0.066406 0.066406 0.0 0.1110974445549221 0.0 0.19681506233528925 0.0 0.30748976197397765 0.0 0.3340367282487702 0.0 0.8806256002498819 0.0 0.8338532911661451 0.0
0 0.476074 0.561035 0.073242 0.071289 0.0 0.04703449992343777 0.0 0.1485997461502719 0.0 0.19451162150114942 0.0 0.35498453244579914 0.0 0.960130520008646 0.0 0.9319511908403494 0.0
0 0.640137 0.669922 0.075195 0.074219 0.0 0.09647702719961096 0.0 0.2198339932208708 0.0 0.2561608954474841 0.0 0.4140582250283715 0.0 0.9574708176238096 0.0 0.9730651730397823 0.0
0 0.143066 0.083496 0.075195 0.081055 0.0 0.0695183225497382 0.08367089362810186 0.1638857600911413 0.0 0.31531064297505607 0.2535716985427703 0.3180738145813514 0.0 0.8413547445979765 0.8523906708128802 0.8511749831495687 0.0
0 0.030762 0.406250 0.059570 0.070312 0.061664641118244275 0.04959260006382219 0.030458799364169953 0.11211429021217498 0.0 0.26666280637753115 0.2978775098604089 0.2834749796928731 0.0 0.8873663898327583 0.8919086654762538 0.8832078114470209 0.0
0 0.168457 0.805176 0.083008 0.071289 0.03625502838985827 0.05892980962223021 0.034292506668670064 0.06605129617906338 0.0 0.29413488196739257 0.26063671609692884 0.3564613775596287 0.0 0.6151590040241108 0.9829565290413487 0.939963072056033 0.0
0 0.351074 0.935547 0.071289 0.068359 0.0 0.07291759621857752 0.0 0.23945841079663654 0.0 0.258673091464532 0.0 0.2724846673278685 0.0 0.9468653353170017 0.0 0.9627270800458291 0.0
0 0.597656 0.709473 0.074219 0.069336 0.0 0.11951243885380837 0.0 0.07498301692286677 0.0 0.318682737483467 0.0 0.3250618196695717 0.0 0.9642309102403769 0.0 0.9693904553753252 0.0
0 0.304199 0.963867 0.075195 0.068359 0.041783371383359955 0.12036024315413864 0.0 0.11303817872787111 0.0 0.3328540276579581 0.0 0.33463917835169443 0.0 0.962093668158089 0.0 0.9870998078008294 0.0
0 0.722168 0.594238 0.069336 0.071289 0.09966648601012634 0.09482232336011423 0.0 0.12905513086747952 0.0 0.34190795895929293 0.0 0.4720526454359826 0.0 0.45892847551925475 0.0 0.9796326655452176 0.0
0 0.759766 0.561523 0.072266 0.072266 0.0 0.06412896902875424 0.0 0.09080503509955433 0.06342469702274568 0.25834277704753006 0.0 0.41757147479203405 0.4225002207463241 0.03225565927204573 0.0 0.95698343905041 0.03980088212730569
0 0.047363 0.643066 0.065430 0.065430 0.0 0.14374070252444154 0.0 0.16564768595029328 0.0 0.3019548710432061 0.0 0.35105200640373596 0.0 0.8898988721950174 0.0 0.8783166750368796 0.0
0 0.556641 0.488281 0.074219 0.078125 0.0 0.07189145384530901 0.05882333747022632 0.12677137677537137 0.0 0.3127670364963684 0.2834554209788801 0.3222085946678328 0.0 0.9301051601992514 0.9945790824970054 0.9412958003168158 0.0
0 0.241699 0.033203 0.067383 0.064453 0.0 0.1397244807364995 0.0 0.13454030512849433 0.0 0.3172881967851163 0.0 0.4145283787336054 0.0 0.8541520905908756 0.0 0.8583193610214026 0.0
0 0.017090 0.678711 0.032227 0.070312 0.0 0.0 0.0 0.07815917090672875 0.0 0.0 0.0 0.35118648200758906 0.0 0.0 0.0 0.9179196296644287 0.0
0 0.823242 0.768066 0.115234 0.125977 0.0 0.23739202065667273 0.0 0.07466431319121314 0.0 0.07303879447970812 0.0 0.12738598253192385 0.0 0.9767658251871659 0.0 0.994824030787701 0.0
0 0.887695 0.704590 0.105469 0.094727 0.0 0.20684224375348917 0.0 0.0 0.0 0.07151851300935756 0.0 0.0 0.0 0.9696458842143629 0.0 0.0 0.0
0 0.983398 0.376953 0.033203 0.117188 0.0 0.12016817679309094 0.0 0.0 0.10044139334917007 0.2660852890054262 0.0 0.0 0.3126283421687152 0.9683319076000342 0.0 0.0 0.9705181676707497
0 0.084473 0.122070 0.090820 0.097656 0.01775527390677919 0.03684533883446088 0.02387426084280442 0.09440516438874012 0.019142561068438722 0.37324670168643914 0.2688450419219542 0.3192512001045916 0.3071388336023033 0.8561179708159868 0.845800904301652 0.8515469557869221 0.8484986595322505
0 0.294434 0.014160 0.075195 0.026367 0.0 0.0 0.0 0.18725457520065314 0.0 0.0 0.0 0.24673915944679778 0.0 0.0 0.0 0.8505110887622436 0.0
0 0.733887 0.857422 0.163086 0.191406 0.0 0.0 0.0 0.0 0.20617860191606255 0.0 0.0 0.0 0.07273154434745427 0.0 0.0 0.0 0.0016589808542126624
