0 0.967773 0.888672 0.064453 0.125000 0.0 0.0 0.16841080788953636 0.03517870933952767 0.15816331376464918 0.0 0.3065698535724244 0.2961337503301736 0.3157922926649695 0.0 0.7520292371865469 0.7409248016428908 0.7462792626696919
0 0.922852 0.159180 0.154297 0.146484 0.02170319864551577 0.15012396015006324 0.0 0.17356351585237556 0.021626482463180333 0.17656991166440764 0.0 0.18743974749687856 0.10077078647057218 0.751778093308697 0.0 0.7491603442515832 0.7493640796628328
0 0.791992 0.612793 0.128906 0.106445 0.0 0.10985121987460338 0.033185508820162996 0.12042682004185748 0.0 0.2815473238969093 0.27063414283299625 0.28405122921884 0.0 0.7491702616640009 0.7300717157975192 0.7458471671957378 0.0
0 0.345703 0.718750 0.103516 0.164062 0.0 0.0 0.18120790414419022 0.0 0.18852970086224763 0.0 0.29458211782847177 0.0 0.2823534289671284 0.0 0.7473047573921536 0.0 0.751282452127717
0 0.290527 0.566895 0.124023 0.166992 0.0 0.026282731932885495 0.15804113223701682 0.0 0.14123093881305354 0.2590431501306767 0.27680817289648674 0.0 0.2754041686594145 0.74057545517642 0.7509271102729745 0.0 0.7369458850598604
0 0.807129 0.063965 0.088867 0.122070 0.0 0.02582779972741621 0.1359726829772503 0.030326652601614008 0.10673351295720633 0.26576961118602976 0.27317119424650504 0.27320457312381574 0.2828908471352682 0.7221945054280263 0.7451210510507622 0.7334558380035004 0.7460948475621018
0 0.888184 0.668945 0.071289 0.142578 0.0 0.024199413285925706 0.1284649315027385 0.0 0.10486351019977073 0.30950034589151393 0.33223258613428897 0.0 0.3373999877061238 0.7561992852298518 0.7679900232390326 0.0 0.7283038743760155
0 0.315430 0.065430 0.101562 0.128906 0.0 0.0 0.19079509514577986 0.0 0.25573507383098354 0.0 0.29608527546614305 0.0 0.29378010281019595 0.0 0.7474149890562586 0.0 0.74542154269192
0 0.610352 0.799316 0.091797 0.157227 0.0 0.03596363258416549 0.17836349525407608 0.0 0.17066950868948755 0.300704265349109 0.292517003786238 0.0 0.29369077935325855 0.7474513307228811 0.749816426650192 0.0 0.7441664574864347
0 0.579102 0.157227 0.093750 0.132812 0.0 0.013075319290353264 0.10803124581831354 0.027906800300091843 0.07859544539403625 0.29619068463107356 0.27398379442779425 0.2592938527486251 0.2905540784250247 0.7338140991350428 0.7436152599572421 0.730398645331003 0.7432365749317997
0 0.931641 0.380859 0.101562 0.076172 0.0 0.11709492544368107 0.0 0.16869168006444324 0.0 0.2852964411822843 0.0 0.2783246727958344 0.0 0.7473166242142502 0.0 0.7480662956570749 0.0
0 0.486328 0.947266 0.097656 0.105469 0.0 0.05393429215910626 0.16495056397235408 0.0 0.1365002531776466 0.29556978557193625 0.29121574329251804 0.0 0.29083068479897556 0.7540974842402574 0.747399810858103 0.0 0.744195751408875
0 0.572754 0.043457 0.090820 0.084961 0.0 0.0 0.16390435248262933 0.05521292837076017 0.24365435392639975 0.0 0.29554868422644087 0.2684067954357227 0.28635583987161667 0.0 0.748685214514404 0.7331122794882491 0.7473638967098901
0 0.364746 0.192383 0.106445 0.154297 0.0 0.0 0.17766891915127797 0.0 0.1970279780569231 0.0 0.2856532757312069 0.0 0.2931023873534442 0.0 0.7454203461456426 0.0 0.7487098993223273
0 0.421387 0.328125 0.106445 0.154297 0.0 0.0 0.1798199259020563 0.0 0.1571346128762723 0.0 0.28056413865872615 0.0 0.2918181382672408 0.0 0.7488488734360165 0.0 0.7475323747094171
0 0.474121 0.471680 0.106445 0.154297 0.0 0.0 0.14060874773395768 0.041223575608496175 0.14330604886941276 0.0 0.27756352846500293 0.264531703467832 0.2748722066027974 0.0 0.745721690297274 0.7436081552948167 0.7460233582487887
0 0.400391 0.842773 0.103516 0.164062 0.037564982741755217 0.0 0.1867734974850576 0.020702727969393746 0.1697425361624922 0.0 0.2893758414721902 0.2878864617270283 0.2866287082654364 0.0 0.7473900968112834 0.7468446024875321 0.7575719938794281
0 0.673340 0.931641 0.098633 0.134766 0.0 0.0 0.12990822356369994 0.028976419311899437 0.15717240872251412 0.0 0.30583696887303646 0.3070555730285664 0.29391710737863147 0.0 0.7484881149856077 0.7323356869796183 0.7611707446621169
0 0.935059 0.784668 0.077148 0.125977 0.0 0.0 0.1987545748354856 0.0 0.13390435575179643 0.0 0.3110103665247033 0.0 0.304527682666959 0.0 0.7656512716034819 0.0 0.7455695301239369
0 0.663086 0.667480 0.128906 0.106445 0.0 0.12710399710486073 0.0 0.10499154904408571 0.019651114867168144 0.2992845889580474 0.0 0.2987107790262902 0.30424044144437606 0.7504481900577104 0.0 0.7462557642900859 0.739380164480053
0 0.600586 0.513672 0.126953 0.111328 0.0 0.12878893449467946 0.0 0.13148645238674586 0.019913081128040508 0.2941721290635818 0.0 0.2829031163088262 0.28886369928700584 0.7513200257597671 0.0 0.7471058192777895 0.7339304324322907
0 0.715820 0.476074 0.126953 0.110352 0.0 0.05562389790098213 0.0 0.060707606425424665 0.0 0.29064913349101484 0.0 0.277025008481984 0.0 0.7448397525414134 0.0 0.7463671722645485 0.0
0 0.831055 0.426270 0.126953 0.110352 0.0 0.13588888323731385 0.0 0.13138449359686213 0.0 0.2783472565862092 0.0 0.2885587463090343 0.0 0.7473916804041296 0.0 0.7482698352943411 0.0
0 0.730957 0.020020 0.073242 0.038086 0.0 0.0 0.0 0.1475446517771115 0.09159509336785426 0.0 0.0 0.27887238415884735 0.2752840359934172 0.0 0.0 0.7786793552990534 0.7284190769000165
0 0.805664 0.209961 0.115234 0.087891 0.0 0.10442593482268438 0.03996033868222195 0.12462556589878102 0.0 0.2912244207818378 0.2531778276763776 0.28806990165723767 0.0 0.7476328619728219 0.7487984059271494 0.743349746471218 0.0
0 0.690430 0.254883 0.115234 0.087891 0.0 0.15140327153049896 0.0 0.1346418182014374 0.03469819346289267 0.2718842844670908 0.0 0.28053202504279057 0.25283674867150646 0.7461820539021204 0.0 0.7502171981177027 0.7498365769714161
0 0.266113 0.417480 0.124023 0.166992 0.0 0.0 0.11933772905208075 0.024615193986745144 0.13349015779036263 0.0 0.2855255387496261 0.2835773340476648 0.2791102448387032 0.0 0.7464863868931 0.7460823533761584 0.7472087755247401
0 0.209473 0.266113 0.124023 0.166992 0.0 0.0 0.12728862340592179 0.0 0.16762610903537867 0.0 0.284123316923738 0.0 0.2804177759123366 0.0 0.7456330306472977 0.0 0.7473007554055628
0 0.147949 0.123535 0.124023 0.166992 0.0 0.0 0.17147170502539885 0.0 0.15205487759294042 0.0 0.28571493788911345 0.0 0.2815661197425445 0.0 0.7466612017903569 0.0 0.7465969423570884
0 0.060059 0.851074 0.118164 0.291992 0.25875480701698206 0.0 0.0 0.0 0.0 0.0 0.0 0.0 0.0 0.0 0.0 0.0 0.0
