0 0.568848 0.345703 0.083008 0.105469 0.2787485582399015 0.0 0.0 0.0 0.0 0.0 0.0 0.0 0.0 0.0 0.0 0.0 0.0
0 0.578613 0.237630 0.090820 0.108073 0.3059275672430543 0.0 0.0 0.0 0.0 0.0 0.0 0.0 0.0 0.0 0.0 0.0 0.0
0 0.074707 0.240885 0.102539 0.161458 0.0 0.0 0.13426827543227662 0.0 0.1453173468158909 0.0 0.3438996230291403 0.0 0.32666642169630633 0.0 0.7825073979463895 0.0 0.6096582935665564
0 0.455566 0.503906 0.071289 0.093750 0.0 0.0 0.1477557724668629 0.0 0.13484970802059537 0.0 0.2801387326632079 0.0 0.27906903519706694 0.0 0.9733498300282302 0.0 0.969959913542587
0 0.562988 0.447917 0.077148 0.101562 0.3356403022403255 0.0 0.0 0.0 0.0 0.0 0.0 0.0 0.0 0.0 0.0 0.0 0.0
0 0.225586 0.179688 0.119141 0.156250 0.3142459773909126 0.0 0.01007057643774762 0.006274732137245129 0.0071504315251969324 0.0 0.22148662270331249 0.16454883804402273 0.26946937875918925 0.0 0.7160725411019134 0.7958046886050264 0.6678665660502039
0 0.206055 0.568359 0.107422 0.087240 0.0 0.0 0.2133056570033396 0.0 0.21598261467182325 0.0 0.2463656067563484 0.0 0.272101317181886 0.0 0.44109721225090465 0.0 0.47875300674895793
0 0.068848 0.443359 0.096680 0.082031 0.0 0.0 0.22301195498220816 0.0 0.1324324366264749 0.0 0.2678369964461622 0.0 0.3333404978339032 0.0 0.46621130082166673 0.0 0.4488053593141198
0 0.363281 0.334635 0.066406 0.078125 0.0 0.0 0.10665355709835508 0.0 0.21635221945917474 0.0 0.2508098088641238 0.0 0.2972269236076846 0.0 0.5426075670275473 0.0 0.5415200571815111
0 0.056641 0.681641 0.105469 0.082031 0.0 0.0 0.18552978671688497 0.0 0.21702395650041004 0.0 0.2685086805288481 0.0 0.2561223899616771 0.0 0.43672874658062455 0.0 0.4367361114867442
0 0.584961 0.096354 0.089844 0.171875 0.0 0.06306132889791509 0.10348886945324813 0.025313587523126783 0.10569341825694434 0.3330318014420468 0.34701401532111287 0.3618865547606993 0.32868154027322893 0.4448743299462701 0.44124389530651786 0.41969151860334425 0.4362281741232218
0 0.394531 0.118490 0.101562 0.072917 0.0 0.0 0.19862870975894953 0.0 0.17109893611525676 0.0 0.2786848233592242 0.0 0.2795627297434733 0.0 0.4647318533883208 0.0 0.45243826104265883
0 0.938477 0.559245 0.123047 0.126302 0.1022753589408287 0.1105524044810702 0.0 0.12421322725721104 0.0 0.26900426479756545 0.0 0.2828856802540177 0.0 0.43327891174365096 0.0 0.448019476333168 0.0
0 0.430664 0.434245 0.085938 0.100260 0.0 0.0 0.1154612693185996 0.0 0.1450063362430447 0.0 0.29330882470322234 0.0 0.3017845920225465 0.0 0.9544739571834785 0.0 0.9641411994976626
0 0.187988 0.858724 0.110352 0.076823 0.0 0.0 0.1755164415184344 0.0 0.182533838511212 0.0 0.22067103256363782 0.0 0.2520053149883106 0.0 0.38749603630832136 0.0 0.5268683907199441
0 0.052734 0.757161 0.103516 0.071615 0.0 0.0 0.20248194166077038 0.0 0.20205060886136764 0.0 0.2698158715108128 0.0 0.2620566475249804 0.0 0.44791176313363 0.0 0.42265681487762474
0 0.171387 0.378906 0.086914 0.104167 0.0 0.024772605058003903 0.1292543137715742 0.0 0.20801789417338123 0.3218198388833608 0.30758713579116276 0.0 0.28010933519982373 0.010119925752021587 0.9717574473142325 0.0 0.9321806194234312
0 0.392090 0.186198 0.104492 0.070312 0.0 0.0 0.21564611734559155 0.0 0.195857767799937 0.0 0.2785482843268334 0.0 0.2792534957042626 0.0 0.4482414146248219 0.0 0.4485285089797622
0 0.915527 0.229167 0.059570 0.083333 0.0 0.19191266795275208 0.0 0.10197520469920529 0.0 0.29350915680106654 0.0 0.3185252081782141 0.0 0.45170527802619065 0.0 0.4504700206052184 0.0
0 0.204102 0.647135 0.099609 0.070312 0.0 0.0 0.16843525197244225 0.0 0.18294499458317248 0.0 0.23697308308162443 0.0 0.2594699630355966 0.0 0.44898960967334084 0.0 0.41957108719259456
0 0.063477 0.604818 0.113281 0.069010 0.0 0.0 0.21419825893845298 0.0 0.22011842444908508 0.0 0.27439931728116285 0.0 0.2574306294527235 0.0 0.462171236812824 0.0 0.44515242236401553
0 0.382812 0.384766 0.062500 0.097656 0.0 0.0 0.061486205519277456 0.0 0.1567629617931767 0.0 0.26336535950466017 0.0 0.2645353694872848 0.0 0.8398631931831875 0.0 0.8449712462808928
0 0.066895 0.529297 0.114258 0.092448 0.0 0.0 0.09004326074260331 0.0 0.0821161818438933 0.0 0.26512619548020644 0.0 0.3410475933669598 0.0 0.4400492288160655 0.0 0.4368042086835064
0 0.050781 0.366536 0.052734 0.082031 0.0 0.0 0.03615358595340165 0.0 0.2768146563678634 0.0 0.28041928884071793 0.0 0.2975400510041026 0.0 0.37373185806565884 0.0 0.44835755112877607
0 0.222656 0.459635 0.093750 0.127604 0.0 0.019460710065962374 0.1215516265121114 0.011690349592292365 0.0691425347772808 0.28571659953450995 0.30813738085711695 0.29133926748773936 0.34040144555138535 0.4392036792243532 0.6733938566084708 0.9817530598275527 0.7361447461508208
0 0.147949 0.322266 0.063477 0.089844 0.0 0.0 0.11921423201388064 0.0 0.18601310608439597 0.0 0.3164964175704126 0.0 0.2529247316618626 0.0 0.9727722236974196 0.0 0.9554662521238201
0 0.189941 0.785156 0.110352 0.075521 0.0 0.0 0.16283071073063538 0.0 0.2050275279238561 0.0 0.257359250591897 0.0 0.2618392898298857 0.0 0.45422130690459805 0.0 0.4599259697567716
0 0.972168 0.236328 0.055664 0.082031 0.0 0.19130673726295266 0.0 0.10860475048500882 0.0 0.2908157165020437 0.0 0.3107686908491694 0.0 0.44937231307868664 0.0 0.4478599776503845 0.0
0 0.044434 0.904297 0.086914 0.079427 0.0 0.0 0.1580528478124329 0.0 0.16701583542582818 0.0 0.2688439309411557 0.0 0.2541551250423052 0.0 0.4752430307159039 0.0 0.337332877509973
0 0.181641 0.948568 0.113281 0.102865 0.0 0.0 0.1838887833162798 0.0 0.19484603728554784 0.0 0.25932335466672324 0.0 0.27920672113326206 0.0 0.2772160581013888 0.0 0.21915624863281674
0 0.051270 0.828125 0.100586 0.078125 0.0 0.0 0.225212854910566 0.0 0.20062083166963487 0.0 0.27460450213084453 0.0 0.2673863095712568 0.0 0.44095463679516783 0.0 0.43308879046995735
0 0.525391 0.589193 0.150391 0.102865 0.25752572456242145 0.0 0.0 0.0 0.0 0.0 0.0 0.0 0.0 0.0 0.0 0.0 0.0
0 0.807617 0.507812 0.132812 0.252604 0.020068221050146794 0.05109087331069813 0.021329237434879137 0.05380150195379631 0.05922485990445449 0.21864987035937067 0.1852400990864277 0.19312096610744503 0.19542586426671885 0.4575556429082719 0.4487903450801273 0.435647827087374 0.4640444220443075
0 0.387695 0.257812 0.111328 0.085938 0.0 0.0 0.152770935801489 0.0 0.145834817905181 0.0 0.2767271789690082 0.0 0.27987200096662457 0.0 0.43800273812918755 0.0 0.4412680178920384
0 0.036621 0.968750 0.071289 0.062500 0.0 0.0 0.22056733576352688 0.0 0.19600174285878105 0.0 0.322549226039468 0.0 0.3354115350796985 0.0 0.44207231187547535 0.0 0.44372673421126163
0 0.835449 0.226562 0.100586 0.093750 0.0 0.16029461085282162 0.0 0.130819216295782 0.050861563746403465 0.28289764378916876 0.0 0.3030674376360787 0.28229347017233813 0.44705057999781767 0.0 0.44936466832453825 0.4555396222717895
0 0.859863 0.900391 0.094727 0.199219 0.0 0.0 0.3291947710187352 0.0 0.0 0.0 0.07010774022000882 0.0 0.0 0.0 0.49177010644809926 0.0 0.0
0 0.507324 0.899089 0.133789 0.186198 0.21433826100071043 0.0 0.0 0.0 0.0 0.0 0.0 0.0 0.0 0.0 0.0 0.0 0.0
0 0.196289 0.714844 0.107422 0.075521 0.0 0.0 0.18538789083912133 0.0 0.22669830331226415 0.0 0.2557471820590806 0.0 0.27763746706892417 0.0 0.4445572580183864 0.0 0.44398779921953757
0 0.560547 0.530599 0.078125 0.063802 0.2152657629967735 0.0 0.0 0.0 0.0 0.0 0.0 0.0 0.0 0.0 0.0 0.0 0.0
0 0.410156 0.044922 0.128906 0.087240 0.0 0.1307190260442438 0.1418782071323828 0.05857889223051761 0.12543668773094896 0.35444211241463075 0.36916642424280005 0.3639045533153101 0.3695641969872664 0.45035373537142664 0.4419195158066883 0.4422662803931164 0.42067693708711373
0 0.506348 0.067057 0.059570 0.131510 0.0 0.1948542013109245 0.0 0.2020495329910859 0.0 0.27945453868567427 0.0 0.2782863122708011 0.0 0.44183330205480803 0.0 0.44223159821033087 0.0
0 0.188965 0.053385 0.198242 0.104167 0.0 0.07758928613342835 0.043254475859594 0.09094764432175684 0.09815041743095673 0.2718458513905819 0.26106856594407224 0.2641526010069567 0.3032356272088724 0.40094877678705326 0.5710166126861914 0.4799852539047026 0.7608902740050418
0 0.963379 0.961589 0.073242 0.076823 0.24193608339148973 0.0 0.0 0.0 0.0 0.0 0.0 0.0 0.0 0.0 0.0 0.0 0.0
0 0.412109 0.956380 0.076172 0.087240 0.0 0.1725934928147715 0.0 0.1277851060575766 0.0 0.279671327762381 0.0 0.2715201835803003 0.0 0.9728812689332074 0.0 0.9800511664138627 0.0
0 0.978027 0.050130 0.043945 0.097656 0.0 0.14433697349095745 0.0 0.14752717353387026 0.0 0.12266915346473001 0.0 0.42090056455087954 0.0 0.4467473195986691 0.0 0.4397457129164094 0.0
0 0.889648 0.047526 0.128906 0.092448 0.0 0.10603774209910291 0.0259600547069949 0.15313331256917329 0.04939173755689853 0.32959433606675315 0.10177971124932407 0.3485692663508493 0.21938151758971824 0.4476830596497486 0.4308377653397315 0.442114346629579 0.46276346632876464
