0 0.778320 0.743490 0.080078 0.104167 0.054390224010139245 0.020763012940755582 0.06368589682500334 0.05080101666544147 0.1454550514196687 0.504003596156939 0.39027798546420855 0.4788912964533801 0.3840658436730613 0.8419548905530484 0.8071232922806912 0.7990887953399503 0.8027050370078412
0 0.661133 0.365885 0.123047 0.114583 0.0 0.015946775936371685 0.04467257287887144 0.028258862424619332 0.06201807964281693 0.3413662108560964 0.27337350642761554 0.39087851936581536 0.33133097232455033 0.8068518163326848 0.8288765682847543 0.7925461571339951 0.7738544630664803
0 0.763184 0.031901 0.096680 0.061198 0.0 0.0 0.1453185024980551 0.04328504640100605 0.16502385053632776 0.0 0.3250980779652649 0.28928776224557007 0.32229640479182814 0.0 0.8018799989445589 0.8183748969353524 0.789346185680309
0 0.406738 0.813151 0.092773 0.097656 0.0 0.0 0.09412967927601104 0.0 0.07410178257583934 0.0 0.2684546368213729 0.0 0.2842665796811856 0.0 0.792841552697638 0.0 0.8027597665183246
0 0.452148 0.417318 0.101562 0.089844 0.0 0.028097509127470062 0.10328029904751813 0.030035696471598053 0.05756281921293481 0.31846318913784216 0.3253363437993833 0.3048408642377804 0.31862351419288965 0.8174979563009929 0.8100491518376143 0.8103885085208377 0.8270989179526926
0 0.543457 0.632161 0.090820 0.097656 0.0 0.0 0.11569343576469106 0.019633044457992167 0.08224760823956341 0.0 0.1596636801455712 0.22009576275097373 0.32795748409077274 0.0 0.8063920219102694 0.6322677238146235 0.7940468736490932
0 0.978516 0.601562 0.042969 0.104167 0.0 0.0 0.07240024799599053 0.0 0.21272016018959417 0.0 0.2313555645462777 0.0 0.29685215183355085 0.0 0.8636542239009001 0.0 0.782880072430557
0 0.620117 0.307943 0.078125 0.092448 0.0 0.02158501266212321 0.1476626526357113 0.0 0.15067858873832654 0.1736182168187237 0.3205459477550543 0.0 0.32447076312880113 0.9798841859982304 0.7910094303437728 0.0 0.8121825437152927
0 0.478027 0.492839 0.092773 0.095052 0.0 0.03683861907431579 0.0997942476985716 0.021151302156859498 0.07951380190303194 0.2870709075223613 0.3462165824243444 0.30422419672215834 0.346365425040981 0.8039462538597614 0.8144114418785197 0.8058260180462601 0.8014442720841802
0 0.641113 0.852214 0.129883 0.121094 0.0 0.040152514357964485 0.05699268749296674 0.08654359237939908 0.08967745692692923 0.35440843337006933 0.35768841095585274 0.35308564802748466 0.3569748435527493 0.8004024481543957 0.7562986400246703 0.8067460445274606 0.8008526865157879
0 0.305176 0.609375 0.077148 0.093750 0.0 0.0 0.20112108521746197 0.0 0.060255240453473725 0.0 0.33267168208049624 0.0 0.38257923444287617 0.0 0.8129334458603721 0.0 0.7986734920108783
0 0.677246 0.455078 0.077148 0.102865 0.0 0.0 0.1433896325935132 0.0 0.14775248351204096 0.0 0.2908139099350223 0.0 0.3408380532985278 0.0 0.8209417098529782 0.0 0.8007972254968074
0 0.587402 0.236979 0.081055 0.083333 0.0 0.0 0.2018466447521983 0.02138934531269036 0.07363647035304313 0.0 0.3032566641270094 0.2882615596411482 0.331548533052898 0.0 0.8136856963337105 0.7198722613461428 0.7976420545626002
0 0.360840 0.751302 0.077148 0.088542 0.04528197932368159 0.01808072920485073 0.05428687790584369 0.06412875152952681 0.21902204141355092 0.40263911066761365 0.49037320171797316 0.29865997079578466 0.2642390828120378 0.3239609329983591 0.21820977106921696 0.4734321479696707 0.7483144361831245
0 0.695312 0.522135 0.074219 0.065104 0.0 0.0 0.13638975256006128 0.022724386436805712 0.09804549432470949 0.0 0.3356144795269315 0.27892721624054845 0.3297169548703778 0.0 0.8020560470704159 0.7523284854811443 0.7975609300860741
0 0.756348 0.671224 0.061523 0.087240 0.0 0.0 0.20790212631659982 0.0 0.07765460842950521 0.0 0.3256944522631387 0.0 0.34513593076828636 0.0 0.8100661324468007 0.0 0.7804057716207252
0 0.392090 0.189453 0.120117 0.089844 0.04924244341171774 0.10628654337589558 0.03905327530773384 0.015723535740641382 0.011722325123076529 0.39773016272445305 0.42305030644249086 0.36944767048063737 0.434283554172645 0.8027574973802161 0.8055620780351219 0.8200932207485455 0.7612908042095275
0 0.049316 0.748698 0.096680 0.320312 0.0 0.0 0.18143150908820457 0.0 0.11682199873261515 0.0 0.24276435425085657 0.0 0.24245645873361393 0.0 0.8029896580389659 0.0 0.8050510673118917
0 0.914062 0.378255 0.083984 0.069010 0.0 0.0 0.2266759473651885 0.0 0.07752972381017426 0.0 0.3133654229112554 0.0 0.328326760958253 0.0 0.801214776464895 0.0 0.788453555846779
0 0.510742 0.555339 0.078125 0.076823 0.0 0.0 0.08283101988113425 0.0 0.10899536957957694 0.0 0.2819656089901494 0.0 0.3360860282019354 0.0 0.805213453796236 0.0 0.7930080777673251
0 0.566406 0.701823 0.080078 0.106771 0.0 0.01682984830275022 0.12777829625885942 0.0 0.053297664972106876 0.3615440508748562 0.22906388165251773 0.0 0.39503229400051515 0.8910578794061778 0.7743196164611266 0.0 0.8641752317616689
0 0.203125 0.312500 0.103516 0.117188 0.025635753572366176 0.04770592120808118 0.08884781067404246 0.01931928299930064 0.019598495779800957 0.3026220849398723 0.26703912214517145 0.3164675349842325 0.33086162557856186 0.8068076477760522 0.835617714729898 0.7916370589554661 0.7978104596637517
0 0.744629 0.598958 0.092773 0.096354 0.0 0.03601476710916403 0.14451084065513492 0.031155103155877727 0.14363650065096759 0.32874692425906565 0.32763038478842016 0.33601980938052 0.32078681651263274 0.7970641552520566 0.8107702680319859 0.8157198506229867 0.8111769880874852
0 0.963379 0.510417 0.073242 0.085938 0.0 0.0 0.16425769057001643 0.0 0.11760205147332894 0.0 0.14378411831957297 0.0 0.17290196309535108 0.0 0.8065296881675406 0.0 0.8035490328224149
0 0.337891 0.682943 0.074219 0.084635 0.12413229906419739 0.0 0.3039324435132312 0.0 0.23819880517248415 0.0 0.3138981445926019 0.0 0.3776428940644575 0.0 0.791450698509651 0.0 0.7950122070517883
0 0.053223 0.097005 0.079102 0.110677 0.0 0.12191018094518814 0.02053903415134031 0.09576566204044605 0.062162967539871 0.3287751278255639 0.29995185840073185 0.32231071293593294 0.3408514410195137 0.8108902795159411 0.7458929762634596 0.7902309571461583 0.8026161807637726
0 0.440918 0.885417 0.106445 0.101562 0.0 0.10575567034747893 0.08690916817880531 0.09513667055890959 0.11286376723964638 0.3347281752835783 0.28492422300538 0.27737775553923666 0.2850228227040022 0.8110324992326589 0.819782469064507 0.7953153434964905 0.8589664556722305
0 0.907227 0.951172 0.107422 0.097656 0.0 0.2316227220704017 0.04063401336532133 0.05326518790514961 0.0 0.24278621922986815 0.2869414938096002 0.3237969930639845 0.0 0.8479434092182019 0.860567242050284 0.8504389164300139 0.0
0 0.121582 0.055990 0.079102 0.109375 0.2606964649031464 0.0 0.0 0.02984751334389381 0.0 0.0 0.0 0.32755852955124787 0.0 0.0 0.0 0.8036183491245305 0.0
0 0.229492 0.397135 0.109375 0.088542 0.0 0.0 0.07788618001566297 0.0 0.12641528519483844 0.0 0.37591545982863345 0.0 0.3449233347982634 0.0 0.8144211116210703 0.0 0.810314562868285
0 0.254883 0.464844 0.109375 0.088542 0.0611507196404789 0.0 0.055147584652063576 0.0 0.08324566851263436 0.0 0.3434540804875842 0.0 0.34699476742026863 0.0 0.8197335252797937 0.0 0.7894334603197036
0 0.287109 0.535156 0.109375 0.088542 0.0 0.027646463711387424 0.12126145276408923 0.02371954083078344 0.10730551078109754 0.3888621558769138 0.3089223458782563 0.369148316215063 0.3567561719329586 0.8090493158616503 0.8251275533403251 0.8130858261150669 0.8997419261072989
0 0.458008 0.957682 0.099609 0.084635 0.0 0.08541220973866988 0.1074148727833141 0.13206800478711492 0.09520912390422669 0.3507800899042705 0.34242052958201763 0.3497800605484797 0.3564412801790137 0.7989778224755126 0.8022878268747413 0.8011055225288828 0.7983905978791217
0 0.401855 0.264974 0.090820 0.087240 0.0 0.031094746480458 0.19832884171712212 0.01545904190319837 0.125384217135508 0.31453478769646703 0.31263051524920993 0.31665669988546985 0.34574090744282016 0.8263155787374978 0.7948149941748394 0.8072131535756992 0.7989609139057443
0 0.427734 0.326172 0.113281 0.100260 0.0 0.020581124876479073 0.16412992671226173 0.012262514948159952 0.05060527756610931 0.2234409936973642 0.34704292196233566 0.2605459520414945 0.2881464361493953 0.7873549654558927 0.8059572424241026 0.801949885692278 0.7915051915766773
0 0.595703 0.772135 0.080078 0.106771 0.0 0.0 0.2008384039732052 0.0 0.10580000682134982 0.0 0.18349879007079298 0.0 0.3693557344171817 0.0 0.545395282323618 0.0 0.8131081370152081
0 0.573242 0.164062 0.093750 0.080729 0.0 0.0 0.21555988116816002 0.0 0.11966825487225385 0.0 0.3191147865075402 0.0 0.37070912132179207 0.0 0.8040951621016278 0.0 0.8267707653085691
0 0.534180 0.085938 0.093750 0.080729 0.0 0.07242947204014615 0.1465560335283074 0.0 0.09322195320995863 0.3212580326270704 0.3236813389134998 0.0 0.32156987602064224 0.8081401417921309 0.79828857164248 0.0 0.7973781214501156
0 0.794922 0.096354 0.083984 0.072917 0.0 0.07248055023029315 0.1846102683238252 0.06215649464320807 0.1124336840118929 0.41083364040896403 0.35015929027499126 0.4451718944126732 0.34166333750611827 0.805955391949616 0.6889521098332122 0.7908809570143458 0.8158927024724436
0 0.824219 0.168620 0.083984 0.074219 0.0 0.03204177299894611 0.2238700602946826 0.024839331831266378 0.21590487146620943 0.2908988073125581 0.3332559471940493 0.3844200390652042 0.3368422247346208 0.8020177120021129 0.7918743409929211 0.8084603461181435 0.8202313904152173
0 0.851562 0.240234 0.083984 0.074219 0.0 0.0 0.2365563675944457 0.0 0.08325914646175564 0.0 0.3113210020260043 0.0 0.34052434724933034 0.0 0.8153141652138232 0.0 0.8042331142132872
0 0.878906 0.306641 0.083984 0.074219 0.07390837703549329 0.021935788007050712 0.18676820182358794 0.0 0.2525647789533548 0.3250659348221999 0.36156477282906624 0.0 0.348516102606612 0.8958034948415027 0.7833594700606572 0.0 0.7832061626870584
0 0.931641 0.447266 0.083984 0.069010 0.0 0.02125472817868131 0.12597015395944622 0.02107247709912634 0.16984751642256896 0.2753314793260756 0.24098762249477773 0.3189286949777972 0.3451103372195343 0.959863535503089 0.8794476683544826 0.7953708957017398 0.8157964726961372
