0 0.708333 0.836914 0.171875 0.197266 0.0 0.009993479000358466 0.11373933114152503 0.03188870378370063 0.11112631687122242 0.28527480943720523 0.2740885508434551 0.19014757870718563 0.2825383596969535 0.7460895427843621 0.746180413391031 0.6023452721887237 0.7457566773071954
0 0.276042 0.868164 0.234375 0.109375 0.0 0.09669553967414578 0.03317581541637142 0.11776378331859133 0.01591851206547349 0.29621985333330136 0.2753749321471605 0.2922610699404299 0.3130103391608101 0.7484136284859451 0.7456792672334291 0.7433937632458689 0.7405977595360939
0 0.340495 0.738770 0.162760 0.149414 0.0 0.02821200464559624 0.1271394957713054 0.03100702485610425 0.07836695773739429 0.3019528770732914 0.2924441822523205 0.28432650154437356 0.305827082409858 0.7463975084249389 0.7457731443890214 0.7511346443052168 0.7478244032419303
0 0.548828 0.421875 0.199219 0.080078 0.0 0.1457653682723367 0.0 0.12040637714381515 0.022536285725236346 0.2992845889580474 0.0 0.2987107790262902 0.30424044144437606 0.7504481900577104 0.0 0.7462557642900859 0.739380164480053
0 0.217448 0.082031 0.138021 0.162109 0.0 0.0 0.126990564863654 0.0 0.17417084094704033 0.0 0.28908263717451926 0.0 0.28631458522369624 0.0 0.7489904480793127 0.0 0.7470126189762618
0 0.584635 0.024414 0.171875 0.046875 0.0 0.09111152828961178 0.0 0.1635439676488286 0.05333448510620499 0.2907175445756621 0.0 0.2999829540793657 0.2605712202420471 0.7523793122090453 0.0 0.7479736327573353 0.7522063490494475
0 0.128906 0.463867 0.145833 0.166016 0.0 0.0 0.1694826868172132 0.0 0.17633072021821986 0.0 0.29458211782847177 0.0 0.2823534289671284 0.0 0.7473047573921536 0.0 0.751282452127717
0 0.466797 0.263184 0.165365 0.112305 0.0 0.1306848345916569 0.0 0.13342206260674927 0.020206221315820626 0.2941721290635818 0.0 0.2829031163088262 0.28886369928700584 0.7513200257597671 0.0 0.7471058192777895 0.7339304324322907
0 0.305990 0.225098 0.138021 0.163086 0.0 0.0 0.13679605996351932 0.04010577443958429 0.13942022221381914 0.0 0.27756352846500293 0.264531703467832 0.2748722066027974 0.0 0.745721690297274 0.7436081552948167 0.7460233582487887
0 0.617839 0.217285 0.165365 0.112305 0.0 0.05594762479735893 0.0 0.06106092012252571 0.0 0.29064913349101484 0.0 0.277025008481984 0.0 0.7448397525414132 0.0 0.7463671722645485 0.0
0 0.759766 0.178223 0.165365 0.112305 0.0 0.1366797463030565 0.0 0.13214914145415296 0.0 0.2783472565862092 0.0 0.2885587463090343 0.0 0.7473916804041296 0.0 0.7482698352943411 0.0
0 0.900391 0.130371 0.165365 0.112305 0.0 0.06503759227655875 0.0 0.09369578286085337 0.0 0.2852964411822843 0.0 0.2783246727958344 0.0 0.7473166242142502 0.0 0.7480662956570749 0.0
0 0.213542 0.613281 0.145833 0.166016 0.0 0.0 0.1319916911872283 0.03181056675229658 0.14961012527951145 0.0 0.28635741077907595 0.2787340600373321 0.2801540538345028 0.0 0.7488837074007838 0.7561159012669072 0.7496708310475574
0 0.061198 0.322754 0.119792 0.165039 0.0 0.036710965358018675 0.22074731597577146 0.0 0.19726732044012632 0.2590431501306767 0.27680817289648674 0.0 0.2754041686594145 0.74057545517642 0.7509271102729745 0.0 0.7369458850598604
0 0.042969 0.155273 0.083333 0.175781 0.0 0.0 0.20575909065613296 0.03911292332325479 0.10392531905069366 0.0 0.29549469571118103 0.2841913531590687 0.289546828944615 0.0 0.7472896930304843 0.7472073614234508 0.7497620520184723
0 0.703776 0.371094 0.199219 0.080078 0.0 0.20171748864336306 0.03555505463989811 0.1300165022371974 0.0 0.2856468901465246 0.267204605536754 0.2861151343421944 0.0 0.7502575518888761 0.728906675252592 0.7464413936535291 0.0
0 0.479818 0.552246 0.162760 0.149414 0.0 0.02845875113875872 0.14114264769543464 0.0 0.1350542402356447 0.300704265349109 0.292517003786238 0.0 0.29369077935325855 0.7474513307228811 0.749816426650192 0.0 0.7441664574864347
0 0.569661 0.681152 0.162760 0.149414 0.0 0.0 0.09467507555716859 0.02111755986244467 0.11454478602741967 0.0 0.3058369688730365 0.3070555730285664 0.29391710737863147 0.0 0.7484881149856077 0.7323356869796183 0.7611707446621169
0 0.847656 0.418945 0.143229 0.146484 0.0 0.01563135435159977 0.08298055999734466 0.0 0.06773547222479737 0.30950034589151393 0.33223258613428897 0.0 0.3373999877061238 0.7561992852298518 0.7679900232390326 0.0 0.7283038743760155
0 0.912760 0.528320 0.143229 0.146484 0.0 0.0 0.12275805285748084 0.0 0.08270419936160955 0.0 0.3110103665247033 0.0 0.304527682666959 0.0 0.7656512716034819 0.0 0.7455695301239369
0 0.957682 0.636230 0.084635 0.141602 0.0 0.0 0.15095326313536372 0.03153206753319148 0.1417680291441651 0.0 0.3065698535724244 0.2961337503301736 0.3157922926649695 0.0 0.7520292371865469 0.7409248016428908 0.7462792626696919
0 0.776693 0.954102 0.157552 0.091797 0.3439066505122294 0.0 0.0 0.0 0.0 0.0 0.0 0.0 0.0 0.0 0.0 0.0 0.0
0 0.930990 0.971680 0.138021 0.056641 0.0 0.2334814422281505 0.0 0.0761622737304532 0.0600749082928542 0.31562585555497014 0.0 0.3199325388837687 0.32299677343541666 0.6138386389421562 0.0 0.6075485861894303 0.6290117448097432
