0 0.501953 0.187988 0.196615 0.098633 0.0 0.12576054921546664 0.02963744807973929 0.08960795490932533 0.11273299813759556 0.29893500815096563 0.48517608731749445 0.3038538524792566 0.29866344702808084 0.44670808395643696 0.9702908539174492 0.5728011503783943 0.9713221568270509
0 0.781250 0.659668 0.138021 0.131836 0.2987772185052426 0.0 0.010810449440503843 0.007486468364361587 0.006302646519602243 0.0 0.3402930779728988 0.33883106818032055 0.3872125796814911 0.0 0.8966506760895167 0.5233689331807277 0.4686684601124063
0 0.588542 0.675781 0.122396 0.066406 0.03000057455247666 0.09336905364699251 0.08362944890199378 0.0 0.11559590414829837 0.3231455959756038 0.32365678483269694 0.0 0.30654473018847817 0.4396796675185123 0.4505344087361209 0.0 0.4269283911830182
0 0.440755 0.040039 0.110677 0.078125 0.0 0.24301117175041417 0.0 0.19052248483044645 0.0 0.2854386296636384 0.0 0.27697496429078866 0.0 0.47920597224537603 0.0 0.445410747705009 0.0
0 0.736328 0.051270 0.110677 0.090820 0.0 0.1685855104175222 0.0 0.18265116295114714 0.0 0.2998750259159445 0.0 0.26963293705474606 0.0 0.4410225586003275 0.0 0.4444455660842954 0.0
0 0.640625 0.047363 0.085938 0.084961 0.0 0.1326096534472617 0.0 0.233801018129497 0.02127386895939671 0.3498271909237408 0.0 0.3820094296047493 0.1668355350892867 0.46086054025294887 0.0 0.4462811414782411 0.49162229740111435
0 0.582031 0.737793 0.119792 0.063477 0.0 0.0 0.22423548581742178 0.0 0.2233432978369946 0.0 0.29668270354039256 0.0 0.2963731404659196 0.0 0.4525201059961988 0.0 0.4457026320471556
0 0.544922 0.043945 0.102865 0.083984 0.0 0.09153598669165872 0.0 0.13593954938818018 0.0 0.3303083127995735 0.0 0.3628723776200099 0.0 0.4677251694649611 0.0 0.4422023744470868 0.0
0 0.542969 0.954590 0.138021 0.049805 0.0 0.0 0.2540337770227433 0.0 0.21715268201120702 0.0 0.2483130719976749 0.0 0.2563118890371528 0.0 0.4554712836977665 0.0 0.42878000357755025
0 0.598958 0.612305 0.119792 0.064453 0.0 0.0 0.10316787648495765 0.09283591456627935 0.10297355779484568 0.0 0.344056797571984 0.33748463777332344 0.33186977510552856 0.0 0.43319853010579484 0.44931518739855136 0.4534429059785771
0 0.750000 0.946289 0.132812 0.060547 0.0 0.0 0.1994438480426186 0.0 0.16076646731305239 0.0 0.29583034412792325 0.0 0.2928914564964106 0.0 0.4576364631510343 0.0 0.4386570642453149
0 0.597005 0.554688 0.110677 0.060547 0.0 0.0 0.2430194025204421 0.0 0.14247753038092584 0.0 0.24975056624552944 0.0 0.2653750376959962 0.0 0.5305001765363835 0.0 0.5252868224721324
0 0.710286 0.316406 0.079427 0.087891 0.0 0.16863252164229192 0.0 0.15235976428466272 0.0 0.2840349526185661 0.0 0.2858355149791696 0.0 0.44639670322127517 0.0 0.4420401252405984 0.0
0 0.297526 0.258789 0.126302 0.089844 0.0 0.0 0.14002747124439444 0.0 0.13633912021340672 0.0 0.2895681633863339 0.0 0.29433942975301747 0.0 0.9731174897599636 0.0 0.9749804061465097
0 0.356120 0.303223 0.134115 0.073242 0.0 0.0 0.1578187755066631 0.0 0.17895222041421455 0.0 0.24294088898278332 0.0 0.27815228890468224 0.0 0.9789829526552075 0.0 0.9658416130370325
0 0.561198 0.904785 0.122396 0.057617 0.0 0.0 0.15671875801708107 0.0 0.18728032034002395 0.0 0.3015275510787437 0.0 0.22040467334644614 0.0 0.4478076833829656 0.0 0.4565796742914443
0 0.577474 0.794922 0.115885 0.052734 0.0 0.0 0.17252214042794625 0.0 0.24590665499812767 0.0 0.2890218261093007 0.0 0.26746121005513773 0.0 0.44901139513088106 0.0 0.45308515584804987
0 0.570312 0.851074 0.117188 0.055664 0.05605084259634506 0.0 0.1559639756840637 0.0 0.1535743241392678 0.0 0.2997685673686388 0.0 0.29234412144846594 0.0 0.4442275543521387 0.0 0.44814495591237047
0 0.584635 0.257324 0.088542 0.069336 0.0 0.0 0.15965724785887347 0.10799234311575594 0.0 0.0 0.31365154313163557 0.3196280772133825 0.0 0.0 0.9605511559429927 0.022361731982851376 0.0
0 0.645182 0.187988 0.089844 0.081055 0.0 0.16532789270025497 0.0 0.14054921084942723 0.0 0.25764928125011566 0.0 0.22809176280841548 0.0 0.45926967426262755 0.0 0.4412851807750607 0.0
0 0.339193 0.753906 0.154948 0.115234 0.009496524649799576 0.026970411707463122 0.07542198293856617 0.12860556430853398 0.08343460898248956 0.3468902411467307 0.3530613776338609 0.34701238981893334 0.33163928618957356 0.883169010914813 0.857933918666806 0.906627474520715 0.49352995032116587
0 0.569010 0.494141 0.135417 0.076172 0.0 0.0 0.2216023758188594 0.0 0.1797784445495114 0.0 0.2725828602743998 0.0 0.2933989822735913 0.0 0.8712372126826435 0.0 0.9035149656835391
0 0.736979 0.196289 0.096354 0.089844 0.0 0.1803794062408217 0.0 0.18142351098410345 0.0 0.30661900625111504 0.0 0.33001759058694136 0.0 0.45248816948705567 0.0 0.4512121586040362 0.0
0 0.755208 0.891602 0.130208 0.054688 0.0 0.0 0.14208447897663729 0.0 0.12448720347639722 0.0 0.2758168807552742 0.0 0.27465477773080954 0.0 0.4538913091607608 0.0 0.4365180007792484
0 0.783203 0.320312 0.063802 0.089844 0.0 0.13063050677424518 0.0 0.12966422497570698 0.0 0.2974303681172551 0.0 0.2921243725195127 0.0 0.44281996082591174 0.0 0.4184503973401623 0.0
0 0.236979 0.221191 0.114583 0.084961 0.0 0.0 0.2377623024464391 0.0 0.2676754157510868 0.0 0.33108725210163714 0.0 0.21254553320163685 0.0 0.9746430812234811 0.0 0.9689542089395936
0 0.516927 0.423828 0.119792 0.068359 0.0 0.0 0.17983851413339902 0.0 0.11687956803707329 0.0 0.25990756802630066 0.0 0.261027652198243 0.0 0.9828626898312517 0.0 0.9698674783158197
0 0.171224 0.154297 0.144531 0.072266 0.0 0.0 0.12518324104355535 0.0 0.1760913066661688 0.0 0.3383714415732181 0.0 0.27017613867605667 0.0 0.9612733725567308 0.0 0.9684202371216849
0 0.409505 0.347656 0.126302 0.076172 0.0 0.0 0.13262115650613732 0.0 0.17537313212308325 0.0 0.2858770370853977 0.0 0.23905104016187767 0.0 0.9708030422142093 0.0 0.96770079052911
0 0.841797 0.058594 0.102865 0.093750 0.026575189199618137 0.13148685235350824 0.0 0.22321158227315327 0.0 0.31321185073928753 0.0 0.28787968808072373 0.0 0.47840310647490286 0.0 0.4535474761722538 0.0
0 0.833333 0.205078 0.106771 0.101562 0.0 0.20362043531578772 0.0 0.20776023990307213 0.0 0.37548420583368325 0.0 0.28293480916013536 0.0 0.47305834664641994 0.0 0.434293268995163 0.0
0 0.461589 0.388184 0.123698 0.075195 0.0 0.0 0.1544767220003023 0.0 0.1565855328523862 0.0 0.28137606813136856 0.0 0.2838333332596938 0.0 0.9621869862492107 0.0 0.9631013411420235
0 0.272135 0.024902 0.078125 0.047852 0.0 0.25054267776309597 0.0 0.2155671830587448 0.0 0.34241083984417103 0.0 0.30945356413054753 0.0 0.0397393067062496 0.0 0.09170758015211979 0.0
0 0.351562 0.034180 0.078125 0.066406 0.0 0.2522475759603443 0.0 0.18755938632177635 0.0 0.2307466177687807 0.0 0.3503135588827482 0.0 0.35159496768834136 0.0 0.35647804194388566 0.0
0 0.113932 0.104004 0.136719 0.075195 0.0 0.0 0.185546788579499 0.0 0.16093010786000708 0.0 0.27517155382129993 0.0 0.2682688820885732 0.0 0.970132697092668 0.0 0.9679524450545298
0 0.926432 0.062500 0.063802 0.095703 0.0 0.14377040723725903 0.0 0.18586301580838785 0.0 0.222726942578034 0.0 0.22776388642417295 0.0 0.4280500562007131 0.0 0.45977896131601975 0.0
0 0.757161 0.835449 0.128906 0.061523 0.0 0.0 0.17463007620720336 0.0 0.17184271709659077 0.0 0.2819251465068896 0.0 0.27202294774047947 0.0 0.4542510712094351 0.0 0.3902899144387681
0 0.057943 0.051270 0.108073 0.092773 0.0 0.027094000279251306 0.21136753910613987 0.028604672577603674 0.2537632829808884 0.3585325694258246 0.30252456519488297 0.3611776039321194 0.31404897549223826 0.9622112991937949 0.9683268330216122 0.969996596718668 0.9661028298272902
0 0.628906 0.306641 0.091146 0.087891 0.0 0.1574105556491079 0.0 0.21627668394724964 0.0 0.3237407293781159 0.0 0.27738314156207117 0.0 0.15066544926778636 0.0 0.1617957939931778 0.0
0 0.270182 0.628906 0.225260 0.162109 0.0 0.024422440697667337 0.10735955492785011 0.02614056105613833 0.13382785341938055 0.3183314418369583 0.32905276096251257 0.3193587132670067 0.3376322833543375 0.8953593439216186 0.9012308039661401 0.9032969535613398 0.8921073151983823
0 0.901042 0.547852 0.091146 0.064453 0.0 0.0 0.09772044044449026 0.02878247303808594 0.13953314190870827 0.0 0.20281528018258557 0.27594293965790057 0.199991006560059 0.0 0.9733567740538865 0.022249413316499853 0.9970827465186892
0 0.852865 0.325684 0.083333 0.088867 0.0 0.19673815596499464 0.0 0.19176613180034083 0.0 0.28995857601165576 0.0 0.2793431824100629 0.0 0.4502184976258604 0.0 0.4404112010145411 0.0
0 0.132161 0.869629 0.144531 0.086914 0.0 0.16258149452674753 0.047870944209370346 0.15054568716983235 0.0437066591909315 0.3527067496639245 0.3664678764780685 0.3475029577304669 0.3726569563688931 0.896938216935614 0.8960733733226691 0.8721744336562348 0.8808318643712015
0 0.755859 0.765625 0.110677 0.076172 0.0 0.0 0.10391296559289853 0.0 0.1633568531456897 0.0 0.2560069311390232 0.0 0.3903261874040929 0.0 0.48243104792215424 0.0 0.44170636425477183
0 0.907552 0.926758 0.151042 0.083984 0.274540792106008 0.0 0.052296199291695905 0.0 0.06294978788868583 0.0 0.38046728449869305 0.0 0.34045853708401436 0.0 0.4338170891125041 0.0 0.45799955284686483
0 0.743490 0.986816 0.135417 0.026367 0.0 0.0 0.18023116633332312 0.0 0.1608621435029256 0.0 0.3047079157551594 0.0 0.29150403381823026 0.0 0.4360947627300397 0.0 0.4487815295430156
0 0.927083 0.207031 0.085938 0.095703 0.0 0.22249041474814735 0.0 0.20722964675182096 0.0 0.3260079110123773 0.0 0.2875159104972775 0.0 0.4497542661991451 0.0 0.4193815358852901 0.0
0 0.923828 0.792969 0.134115 0.107422 0.0 0.0 0.18053602288837017 0.0 0.15196110605845556 0.0 0.2923767767320127 0.0 0.2879546264967243 0.0 0.70155739508542 0.0 0.6926924633600247
0 0.870443 0.726562 0.092448 0.064453 0.0 0.0 0.054402202163461574 0.0 0.11841004482761355 0.0 0.27061923739879834 0.0 0.19978619832467132 0.0 0.9777556814978425 0.0 0.9772806620769883
0 0.903646 0.984863 0.135417 0.030273 0.0 0.0 0.373502112630511 0.0 0.3055660707084641 0.0 0.2575313961402382 0.0 0.25664626802376433 0.0 0.4424301568697413 0.0 0.4560192533335058
0 0.932943 0.328125 0.082031 0.093750 0.0 0.17143379121562285 0.0 0.19112930804312345 0.0 0.2657966910226362 0.0 0.27278971024746607 0.0 0.43943507246381497 0.0 0.4472238593656837 0.0
0 0.873698 0.451660 0.096354 0.040039 0.0 0.1797856679993897 0.0 0.09107071721629859 0.0 0.3628712065816882 0.0 0.435339667872921 0.0 0.4477080995419175 0.0 0.4427371796577275 0.0
0 0.246745 0.830566 0.144531 0.112305 0.0 0.058484230442666416 0.049954984234344114 0.12722404020738848 0.04980821067597542 0.3788345521823724 0.40371288266556216 0.34675968252216244 0.3951114468016203 0.9217981323487003 0.8898390802122447 0.8562050421856174 0.8890674029084396
0 0.962240 0.586426 0.075521 0.075195 0.0 0.14239835343369472 0.0 0.19408190706321243 0.0 0.28783143973071157 0.0 0.28469232014155776 0.0 0.1360557553216554 0.0 0.11791963614280378 0.0
0 0.430990 0.868164 0.106771 0.097656 0.0 0.0 0.1029334923337707 0.0 0.06447484560519093 0.0 0.14227182403215108 0.0 0.07075934688389253 0.0 0.4311715585251775 0.0 0.4105338362287783
0 0.215495 0.185059 0.100260 0.071289 0.0 0.0 0.1917445486632311 0.0 0.11609453869975235 0.0 0.3584099779052342 0.0 0.18802006445887523 0.0 0.961579520183155 0.0 0.9875604003418207
0 0.980469 0.065430 0.039062 0.091797 0.0 0.16136231999445652 0.0 0.08349523176493424 0.0 0.2259977083125077 0.0 0.3816187732295884 0.0 0.44303427698386866 0.0 0.44032043538957044 0.0
0 0.984375 0.209961 0.031250 0.087891 0.0 0.24946710119995377 0.0 0.18558006935935692 0.0 0.3076528797366649 0.0 0.31435005684307726 0.0 0.4902580531233552 0.0 0.48074012885987194 0.0
0 0.988281 0.332520 0.023438 0.098633 0.0 0.15543738157573767 0.0 0.19156618219043553 0.0 0.2741279166672312 0.0 0.26674881022405583 0.0 0.44912782071390384 0.0 0.47851917901475644 0.0
0 0.962240 0.470215 0.075521 0.071289 0.0 0.18888438710507593 0.0 0.17381615423515712 0.0 0.29776761324373296 0.0 0.3108942364876949 0.0 0.4415304211106134 0.0 0.44296933453168336 0.0
0 0.789062 0.486816 0.122396 0.129883 0.0 0.05852494991217662 0.04024909423447464 0.012698216617674956 0.07244874919091567 0.35847435473434286 0.3581284466703105 0.4343200852510754 0.37024685121070444 0.45595972696920073 0.9720863968137596 0.4896264326430311 0.9176508723407696
0 0.919922 0.869141 0.136719 0.046875 0.0 0.0 0.155608419844687 0.0 0.16579479388911514 0.0 0.21416386046902416 0.0 0.20157105209545617 0.0 0.44432382681712723 0.0 0.4361974372342025
0 0.541667 0.991211 0.135417 0.017578 0.0 0.0 0.2521884598281454 0.0 0.2761688730889447 0.0 0.2477103213418687 0.0 0.257009030215367 0.0 0.459560849976938 0.0 0.44728131643731783
0 0.118490 0.511230 0.174479 0.116211 0.0 0.04932243042749751 0.11248553646694713 0.06810015513107598 0.04680792426137842 0.3428032963032612 0.3537774812053876 0.30542445030197374 0.34160121922074466 0.8614121716391617 0.8953414047166162 0.5150206679625484 0.8934730529174287
0 0.027344 0.554199 0.052083 0.075195 0.0 0.048866490851405604 0.0 0.21625106017952028 0.0 0.36284364111045536 0.0 0.35486605125931975 0.0 0.8853273506925371 0.0 0.8916472311309841 0.0
