0 0.749023 0.730469 0.193359 0.103516 0.0 0.16368236332633065 0.0 0.16067271453289306 0.021678240222650556 0.3154963740384167 0.0 0.3160105822847767 0.3216681046927827 0.6131939449754977 0.0 0.6134332495053413 0.6108593787255725
0 0.521973 0.573242 0.127930 0.197266 0.0 0.02247029552326629 0.12028477396744494 0.016658170066112567 0.1091307003778772 0.27205609254255825 0.27332228066041636 0.28165573853417236 0.2813254975835825 0.7578759448891084 0.746201966432412 0.7567791885263065 0.7454737556935751
0 0.594727 0.722168 0.134766 0.133789 0.291082357918343 0.0 0.0 0.0 0.0 0.0 0.0 0.0 0.0 0.0 0.0 0.0 0.0
0 0.842773 0.489258 0.148438 0.087891 0.0 0.13279966196062565 0.03752147105347258 0.09121200617919376 0.028124084109744124 0.2828316126992746 0.2787336041023221 0.29838360224510846 0.2927769189614241 0.7506821619822786 0.7422618959186994 0.7489894336688975 0.7386343078226876
0 0.730469 0.392578 0.097656 0.126953 0.0 0.0 0.10021679729766625 0.02608023155718598 0.11457161377671556 0.0 0.31677731997751457 0.3022337408549781 0.3119687803741868 0.0 0.7629789600907143 0.7456078829018149 0.7471085994169133
0 0.922363 0.704102 0.155273 0.097656 0.0 0.20445930649382907 0.0 0.1981849885628844 0.0 0.3467476064076599 0.0 0.3353682912798832 0.0 0.6412943298038103 0.0 0.6164867994102811 0.0
0 0.780273 0.931641 0.156250 0.136719 0.24118803399532454 0.0 0.0 0.0 0.0 0.0 0.0 0.0 0.0 0.0 0.0 0.0 0.0
0 0.395020 0.837402 0.106445 0.159180 0.0 0.03713714064552691 0.13637034812223617 0.030421535631000935 0.12535491165901852 0.28357064066831206 0.29302397751867937 0.2833029608103581 0.29295973185215474 0.7468209801534796 0.7446799346668656 0.7399718384716929 0.7475344996571588
0 0.206543 0.619141 0.172852 0.105469 0.0 0.12346129073965284 0.03756150126836389 0.12438186279842568 0.028908627311921817 0.2893538888266985 0.2738381377969726 0.29121582920943145 0.30746623115415317 0.7482449228134458 0.7493814384638007 0.7430930831404073 0.7346931368896088
0 0.254883 0.488281 0.121094 0.150391 0.0 0.029741504266865136 0.09628193085463138 0.03242011396508434 0.12121841126528893 0.30073853226779224 0.30287859908476616 0.28871511437270236 0.28908393476521754 0.7452456349669115 0.7467986593474034 0.743875215691364 0.7467072878576795
0 0.419922 0.168457 0.150391 0.090820 0.0 0.10242994884536279 0.0 0.09443638788032538 0.020068106546014493 0.3010783732519268 0.0 0.3014548321148499 0.2971984277104971 0.7467286612333501 0.0 0.7472393156929037 0.7438408851359974
0 0.642578 0.171875 0.085938 0.132812 0.0 0.02370948250926586 0.11076615045187499 0.0 0.1137230250872262 0.2802960936929532 0.3010466877451662 0.0 0.3139011011979959 0.7442781766164747 0.7476922188455705 0.0 0.7435714721187361
0 0.943359 0.272461 0.113281 0.111328 0.27855295085054155 0.0 0.0 0.0 0.0 0.0 0.0 0.0 0.0 0.0 0.0 0.0 0.0
0 0.911621 0.075684 0.176758 0.110352 0.0 0.15573791265750567 0.0 0.16854493079652738 0.02240549452481469 0.35267212890972705 0.0 0.34716591564901855 0.3384865798437026 0.7471051160229522 0.0 0.7460006187790909 0.7363811043064911
0 0.376465 0.308105 0.116211 0.159180 0.0 0.02317479774258143 0.12270731138135632 0.0 0.13871704166414578 0.3097257979907726 0.3049894824608675 0.0 0.2939501568210516 0.7442500969498868 0.7534785464101805 0.0 0.7436088104861985
0 0.961426 0.960938 0.077148 0.078125 0.015326156301090082 0.0884961615345654 0.023651742410873183 0.023602464880324733 0.06866030669981035 0.09714394004161397 0.19260418964662104 0.10940784229667852 0.1996134656585541 0.6555077475040563 0.5898315491695232 0.5946395286581062 0.6188180778278818
0 0.530273 0.123535 0.150391 0.090820 0.0 0.13022881522932045 0.03445381766558376 0.12192430158804553 0.0 0.2806726412606785 0.27226549474821615 0.287445256897518 0.0 0.7487824587011258 0.7333013328010642 0.7448624056994037 0.0
0 0.689453 0.273438 0.085938 0.132812 0.0 0.0 0.11052845070607012 0.0 0.1217120047843224 0.0 0.3231715124981845 0.0 0.3048421819227971 0.0 0.7470462916503118 0.0 0.7444754856008823
0 0.048340 0.077148 0.094727 0.152344 0.0 0.012027959562802533 0.14570178180237256 0.0 0.13240127026222367 0.26955989684792664 0.28906706566347373 0.0 0.27500882220959305 0.7146274906285508 0.752077541802177 0.0 0.7450041422426416
0 0.100586 0.218262 0.095703 0.153320 0.0 0.0 0.23883441992150467 0.0 0.23770361064307455 0.0 0.2916185207821701 0.0 0.28250327397781594 0.0 0.7467910702483257 0.0 0.7514938844280243
0 0.160156 0.360840 0.095703 0.153320 0.0 0.0 0.16657843208359832 0.03334830369416159 0.14951938688403313 0.0 0.2871059165220966 0.2838801433740996 0.29096287367187046 0.0 0.7483001246544493 0.7503898501217223 0.7481212887978539
0 0.272461 0.775879 0.162109 0.112305 0.0 0.15020191216414805 0.03643726454099155 0.1307309550604972 0.0 0.29401139139147997 0.27660361822826435 0.29186031663103723 0.0 0.7477703005571207 0.7431098449314087 0.7477745706885243 0.0
0 0.130859 0.842285 0.162109 0.112305 0.0 0.1487950108966168 0.0 0.16917023381904983 0.0 0.3261701086048142 0.0 0.32581317384467817 0.0 0.747693271201481 0.0 0.7495021532025931 0.0
0 0.423340 0.438965 0.116211 0.159180 0.0 0.0 0.10636576636161157 0.020886542783193473 0.14498172039835608 0.0 0.30362106909475445 0.305992411869934 0.2975790353704828 0.0 0.7361280635073172 0.7342274217067395 0.7557232893440781
0 0.350586 0.030273 0.138672 0.058594 0.0 0.11769744115213487 0.0 0.17161553808638447 0.03259904630891744 0.2838630156532933 0.0 0.2896686833513326 0.2880409995066684 0.7549001159395466 0.0 0.7467744792120533 0.7503505107609644
0 0.281738 0.922363 0.170898 0.153320 0.0658052390542089 0.0 0.14414810494119115 0.04790527224244731 0.12013109907231495 0.0 0.25827363432027284 0.3072401785203772 0.2837304102231041 0.0 0.7438320890676537 0.7457368411707986 0.7480307040040373
