0 0.901367 0.220703 0.089844 0.128906 0.0 0.15703047150804175 0.0 0.14424422494465622 0.0 0.33506453671750397 0.0 0.29913373667863297 0.0 0.4430428526658266 0.0 0.44576792749327193 0.0
0 0.876465 0.582682 0.147461 0.128906 0.0 0.12830116637133462 0.030236184404582502 0.09141821662466522 0.11501043244340556 0.29893500815096563 0.48517608731749445 0.3038538524792566 0.29866344702808084 0.44670808395643696 0.9702908539174492 0.5728011503783943 0.9713221568270509
0 0.909668 0.389974 0.081055 0.113281 0.0 0.0861231814960711 0.0 0.12790102458707878 0.0 0.3303083127995735 0.0 0.36287237762001 0.0 0.467725169464961 0.0 0.44220237444708693 0.0
0 0.298828 0.436849 0.095703 0.126302 0.0 0.04643195354332481 0.15585750743946258 0.04452424909668068 0.1634244023512008 0.3225769846731991 0.3204611581895434 0.31841065416149383 0.32962703755485523 0.23520937903222258 0.23118776626057036 0.24266121154361775 0.23013472808841995
0 0.829102 0.377604 0.083984 0.122396 0.0 0.20441315783063044 0.0 0.1602613677445616 0.0 0.2854386296636384 0.0 0.27697496429078866 0.0 0.47920597224537603 0.0 0.445410747705009 0.0
0 0.482422 0.324870 0.113281 0.118490 0.0 0.02902785924334844 0.20426185706879732 0.02193330158259581 0.1657050461342196 0.2461693717241776 0.2781821402829691 0.2412226407426709 0.279260106998336 0.9632728623727963 0.9153531000748457 0.9705254810333991 0.9716240511883655
0 0.346680 0.298177 0.121094 0.182292 0.23139171671097716 0.0 0.0 0.0 0.0 0.0 0.0 0.0 0.0 0.0 0.0 0.0 0.0
0 0.532227 0.402995 0.109375 0.115885 0.0 0.02143220226744548 0.16719833927085803 0.022627191339727626 0.2007346996693725 0.3585325694258246 0.30252456519488297 0.3611776039321194 0.31404897549223826 0.9622112991937949 0.9683268330216122 0.969996596718668 0.9661028298272902
0 0.970703 0.231771 0.058594 0.130208 0.0 0.219744650539991 0.0 0.1786073551844831 0.0 0.33849989152584264 0.0 0.30050643627652807 0.0 0.4457443442645481 0.0 0.44248013001267894 0.0
0 0.713867 0.658854 0.093750 0.119792 0.0 0.0 0.15060463286751233 0.0 0.16614853604991495 0.0 0.29524845312941084 0.0 0.2981077839142426 0.0 0.9731300497189375 0.0 0.9751570803730405
0 0.828125 0.206380 0.058594 0.108073 0.0 0.15734345591094506 0.0 0.1315861168977401 0.0 0.3463815523131282 0.0 0.3063427558356369 0.0 0.4510244599479219 0.0 0.45675485711550123 0.0
0 0.741699 0.195312 0.120117 0.096354 0.0 0.1936821593010704 0.0 0.13679907440587255 0.0 0.37177220052527665 0.0 0.3611840294843454 0.0 0.4529658273830118 0.0 0.4431769722824514 0.0
0 0.285645 0.550130 0.092773 0.105469 0.3803387822178582 0.0 0.0 0.0 0.0 0.0 0.0 0.0 0.0 0.0 0.0 0.0 0.0
0 0.750488 0.735026 0.100586 0.097656 0.0 0.0 0.18273102151593243 0.0 0.1444262064495887 0.0 0.24437281490932047 0.0 0.27841562483566096 0.0 0.9771895726521346 0.0 0.968491878216979
0 0.438477 0.216797 0.101562 0.105469 0.0 0.055261648241198336 0.07886916255547866 0.036525919975026695 0.05499944816130784 0.2966126049440036 0.3309340506727075 0.29311579536443483 0.3402224595092949 0.6398549812727163 0.9714574502276875 0.9142958348547836 0.9660542595931922
0 0.670898 0.308594 0.064453 0.083333 0.0 0.0 0.10483249108484496 0.0 0.09276347710644943 0.0 0.3696831813941906 0.0 0.3524296369564998 0.0 0.972064691990397 0.0 0.9651660314371276
0 0.709473 0.361328 0.065430 0.100260 0.0 0.14277873088263268 0.0 0.12284696999277177 0.0 0.34241083984417103 0.0 0.30945356413054753 0.0 0.0397393067062496 0.0 0.09170758015211979 0.0
0 0.762207 0.369141 0.059570 0.108073 0.0 0.20327278489397685 0.0 0.15114404428063352 0.0 0.2307466177687807 0.0 0.3503135588827482 0.0 0.35159496768834136 0.0 0.35647804194388566 0.0
0 0.975586 0.397135 0.048828 0.117188 0.0 0.16920991779870592 0.0 0.29833009913323816 0.0271454567921902 0.34982719092374076 0.0 0.3820094296047493 0.1668355350892867 0.4608605402529488 0.0 0.4462811414782411 0.49162229740111435
0 0.661621 0.612630 0.118164 0.110677 0.0 0.0 0.14368629913070777 0.0 0.1649100981375603 0.0 0.3569785639010954 0.0 0.18933077454363934 0.0 0.9736838262786439 0.0 0.9814526934040136
0 0.184082 0.220703 0.176758 0.225260 0.0 0.07717690357848273 0.08026059125891052 0.07080190486882854 0.09428293929722689 0.20229913019972226 0.1966048985983356 0.21458255479544772 0.20129554216488144 0.26762233981301986 0.19838925206253782 0.21316985890632828 0.25375093485278444
0 0.938965 0.676432 0.067383 0.092448 0.0 0.0 0.1573433747014985 0.10642723669378847 0.0 0.0 0.31365154313163557 0.3196280772133825 0.0 0.0 0.9605511559429927 0.022361731982851376 0.0
0 0.579590 0.471354 0.118164 0.098958 0.0 0.0 0.16313025072479878 0.0 0.14148759482907322 0.0 0.27517155382129993 0.0 0.2682688820885732 0.0 0.970132697092668 0.0 0.9679524450545298
0 0.629395 0.539062 0.110352 0.093750 0.0 0.0 0.12638337536034458 0.0 0.17777949765928103 0.0 0.3383714415732181 0.0 0.27017613867605667 0.0 0.9612733725567308 0.0 0.9684202371216849
0 0.800781 0.790365 0.093750 0.101562 0.0 0.0 0.14081265825020922 0.0 0.16993570834441762 0.0 0.2912249362686923 0.0 0.2395021670180178 0.0 0.9687436263429644 0.0 0.9669188097601344
0 0.975098 0.576172 0.049805 0.097656 0.0 0.28067236360120285 0.0 0.10151492085887977 0.0 0.2522649866752508 0.0 0.2387610456693537 0.0 0.40095439219930934 0.0 0.4573918102011008 0.0
0 0.874023 0.901042 0.099609 0.093750 0.0 0.0 0.1538484926212509 0.0 0.15562092503354902 0.0 0.2592803459429263 0.0 0.2600422032046365 0.0 0.9818206306368802 0.0 0.9685708048473881
0 0.609863 0.209635 0.135742 0.161458 0.0 0.06089745721693608 0.03373958800156695 0.05279132708748238 0.07076309341764603 0.35607773965486983 0.35043900334818745 0.2558095033096919 0.3453900085333532 0.4504573265738385 0.9691671739624961 0.6586991098947002 0.972095789587041
0 0.218750 0.791016 0.117188 0.087240 0.0 0.0 0.19384605425557278 0.0 0.2226286638735346 0.0 0.26240391517315387 0.0 0.23544335411219772 0.0 0.3836843448918829 0.0 0.36737554046526477
0 0.214355 0.885417 0.106445 0.085938 0.0 0.0 0.18533591901459298 0.0 0.19222898894060428 0.0 0.2367232911805124 0.0 0.23355523203996462 0.0 0.46142776835007454 0.0 0.4868791104774942
0 0.839355 0.847005 0.094727 0.100260 0.0 0.0 0.1512916349487497 0.0 0.15335696516470815 0.0 0.28137606813136856 0.0 0.2838333332596938 0.0 0.9621869862492107 0.0 0.9631013411420235
0 0.969727 0.739583 0.060547 0.106771 0.0 0.19506028729138078 0.0 0.2680061189747586 0.0 0.3237407293781159 0.0 0.27738314156207117 0.0 0.15066544926778636 0.0 0.1617957939931778 0.0
0 0.078125 0.632161 0.083984 0.152344 0.0 0.0 0.10522738438451104 0.0 0.1649642131364273 0.0 0.12113370244126309 0.0 0.12040949078865851 0.0 0.27531861257721174 0.0 0.2791225144175485
0 0.231445 0.707682 0.117188 0.082031 0.0 0.0 0.2037698104225488 0.0 0.18045958258339465 0.0 0.21952914889523503 0.0 0.24580658455745796 0.0 0.2735690975668086 0.0 0.2833531335894545
0 0.251465 0.626953 0.096680 0.079427 0.0 0.0 0.15526534430615 0.0 0.1969726667894944 0.0 0.2744658819252382 0.0 0.27259430262294165 0.0 0.2476653205483198 0.0 0.24162462409219707
0 0.555176 0.039714 0.165039 0.076823 0.0 0.04674762670689666 0.026220171099844293 0.16618482450194147 0.0 0.3310475488117318 0.2345446777524477 0.3267012304431232 0.0 0.8582905780999771 0.674969126722946 0.7039305729166948 0.0
0 0.128418 0.397786 0.102539 0.105469 0.0 0.11902557051728692 0.0 0.15769992467495506 0.0 0.22772022107430437 0.0 0.14151441539488804 0.0 0.27740947514617414 0.0 0.28089585160744135 0.0
0 0.924316 0.963542 0.112305 0.072917 0.0 0.0 0.23716461966384045 0.0 0.14702182390556698 0.0 0.2947956879415829 0.0 0.3155653890413254 0.0 0.9280463976551216 0.0 0.9698556393212584
0 0.215332 0.964844 0.106445 0.070312 0.0 0.0 0.10550377376064678 0.0 0.1776262157581988 0.0 0.12096525690321457 0.0 0.2984460838691649 0.0 0.620281651881554 0.0 0.587428642450816
0 0.060059 0.063802 0.118164 0.125000 0.0 0.1504024902224843 0.09020337125140597 0.04059058828488057 0.12846814771296194 0.31795594260113946 0.33684320200147533 0.29057147724611215 0.35533410405971116 0.31555866195438176 0.3159488276559311 0.3189757499410689 0.3136837269637577
0 0.175293 0.056641 0.077148 0.110677 0.0 0.06298503897733351 0.08337328659877298 0.06526313989144507 0.09199584550047465 0.280896903964539 0.28629789390818067 0.2930287701377405 0.28207555513625737 0.20851062491258748 0.2507611986533662 0.3315602217048359 0.30400656316570196
0 0.053223 0.791016 0.065430 0.113281 0.0 0.0 0.10744296552301304 0.0 0.15475468919831023 0.0 0.12625698844533792 0.0 0.11911946721549972 0.0 0.4667384728459189 0.0 0.4679953070242062
