0 0.655599 0.146484 0.160156 0.072266 0.0 0.1936821593010704 0.0 0.13679907440587255 0.0 0.37177220052527665 0.0 0.3611840294843454 0.0 0.4529658273830118 0.0 0.4431769722824514 0.0
0 0.311849 0.244141 0.147135 0.087891 0.0 0.030129604933410638 0.2120145686546927 0.022765774975996203 0.171994342870484 0.2461693717241776 0.2781821402829691 0.2412226407426709 0.279260106998336 0.9632728623727963 0.9153531000748457 0.9705254810333991 0.9716240511883655
0 0.868490 0.166016 0.119792 0.097656 0.0 0.15546016679296135 0.0 0.14280178269520966 0.0 0.33506453671750397 0.0 0.29913373667863297 0.0 0.4430428526658266 0.0 0.44576792749327193 0.0
0 0.377604 0.302246 0.143229 0.086914 0.0 0.021821878672308125 0.17023830907578272 0.023038594818631766 0.20438442148154287 0.3585325694258246 0.30252456519488297 0.3611776039321194 0.31404897549223826 0.9622112991937949 0.9683268330216122 0.969996596718668 0.9661028298272902
0 0.774740 0.280762 0.109375 0.090820 0.0 0.21153046184111834 0.0 0.1658413846450379 0.0 0.2854386296636384 0.0 0.27697496429078866 0.0 0.47920597224537603 0.0 0.445410747705009 0.0
0 0.612630 0.270020 0.087240 0.075195 0.0 0.14277873088263268 0.0 0.12284696999277177 0.0 0.34241083984417103 0.0 0.30945356413054753 0.0 0.0397393067062496 0.0 0.09170758015211979 0.0
0 0.619141 0.502441 0.123698 0.090820 0.0 0.0 0.15055349377316005 0.0 0.16609211888996592 0.0 0.29524845312941084 0.0 0.2981077839142426 0.0 0.9731300497189375 0.0 0.9751570803730405
0 0.770833 0.155273 0.078125 0.078125 0.0 0.1632438355076055 0.0 0.13652059628140534 0.0 0.3463815523131282 0.0 0.3063427558356369 0.0 0.4510244599479219 0.0 0.45675485711550123 0.0
0 0.560547 0.231934 0.084635 0.061523 0.0 0.0 0.10813490655491698 0.0 0.09568569653178079 0.0 0.3696831813941906 0.0 0.3524296369564998 0.0 0.972064691990397 0.0 0.9651660314371276
0 0.683594 0.276855 0.080729 0.081055 0.0 0.19999419158923526 0.0 0.14870623711481684 0.0 0.2307466177687807 0.0 0.3503135588827482 0.0 0.35159496768834136 0.0 0.35647804194388566 0.0
0 0.250000 0.163086 0.135417 0.080078 0.0 0.05458772570167152 0.07790734349992404 0.03608048192655076 0.054328723183730915 0.2966126049440036 0.3309340506727075 0.29311579536443483 0.3402224595092949 0.6398549812727163 0.9714574502276875 0.9142958348547836 0.9660542595931922
0 0.673828 0.554199 0.134115 0.075195 0.0 0.0 0.1779847612168173 0.0 0.14067487641193702 0.0 0.24437281490932047 0.0 0.27841562483566096 0.0 0.9771895726521346 0.0 0.968491878216979
0 0.575521 0.460938 0.111979 0.056641 0.0 0.0 0.3649374874759297 0.0 0.410850638129575 0.0 0.3310872521016372 0.0 0.21254553320163683 0.0 0.9746430812234812 0.0 0.9689542089395935
0 0.443359 0.356934 0.131510 0.083008 0.0 0.0 0.1747403361287419 0.0 0.15155735842145104 0.0 0.27517155382129993 0.0 0.2682688820885732 0.0 0.970132697092668 0.0 0.9679524450545298
0 0.481120 0.150879 0.180990 0.106445 0.0 0.06927784123761536 0.03838265057058993 0.06005618861328271 0.08050113379622116 0.35607773965486983 0.35043900334818745 0.2558095033096919 0.3453900085333532 0.4504573265738385 0.9691671739624961 0.6586991098947002 0.972095789587041
0 0.504557 0.404785 0.147135 0.071289 0.0 0.0 0.12465209624581933 0.0 0.17534416207490733 0.0 0.3383714415732181 0.0 0.27017613867605667 0.0 0.9612733725567308 0.0 0.9684202371216849
0 0.126953 0.218750 0.162760 0.134766 0.23286725809290224 0.0 0.0 0.0 0.0 0.0 0.0 0.0 0.0 0.0 0.0 0.0 0.0
0 0.406901 0.030762 0.217448 0.059570 0.0 0.04575641365411472 0.02566421184220551 0.16266112546469608 0.0 0.3310475488117318 0.2345446777524477 0.3267012304431232 0.0 0.8582905780999771 0.674969126722946 0.7039305729166948 0.0
0 0.786458 0.638672 0.125000 0.076172 0.0 0.0 0.15090774858870346 0.0 0.15296783824989385 0.0 0.28137606813136856 0.0 0.2838333332596938 0.0 0.9621869862492107 0.0 0.9631013411420235
0 0.843099 0.674316 0.121094 0.071289 0.0 0.0 0.17059361187495797 0.0 0.1108711766326045 0.0 0.25990756802630066 0.0 0.261027652198243 0.0 0.9828626898312517 0.0 0.9698674783158197
0 0.729818 0.596191 0.128906 0.077148 0.0 0.0 0.1348171825824788 0.0 0.16270024090052412 0.0 0.2912249362686923 0.0 0.2395021670180178 0.0 0.9687436263429644 0.0 0.9669188097601344
0 0.211589 0.852051 0.154948 0.118164 0.0 0.1357087664342446 0.036687701952136324 0.0859732894956098 0.03801161199271083 0.36673106482489154 0.35694311174417886 0.3689169379228367 0.3450205992134945 0.8964141501966574 0.8788683165308839 0.89648953168856 0.89120585924658
0 0.675781 0.971191 0.161458 0.057617 0.010905187417826898 0.0 0.07360817155989775 0.043517579423110034 0.1107839397127375 0.0 0.356529870246387 0.3254191950901542 0.33772809417486144 0.0 0.8991041938758716 0.9471547365868528 0.4387493718853309
0 0.896484 0.740723 0.136719 0.086914 0.0 0.0 0.19236366748449302 0.0 0.15605807835052288 0.0 0.2725828602743998 0.0 0.2933989822735913 0.0 0.8712372126826435 0.0 0.9035149656835393
0 0.916016 0.507812 0.084635 0.068359 0.0 0.0 0.16941213025552557 0.11459055660722414 0.0 0.0 0.31365154313163557 0.3196280772133825 0.0 0.0 0.9605511559429927 0.022361731982851376 0.0
0 0.445312 0.774902 0.195312 0.108398 0.0 0.04723696550131384 0.10772939126137773 0.06522072514835661 0.04482877839471114 0.3428032963032612 0.3537774812053876 0.30542445030197374 0.34160121922074466 0.8614121716391617 0.8953414047166162 0.5150206679625484 0.8934730529174287
0 0.928385 0.862305 0.114583 0.062500 0.0 0.0 0.11122786683534495 0.10008872039176991 0.11101836699756798 0.0 0.344056797571984 0.33748463777332344 0.33186977510552856 0.0 0.43319853010579484 0.44931518739855136 0.4534429059785771
0 0.911458 0.977539 0.132812 0.044922 0.0 0.0 0.2857903250614199 0.0 0.28465322273342447 0.0 0.29668270354039256 0.0 0.2963731404659196 0.0 0.4525201059961988 0.0 0.4457026320471556
0 0.929036 0.804688 0.105469 0.060547 0.0 0.0 0.25502036066959977 0.0 0.1495134578071444 0.0 0.24975056624552944 0.0 0.2653750376959962 0.0 0.5305001765363835 0.0 0.5252868224721324
0 0.880208 0.291504 0.106771 0.083008 0.0 0.08922460453129546 0.0 0.1325069294897125 0.0 0.3303083127995735 0.0 0.3628723776200099 0.0 0.467725169464961 0.0 0.44220237444708693 0.0
0 0.623047 0.881348 0.194010 0.161133 0.0 0.03624845296216869 0.18787594455226087 0.041434447714237606 0.16601219934260927 0.3128080547377336 0.3332193471307679 0.317968323442161 0.3665186294192784 0.8845767887937435 0.8991215814154377 0.8975672151892483 0.8979818622491772
0 0.317057 0.806152 0.152344 0.118164 0.0 0.03542356560599326 0.026191938431521417 0.0557028697847815 0.02466347849997228 0.36723804596544085 0.36064859421122863 0.3716924957010991 0.3877172010226017 0.8557034172144387 0.8937611266156475 0.8784645106869151 0.7266088165597636
0 0.080078 0.321289 0.147135 0.095703 0.0 0.039857517643385014 0.13378918780201657 0.0382199306405135 0.14028466396519004 0.3225769846731991 0.32046115818954335 0.31841065416149383 0.32962703755485523 0.23520937903222258 0.23118776626057033 0.24266121154361775 0.23013472808841995
0 0.839193 0.444336 0.191406 0.109375 0.0 0.11649502770196075 0.027453882450443633 0.0830060082800122 0.10442729316062137 0.29893500815096563 0.48517608731749445 0.3038538524792566 0.29866344702808084 0.44670808395643696 0.9702908539174492 0.5728011503783943 0.9713221568270509
0 0.921875 0.924316 0.119792 0.063477 0.03206750376913559 0.09980183794507963 0.0893912102644723 0.0 0.12356003667490356 0.3231455959756038 0.32365678483269694 0.0 0.30654473018847817 0.4396796675185123 0.4505344087361209 0.0 0.4269283911830182
0 0.966146 0.426270 0.067708 0.067383 0.0 0.2992117588557973 0.0 0.10822033787213352 0.0 0.2522649866752508 0.0 0.2387610456693537 0.0 0.40095439219930934 0.0 0.4573918102011008 0.0
0 0.962240 0.172852 0.072917 0.097656 0.0 0.23544069700713322 0.0 0.19136502341194617 0.0 0.33849989152584264 0.0 0.30050643627652807 0.0 0.4457443442645481 0.0 0.44248013001267894 0.0
0 0.966146 0.297852 0.067708 0.085938 0.0 0.16639961321988125 0.0 0.29337531601826305 0.026694614415396833 0.3498271909237408 0.0 0.3820094296047493 0.1668355350892867 0.46086054025294887 0.0 0.4462811414782411 0.49162229740111435
0 0.550130 0.435547 0.108073 0.074219 0.0 0.0 0.1708617799676636 0.0 0.10345076126051173 0.0 0.35840997790523427 0.0 0.18802006445887523 0.0 0.961579520183155 0.0 0.9875604003418207
0 0.103516 0.936523 0.201823 0.123047 0.0 0.055049229030274885 0.08560171920212781 0.07419254287497848 0.08449356662112746 0.30966435554642596 0.3226363703889371 0.34814544083470567 0.31464639437037895 0.892196396049828 0.8954755629160115 0.8138039766985625 0.9041439071363812
0 0.050130 0.409180 0.097656 0.083984 0.4537530122738635 0.0 0.0 0.0 0.0 0.0 0.0 0.0 0.0 0.0 0.0 0.0 0.0
0 0.037760 0.477539 0.072917 0.068359 0.0 0.0 0.3184325554397363 0.0 0.020701355606466593 0.0 0.269403596675136 0.0 0.27734492895267665 0.0 0.2597439219403087 0.0 0.25049491487630177
0 0.026042 0.540527 0.049479 0.059570 0.0 0.0 0.27118078658619 0.0 0.0 0.0 0.21805616223200444 0.0 0.0 0.0 0.26901791484985693 0.0 0.0
0 0.026042 0.604980 0.049479 0.059570 0.0 0.0 0.13416455441970532 0.0 0.0 0.0 0.24031193621076083 0.0 0.0 0.0 0.38519825632141647 0.0 0.0
0 0.026042 0.773926 0.049479 0.059570 0.0 0.07764793692227005 0.09256988682858144 0.0 0.0 0.15160393590389326 0.20403519615359464 0.0 0.0 0.5925411225271762 0.006660369164379492 0.0 0.0
0 0.043620 0.838379 0.084635 0.067383 0.0 0.0 0.3000046704709987 0.0 0.0 0.0 0.14080855585033877 0.0 0.0 0.0 0.7691382729022502 0.0 0.0
0 0.962240 0.555176 0.075521 0.088867 0.0 0.18789058366604394 0.0 0.2581551930404837 0.0 0.3237407293781159 0.0 0.27738314156207117 0.0 0.15066544926778636 0.0 0.1617957939931778 0.0
