0 0.547363 0.929688 0.118164 0.125000 0.0 0.07896890384217695 0.050798536340206084 0.07366687179827745 0.08819250275090162 0.2803228569703617 0.27858804378916907 0.28087025504189067 0.27741101118175104 0.7917692420482666 0.8509237738521338 0.8547877737655515 0.8507463988971109
0 0.671875 0.869629 0.078125 0.084961 0.0 0.16664461232576738 0.0 0.11956987261879211 0.0 0.26792784703517303 0.0 0.40774554097485 0.0 0.8518909944116383 0.0 0.8497886824210285 0.0
0 0.632812 0.639160 0.107422 0.069336 0.0 0.06359109476231277 0.09026153029455898 0.13706244483236713 0.14202566769899969 0.35440843337006933 0.3576884109558527 0.35308564802748466 0.35697484355274933 0.8004024481543957 0.7562986400246703 0.8067460445274606 0.800852686515788
0 0.059570 0.066895 0.080078 0.084961 0.0 0.11765511575660505 0.019822154490044583 0.09242312631741956 0.05999327607401344 0.3287751278255639 0.29995185840073185 0.3223107129359329 0.3408514410195137 0.8108902795159411 0.7458929762634596 0.7902309571461582 0.8026161807637726
0 0.923828 0.961426 0.072266 0.075195 0.0 0.13472263842138213 0.06790160189625827 0.13466833426166785 0.0 0.3698207432836964 0.3171957054139684 0.39210504415706426 0.0 0.9666944835830097 0.839878447272334 0.8638626287152988 0.0
0 0.783691 0.560547 0.081055 0.078125 0.053734920106402635 0.020512856158336843 0.06291859686325631 0.05018895622368917 0.14370258092063656 0.504003596156939 0.3902779854642086 0.4788912964533801 0.3840658436730613 0.8419548905530484 0.8071232922806915 0.7990887953399503 0.8027050370078412
0 0.389160 0.616211 0.075195 0.066406 0.0 0.0 0.1208279020923346 0.0 0.08768466304735892 0.0 0.2688463380607654 0.0 0.27730842006908724 0.0 0.7899271109787934 0.0 0.8016857572168357
0 0.626465 0.909180 0.071289 0.076172 0.0 0.16416654856984103 0.0 0.19924162053451971 0.0 0.3030950089117116 0.0 0.3108268585736595 0.0 0.8539939337660944 0.0 0.8487114856979272 0.0
0 0.124512 0.036621 0.088867 0.071289 0.26701471431597296 0.0 0.0 0.03057089880955193 0.0 0.0 0.0 0.32755852955124787 0.0 0.0 0.0 0.8036183491245305 0.0
0 0.967773 0.934570 0.064453 0.078125 0.0 0.1223342823960989 0.0 0.16065633553812655 0.0 0.3279214368224875 0.0 0.31786648212409174 0.0 0.8757105961231406 0.0 0.8824455243901526 0.0
0 0.864746 0.766602 0.075195 0.072266 0.0 0.19897268233396323 0.0 0.1660312938869175 0.0 0.32219200063908277 0.0 0.3259014920085341 0.0 0.851325151184398 0.0 0.8565886669767117 0.0
0 0.913086 0.727539 0.085938 0.070312 0.0 0.22542872686880372 0.05963799740299304 0.10563918933834077 0.0 0.2423608800574467 0.2962530117171093 0.32410324776676597 0.0 0.8414900786356077 0.8584032104482516 0.8583948725572264 0.0
0 0.766113 0.814453 0.069336 0.085938 0.0 0.044057442666850404 0.0 0.07837798383139356 0.05702258328334905 0.4117596388356403 0.0 0.46142077852496105 0.37444787406841284 0.8555654844031235 0.0 0.8505820468386213 0.8777295924501816
0 0.538574 0.475098 0.077148 0.057617 0.0 0.0 0.1731305973951341 0.029380065456875208 0.12308025476742217 0.0 0.1596636801455712 0.22009576275097373 0.32795748409077274 0.0 0.8063920219102694 0.6322677238146235 0.7940468736490932
0 0.618652 0.222656 0.059570 0.060547 0.0 0.0324174701007033 0.22176728370461138 0.0 0.2262967699718918 0.1736182168187237 0.3205459477550543 0.0 0.32447076312880113 0.9798841859982304 0.7910094303437728 0.0 0.8121825437152927
0 0.977051 0.458496 0.045898 0.071289 0.0 0.0 0.07427830747475564 0.0 0.2182381124649873 0.0 0.23135556454627773 0.0 0.29685215183355085 0.0 0.8636542239009002 0.0 0.782880072430557
0 0.718262 0.846191 0.071289 0.075195 0.0 0.14942688870145043 0.08972435638729419 0.1419536875102275 0.0 0.3743477788855405 0.3513510196608358 0.495563098267797 0.0 0.8495967749111253 0.8310928887794327 0.8462515987220968 0.0
0 0.357910 0.565918 0.079102 0.065430 0.044823068532673205 0.01789748982650785 0.053736706856493885 0.06347883788771291 0.2168023597703327 0.40263911066761365 0.49037320171797305 0.29865997079578466 0.2642390828120378 0.3239609329983591 0.21820977106921696 0.4734321479696707 0.7483144361831245
0 0.595703 0.171875 0.068359 0.060547 0.0 0.0 0.2470528518257321 0.026179770115440367 0.09012832500354034 0.0 0.3032566641270094 0.2882615596411482 0.331548533052898 0.0 0.8136856963337105 0.7198722613461428 0.7976420545626003
0 0.309082 0.458008 0.077148 0.070312 0.0 0.0 0.20112108521746197 0.0 0.060255240453473725 0.0 0.33267168208049624 0.0 0.38257923444287617 0.0 0.8129334458603721 0.0 0.7986734920108783
0 0.662598 0.270020 0.124023 0.073242 0.0 0.04068158319072328 0.1041155782987675 0.039326682644678694 0.05420329167530492 0.31369653658611896 0.2999431697350514 0.38934135926066354 0.3349079184826829 0.7975677678668588 0.8179093908808546 0.7899700374520383 0.7933492836618626
0 0.773438 0.021973 0.095703 0.041992 0.0 0.0 0.1604572833705388 0.04779433338962533 0.18221546666956173 0.0 0.3250980779652649 0.28928776224557007 0.32229640479182814 0.0 0.8018799989445589 0.8183748969353524 0.789346185680309
0 0.458984 0.321289 0.097656 0.080078 0.0 0.024588747012039655 0.0903828568249988 0.026284897302461904 0.050374486667319536 0.31846318913784216 0.3253363437993833 0.3048408642377804 0.31862351419288965 0.8174979563009929 0.8100491518376143 0.8103885085208377 0.8270989179526926
0 0.811523 0.792969 0.072266 0.072266 0.0 0.12190054562472089 0.050751293772717136 0.07729050971872374 0.0 0.33495159391318347 0.37836194438083026 0.46412030786292496 0.0 0.8711794486277542 0.8419848396668704 0.875735345055412 0.0
0 0.604004 0.579590 0.073242 0.059570 0.0 0.0 0.2951775799597447 0.0 0.15549710292169536 0.0 0.18349879007079298 0.0 0.3693557344171817 0.0 0.545395282323618 0.0 0.8131081370152081
0 0.693848 0.396973 0.071289 0.053711 0.0 0.0 0.12908619171313399 0.021507513937699056 0.09279523746796914 0.0 0.3356144795269315 0.27892721624054845 0.3297169548703778 0.0 0.8020560470704159 0.7523284854811443 0.7975609300860741
0 0.856445 0.181152 0.082031 0.063477 0.0 0.0 0.21238082673039793 0.0 0.07475024468049929 0.0 0.3113210020260043 0.0 0.34052434724933034 0.0 0.8153141652138232 0.0 0.8042331142132872
0 0.191406 0.863770 0.234375 0.272461 0.0 0.037677410524443435 0.13233465015447454 0.018876243447061746 0.09504060735163547 0.24845513612431586 0.2249768432251935 0.2478093339594406 0.2520953435209982 0.8302528245340626 0.830586703652661 0.8249627629426366 0.8319278616958917
0 0.489258 0.373535 0.097656 0.063477 0.0 0.03930397281236616 0.10647278581378372 0.022566812378126255 0.08483511018423485 0.2870709075223613 0.3462165824243444 0.30422419672215834 0.346365425040981 0.8039462538597614 0.8144114418785197 0.8058260180462601 0.8014442720841802
0 0.862305 0.977539 0.052734 0.044922 0.0 0.03022424211198169 0.0 0.0 0.1855665488780201 0.31389613087042223 0.0 0.0 0.23964795879245837 0.8839763392747086 0.0 0.0 0.8846447795298656
0 0.942871 0.338867 0.083008 0.058594 0.0 0.04081373623070803 0.18907259470343624 0.05530429308353035 0.12086851800753282 0.32764580249811226 0.24486138010583158 0.31890372777690434 0.3658741876655487 0.8021342805639478 0.8441336092604728 0.8034607994276756 0.8055066018745543
0 0.040039 0.562988 0.078125 0.237305 0.0 0.0 0.2272933627743896 0.0 0.14635200396780396 0.0 0.24276435425085657 0.0 0.24245645873361393 0.0 0.8029896580389659 0.0 0.8050510673118917
0 0.441895 0.660156 0.118164 0.080078 0.0 0.0906203093422965 0.07447104896756729 0.0815210615895837 0.09671112165606466 0.3347281752835783 0.28492422300538006 0.27737775553923666 0.2850228227040022 0.8110324992326589 0.819782469064507 0.7953153434964905 0.8589664556722305
0 0.752930 0.503906 0.080078 0.056641 0.0 0.0 0.18451532278855506 0.0 0.06891928136689265 0.0 0.3256944522631387 0.0 0.34513593076828636 0.0 0.8100661324468007 0.0 0.7804057716207252
0 0.670410 0.339355 0.079102 0.075195 0.0 0.0 0.14348159323651047 0.0 0.14784724219955864 0.0 0.2908139099350223 0.0 0.3408380532985278 0.0 0.8209417098529782 0.0 0.8007972254968074
0 0.507812 0.431152 0.082031 0.065430 0.0 0.0 0.08502075690974426 0.0 0.09001239178380667 0.0 0.28179689395363094 0.0 0.33795045153053593 0.0 0.8149507801772308 0.0 0.7944132753525691
0 0.529785 0.068848 0.071289 0.071289 0.0 0.08089701962524862 0.1636895311616599 0.0 0.10412029752405214 0.3212580326270704 0.3236813389134998 0.0 0.3215698760206422 0.8081401417921309 0.79828857164248 0.0 0.7973781214501154
0 0.970703 0.393555 0.058594 0.082031 0.0 0.0 0.16132451752412325 0.0 0.11550201483987663 0.0 0.14378411831957297 0.0 0.17290196309535108 0.0 0.8065296881675406 0.0 0.8035490328224149
0 0.295410 0.395508 0.096680 0.087891 0.0 0.02363136561458211 0.10365064245244707 0.0202747500524407 0.09172152302007168 0.3888621558769138 0.3089223458782563 0.369148316215063 0.3567561719329586 0.8090493158616503 0.8251275533403251 0.8130858261150669 0.8997419261072989
0 0.827637 0.127930 0.077148 0.064453 0.0 0.0301244286998147 0.210473923199949 0.023352973654942037 0.20298536247168367 0.2908988073125581 0.3332559471940493 0.3844200390652042 0.3368422247346208 0.8020177120021129 0.7918743409929211 0.8084603461181435 0.8202313904152173
0 0.806641 0.072754 0.097656 0.063477 0.0 0.053702512293706435 0.13678200803808344 0.04605318126179848 0.08330471110788865 0.41083364040896403 0.35015929027499126 0.4451718944126732 0.34166333750611827 0.805955391949616 0.6889521098332121 0.7908809570143458 0.8158927024724436
0 0.421875 0.262695 0.083984 0.064453 0.0 0.0 0.19170789757233375 0.0 0.06657579197328516 0.0 0.3483068441490067 0.0 0.3000132674777925 0.0 0.8024964804353957 0.0 0.8081931450607375
0 0.887695 0.236328 0.068359 0.064453 0.0784196675818156 0.02327472571657199 0.19816833881801474 0.0 0.26798107065570237 0.3250659348221999 0.3615647728290663 0.0 0.34851610260661203 0.8958034948415027 0.7833594700606572 0.0 0.7832061626870584
0 0.556641 0.535645 0.074219 0.065430 0.0 0.02222386095594903 0.16873159152485676 0.0 0.07037971313284497 0.3615440508748562 0.22906388165251773 0.0 0.39503229400051515 0.8910578794061778 0.7743196164611266 0.0 0.8641752317616689
0 0.340332 0.506348 0.065430 0.073242 0.12203254873176818 0.0 0.29879129770255963 0.0 0.2341695716521536 0.0 0.3138981445926019 0.0 0.3776428940644575 0.0 0.791450698509651 0.0 0.7950122070517883
0 0.253906 0.350098 0.089844 0.073242 0.06749621460607062 0.0 0.06087014561016176 0.0 0.09188391469452512 0.0 0.3434540804875842 0.0 0.34699476742026863 0.0 0.8197335252797937 0.0 0.7894334603197036
0 0.202148 0.234863 0.093750 0.073242 0.03396737348338519 0.06321034560070757 0.11772334914310625 0.025598049974073347 0.02596800690823627 0.3026220849398723 0.26703912214517145 0.3164675349842325 0.33086162557856186 0.8068076477760522 0.835617714729898 0.7916370589554661 0.7978104596637517
0 0.562012 0.125488 0.071289 0.071289 0.0 0.0 0.2407604452454285 0.0 0.13365836986294893 0.0 0.3191147865075402 0.0 0.37070912132179207 0.0 0.8040951621016278 0.0 0.8267707653085691
0 0.739746 0.437500 0.086914 0.064453 0.0 0.043102453656353956 0.1729504953703777 0.037286410484477436 0.17190408572970758 0.32874692425906565 0.32763038478842016 0.33601980938052 0.32078681651263274 0.7970641552520566 0.8107702680319859 0.8157198506229867 0.8111769880874852
0 0.907715 0.285156 0.083008 0.058594 0.0 0.0 0.20258607217461355 0.0 0.06929029041701455 0.0 0.3133654229112554 0.0 0.328326760958253 0.0 0.801214776464895 0.0 0.788453555846779
0 0.405273 0.207031 0.083984 0.064453 0.0 0.04075539762227878 0.20250056655428975 0.029093341016805902 0.14511699782255555 0.30499639713944426 0.32334690039118047 0.3032522782205452 0.34489991269027903 0.8127962058583377 0.7965382921103338 0.8116292503290657 0.7900577497800966
0 0.380371 0.140625 0.124023 0.078125 0.041423918424148796 0.08209425879595482 0.052411857290303385 0.012330584428368936 0.0 0.39786741879716897 0.38256589057162554 0.35686624144976503 0.0 0.8006290586528585 0.8121175010018911 0.8621041965134787 0.0
0 0.221191 0.297363 0.079102 0.063477 0.0 0.0 0.11266498518505016 0.0 0.18286397189817466 0.0 0.3759154598286334 0.0 0.3449233347982634 0.0 0.8144211116210702 0.0 0.810314562868285
0 0.454102 0.731445 0.107422 0.070312 0.0 0.07150037254638651 0.0899192685042137 0.11055692824981968 0.0797015772077049 0.3507800899042705 0.34242052958201763 0.3497800605484797 0.3564412801790137 0.7989778224755126 0.8022878268747413 0.8011055225288828 0.7983905978791217
