0 0.560547 0.549805 0.089844 0.085938 0.0 0.20343913992237728 0.0 0.19650733250732305 0.0 0.25615679112559625 0.0 0.2591192667975584 0.0 0.07421396557747657 0.0 0.05073646274282611 0.0
0 0.188965 0.864746 0.100586 0.094727 0.0 0.0 0.2563638265068288 0.0 0.14793255035989555 0.0 0.34968747272332945 0.0 0.3551353151247233 0.0 0.8694784339118454 0.0 0.8720792622714699
0 0.223633 0.241211 0.066406 0.064453 0.0 0.12248406492213658 0.0 0.31963784118686794 0.0 0.26568863719936364 0.0 0.2705878598603636 0.0 0.0509896148521407 0.0 0.07872399766785192 0.0
0 0.918457 0.675293 0.077148 0.075195 0.0 0.342450221585783 0.0 0.2931660790503875 0.0 0.31477227831890614 0.0 0.30163958959727727 0.0 0.05610853807110219 0.0 0.04699594758936377 0.0
0 0.123535 0.440430 0.083008 0.074219 0.0 0.17968571556110416 0.0 0.27966707811691777 0.0 0.29483881419285596 0.0 0.2730949374325604 0.0 0.03897580539352832 0.0 0.08515166102277855 0.0
0 0.916504 0.103027 0.094727 0.086914 0.0 0.0 0.06079240972458174 0.025233217399891754 0.20612965744781178 0.0 0.1929752140711642 0.20563541992933845 0.26128246171410646 0.0 0.07167781262012467 0.9570280027050785 0.09014924213910074
0 0.866211 0.629395 0.082031 0.084961 0.0 0.24199878802467276 0.0 0.2156808130877132 0.0 0.32141857299272625 0.0 0.30266345572247805 0.0 0.048645873383946284 0.0 0.04947120814457643 0.0
0 0.188477 0.087891 0.087891 0.070312 0.008085748482800534 0.04031931395148344 0.0 0.12648632234113386 0.10751094379493932 0.3104261153254248 0.0 0.32775000890276573 0.32584238323012765 0.08803382883462187 0.0 0.05467915149572049 0.041003602549154215
0 0.724609 0.197266 0.076172 0.074219 0.0 0.0 0.2541899354693645 0.0 0.2639636883166669 0.0 0.27496540582973866 0.0 0.2762501348195582 0.0 0.03732309945982277 0.0 0.06627348109442278
0 0.064941 0.402832 0.077148 0.067383 0.0 0.16824451866105358 0.0 0.25119852702594503 0.0 0.21936239558025905 0.0 0.21431772812699168 0.0 0.07054896195983855 0.0 0.10758503789673139 0.0
0 0.328613 0.721680 0.067383 0.070312 0.0 0.0 0.11006567465852538 0.0 0.28472404887855435 0.0 0.2936176127557942 0.0 0.33152147609771093 0.0 0.8902746603302062 0.0 0.8834050243045175
0 0.784180 0.283203 0.087891 0.072266 0.0 0.0 0.14801136219324085 0.0 0.26364082297120783 0.0 0.2477690222470679 0.0 0.2373326639364081 0.0 0.12430142248093716 0.0 0.10980880330012073
0 0.434082 0.192871 0.071289 0.061523 0.0 0.2300499084481024 0.0 0.22905570065031375 0.0 0.2664362917796256 0.0 0.2747917667337061 0.0 0.05904388775790592 0.0 0.05453526217720568 0.0
0 0.246094 0.142090 0.078125 0.061523 0.0 0.14441272154425353 0.0 0.15558499020749153 0.0 0.287524819397921 0.0 0.3014832665843614 0.0 0.05627542235982285 0.0 0.03322640956486267 0.0
0 0.274902 0.300781 0.077148 0.070312 0.0 0.09358332081735583 0.0 0.21992787476250694 0.0 0.27088116636600107 0.0 0.2722918423606087 0.0 0.04132091289955682 0.0 0.04672319536850801 0.0
0 0.261719 0.635742 0.076172 0.080078 0.0 0.0 0.13104511570369376 0.0 0.3504253819252044 0.0 0.30887166884222084 0.0 0.3116811518445991 0.0 0.8847280876018194 0.0 0.8830109982803988
0 0.562988 0.109863 0.139648 0.131836 0.0 0.2300801380601018 0.043251853803224355 0.10040461784531005 0.011220942625701082 0.29599089618529667 0.3761079166070962 0.3473407138291213 0.381487467299994 0.05389188040702227 0.05099520295792293 0.047907763474087144 0.06365326874682435
0 0.965332 0.717773 0.069336 0.068359 0.0 0.10984702077541679 0.0 0.19313912082901766 0.0 0.44943917439202696 0.0 0.32303098832551325 0.0 0.03484824618709889 0.0 0.046278625944531075 0.0
0 0.168457 0.495117 0.088867 0.078125 0.0 0.0 0.1399210053902007 0.0 0.1590434137150078 0.0 0.32131611532360316 0.0 0.29975551898260755 0.0 0.838542424325184 0.0 0.8692055163660057
0 0.307617 0.198242 0.068359 0.056641 0.0 0.16671582565194765 0.0 0.24541102313298827 0.0 0.28405676032245214 0.0 0.26248384666847663 0.0 0.028797836947329278 0.0 0.05038159646994858 0.0
0 0.485840 0.489258 0.088867 0.080078 0.0 0.17630887466402007 0.0 0.1500813014262673 0.07477620524499487 0.24919825500737802 0.0 0.23921167382618636 0.2948764387702937 0.057524246558568845 0.0 0.03140217036828024 0.060768955751318764
0 0.421387 0.542480 0.096680 0.077148 0.0 0.0 0.0 0.13205483213177463 0.17679026690151653 0.0 0.0 0.29224813933192717 0.2754301441736555 0.0 0.0 0.9989556122166423 0.05210038322070147
0 0.364258 0.775391 0.074219 0.078125 0.0 0.0 0.36317180263124926 0.0 0.1948968998557049 0.0 0.2797572323646632 0.0 0.35643406935840605 0.0 0.8795712568329643 0.0 0.8857465649339796
0 0.107910 0.139160 0.057617 0.063477 0.0 0.1511191738188504 0.0 0.29805794271738856 0.0 0.2600494712764063 0.0 0.23002208280567815 0.0 0.045067954678225816 0.0 0.06717156748767365 0.0
0 0.370117 0.137207 0.076172 0.059570 0.0 0.22628128085199473 0.0 0.3078794696931012 0.0 0.231483268059015 0.0 0.18300972911885063 0.0 0.04959796380875064 0.0 0.06795096796296289 0.0
0 0.311523 0.442871 0.117188 0.079102 0.0 0.0 0.1359741159764721 0.060545879278296466 0.17249466565883345 0.0 0.2154243970147158 0.22553056771737 0.21140305723985983 0.0 0.045837110019330794 0.04665968796773382 0.06515530323630085
0 0.213867 0.584961 0.056641 0.052734 0.0 0.0 0.16984190246140254 0.0 0.32193961199839355 0.0 0.3099147626683116 0.0 0.303708760424255 0.0 0.9315994639256288 0.0 0.8821959290394438
0 0.200195 0.528320 0.083984 0.076172 0.0 0.0 0.055919249276710666 0.0 0.06241513276421213 0.0 0.28594968243306584 0.0 0.4224434054260051 0.0 0.9462540193439968 0.0 0.9208276960606955
0 0.458008 0.040527 0.089844 0.079102 0.041528822362702895 0.05015458869720016 0.13174184215557438 0.0 0.15264442080256208 0.28207697125067516 0.24541223754770394 0.0 0.23969709492397584 0.04079536778841973 0.030732001607539916 0.0 0.14100258080353223
0 0.163086 0.197266 0.060547 0.062500 0.0 0.11123493963525179 0.0 0.28155303595870573 0.0 0.2793932844740445 0.0 0.2963667162259298 0.0 0.0481168372872334 0.0 0.059242173207233705 0.0
0 0.586426 0.362793 0.102539 0.108398 0.0 0.0 0.10357126246841053 0.07027333665881454 0.16207678068820883 0.0 0.2573144303052287 0.3148613449068695 0.29402763964341017 0.0 0.24081963602621637 0.031352993006255915 0.05514711915988749
0 0.645508 0.445801 0.115234 0.077148 0.0 0.103906400943845 0.0630993315683407 0.17872530712777152 0.0 0.33232942514780855 0.3195433040942104 0.3273251323483037 0.0 0.07848160260304829 0.09487176900365424 0.06510217195114162 0.0
0 0.717285 0.353027 0.100586 0.106445 0.0 0.0 0.14752252137064692 0.0 0.19232471712423105 0.0 0.3617660731246985 0.0 0.3430108755749006 0.0 0.10269635782583021 0.0 0.08832443872031445
0 0.433594 0.295898 0.097656 0.066406 0.0 0.12480240043982867 0.03221476947868416 0.07152251928112605 0.008387735164708011 0.12951855453059613 0.41753583354453855 0.4051296930520165 0.3969879705814615 0.12075976955084866 0.04571743989526327 0.05332905076978136 0.9421655970800822
0 0.660645 0.268555 0.096680 0.089844 0.0 0.0 0.11673235957661007 0.0 0.11504314864671052 0.0 0.3005763403916535 0.0 0.28804803000794943 0.0 0.05084980497137348 0.0 0.046733979480813384
0 0.847168 0.458008 0.129883 0.101562 0.0 0.11740954519029236 0.013242584091578797 0.007300835239015359 0.09446271009728008 0.10930582392137368 0.11585391007853096 0.11535552393251133 0.11412527352509949 0.05736365318277927 0.05215474140601878 0.06001626131316837 0.05149353817837243
0 0.801758 0.094238 0.076172 0.067383 0.0 0.0 0.1385479471170952 0.0 0.15169858874320122 0.0 0.29361754599633394 0.0 0.27254686973963804 0.0 0.045854119569654336 0.0 0.05897641054914402
0 0.977051 0.395508 0.045898 0.072266 0.0 0.2674221458513085 0.0 0.01580080042089915 0.08240587530823817 0.31808680340171136 0.0 0.31618510628158375 0.325687941584406 0.09092337830849115 0.0 0.06445193794215621 0.982499989076749
0 0.043945 0.093262 0.068359 0.057617 0.0 0.13453916502953286 0.0 0.18436441192848316 0.0 0.2671139893609973 0.0 0.2642192188760589 0.0 0.041938475837012136 0.0 0.08325744009401974 0.0
0 0.880371 0.161621 0.063477 0.059570 0.0 0.0 0.13497060606264008 0.0 0.24776376770972605 0.0 0.19971550650641853 0.0 0.23996908417019133 0.0 0.011328196334157306 0.0 0.1122318508536782
0 0.652832 0.644531 0.110352 0.089844 0.0 0.11094514013446638 0.03928468327641697 0.13231441452151696 0.029356137439616736 0.3598054283044567 0.22290289545829478 0.219172735779061 0.26652489262709783 0.04654665268803823 0.021373127873522434 0.06272970475834624 0.10905429506980668
0 0.780762 0.550781 0.118164 0.111328 0.0 0.06093048849158842 0.0 0.12411115334177238 0.09722556417289345 0.30814061430173867 0.0 0.2918388647108313 0.30329332139472603 0.050840564946252914 0.0 0.31480957613880345 0.07559684109347163
0 0.400879 0.846191 0.077148 0.077148 0.0 0.0 0.16664335751016027 0.0 0.138315497738005 0.0 0.2661126785873456 0.0 0.28219855532640126 0.0 0.9200836132030058 0.0 0.8745567419077382
0 0.506836 0.238281 0.076172 0.072266 0.0 0.15957751023094016 0.05623856528734221 0.09303307574298707 0.07598672998093174 0.32127561246661673 0.3507280577606725 0.3275503562658585 0.3285111424132517 0.052097016189572146 0.06500490752849954 0.04610377310177872 0.07022573211215502
0 0.601562 0.594727 0.064453 0.058594 0.0 0.11372477454049609 0.0 0.1096635533859573 0.0 0.34722728809139525 0.0 0.11545949204426315 0.0 0.047215328207782487 0.0 0.26344646377084663 0.0
0 0.499023 0.967773 0.101562 0.064453 0.0 0.17595158402904484 0.0 0.12113462370387883 0.10468995887007604 0.25126612588841185 0.0 0.2059302459615844 0.19453331742184518 0.1906640995212519 0.0 0.3444061379318327 0.9817636946842216
0 0.302246 0.954590 0.069336 0.045898 0.0 0.0 0.23554615523232325 0.0 0.09543606845644202 0.0 0.23834273643472517 0.0 0.1796866060407368 0.0 0.8834229143424207 0.0 0.8780282993898835
0 0.111816 0.019043 0.104492 0.036133 0.0 0.02546557450918682 0.1396917711443696 0.182833096951834 0.0 0.2834072322264027 0.2648251157036808 0.27160941782749504 0.0 0.047655533899789757 0.04832384008254027 0.054031649562403396 0.0
0 0.955566 0.549316 0.065430 0.079102 0.0 0.16646904687234007 0.0 0.06530175992083133 0.0 0.28493489391047855 0.0 0.2760641583465876 0.0 0.07460514568944135 0.0 0.059591727110756665 0.0
0 0.158691 0.757812 0.084961 0.064453 0.0 0.011652787995834522 0.045360479429009885 0.025107778748171054 0.08658548591586544 0.3299763100626719 0.26597407019216107 0.4013031148957023 0.2603421151306708 0.9200632642995171 0.9087599660788221 0.9053832727888151 0.8701622565736572
0 0.927246 0.335449 0.086914 0.100586 0.0 0.06526491572702244 0.07270843735379477 0.08598170429193801 0.18646384683169803 0.3261989792785996 0.32016568919885635 0.29352331517000435 0.3255933683533248 0.05723301488145864 0.09678795241964402 0.03911223968537204 0.1314894933275383
0 0.913574 0.850586 0.059570 0.052734 0.0 0.26873275244446565 0.0 0.16461481243368042 0.0 0.3493316102269495 0.0 0.1594260640358455 0.0 0.06365749081477258 0.0 0.04117465325075279 0.0
0 0.340820 0.341309 0.064453 0.057617 0.0 0.34720179900011355 0.0 0.26709818407085534 0.0 0.28765103389966773 0.0 0.26117001987378846 0.0 0.010594092662402075 0.0 0.05616190967353955 0.0
0 0.391602 0.391602 0.058594 0.060547 0.0 0.16364362210062014 0.17385946524836474 0.10326539415445865 0.0 0.23991938964226997 0.2772569762729419 0.2834494297695176 0.0 0.038186121688988724 0.05541262780362912 0.027156372998218596 0.0
0 0.958496 0.038574 0.083008 0.075195 0.1296034667792142 0.15651186379825063 0.1202312328097809 0.0 0.0 0.3010975882625401 0.29062028871238466 0.0 0.0 0.10222214285199398 0.1389103243692009 0.0 0.0
0 0.864746 0.812500 0.083008 0.076172 0.0 0.23050908707816148 0.0 0.1659495445020193 0.0 0.24969368971354436 0.0 0.09836712499919575 0.0 0.06487220201316402 0.0 0.0057473727177861315 0.0
0 0.392090 0.018066 0.079102 0.034180 0.0 0.0 0.051488354325780736 0.24485843886894904 0.0 0.0 0.30669566061426906 0.3367243324931645 0.0 0.0 0.045293930221227026 0.059315787468288285 0.0
0 0.016113 0.848633 0.030273 0.070312 0.02438039433728957 0.0 0.2474946475938413 0.0 0.0 0.0 0.24691570911867797 0.0 0.0 0.0 0.8902320058169974 0.0 0.0
0 0.451172 0.937500 0.060547 0.060547 0.0 0.0 0.2073026350398399 0.0 0.15463485784644895 0.0 0.24842232485045732 0.0 0.27281555378242955 0.0 0.8812298923819112 0.0 0.8721818092423341
0 0.108887 0.676758 0.116211 0.103516 0.0 0.0 0.18605960673778976 0.0 0.19567958853332879 0.0 0.2792412554897457 0.0 0.2863948008858694 0.0 0.89239949045911 0.0 0.7564652505398867
0 0.482910 0.836426 0.067383 0.063477 0.1454865573321413 0.0 0.0 0.0 0.2451657216722612 0.0 0.0 0.0 0.11936908835667853 0.0 0.0 0.0 0.8837764348133849
0 0.697754 0.030273 0.081055 0.058594 0.0 0.09395039726758868 0.04603082157102352 0.1090613057015352 0.0 0.3477917645891535 0.37429007159742805 0.30950554346340664 0.0 0.0656741800582096 0.03814788274759672 0.046325678358813446 0.0
0 0.843262 0.196289 0.071289 0.062500 0.0 0.06969777614550397 0.14636399280004234 0.0 0.1458215322504854 0.3094153866921252 0.3625689266695565 0.0 0.2846569982822168 0.1014345840951961 0.033991197810889044 0.0 0.08326146119788949
0 0.020996 0.365723 0.040039 0.083008 0.0 0.15583795180517832 0.0 0.2367157640114671 0.0 0.21868435976052336 0.0 0.27647035625093036 0.0 0.09384950723991542 0.0 0.10515789222967208 0.0
0 0.331055 0.984863 0.062500 0.030273 0.0 0.0 0.3339696727320807 0.0 0.1414040816390393 0.0 0.3787330712501693 0.0 0.38358853014550665 0.0 0.8908274085851455 0.0 0.9167059910578688
0 0.327637 0.095215 0.051758 0.051758 0.0 0.1070126683238785 0.0 0.17603089840478534 0.0 0.29874736425417875 0.0 0.25973547552852727 0.0 0.03107756436480255 0.0 0.04615067373407934 0.0
0 0.012695 0.059082 0.023438 0.055664 0.0 0.13868658261296393 0.0 0.21536324368382992 0.0 0.3036148694827774 0.0 0.27862118105927175 0.0 0.019763963132602667 0.0 0.062202984321443305 0.0
0 0.015625 0.775879 0.029297 0.071289 0.15117653188689065 0.0 0.0 0.0 0.0 0.0 0.0 0.0 0.0 0.0 0.0 0.0 0.0
0 0.302734 0.075195 0.058594 0.064453 0.0 0.07198848768021841 0.0890922038690019 0.13164333443802 0.0 0.2670002358443512 0.30827252397081645 0.24585675860896675 0.0 0.064207358988454 0.8000131944079082 0.06002627892395114 0.0
0 0.758789 0.136719 0.066406 0.058594 0.0 0.0 0.09801392021452088 0.0 0.24264033627508275 0.0 0.3873137043356769 0.0 0.25905916130915574 0.0 0.038868240032060915 0.0 0.02613974487737241
0 0.966797 0.251953 0.066406 0.070312 0.0 0.11526539427134852 0.011707216244583306 0.00981690833115404 0.1272153483567475 0.304058549360637 0.32322302766387956 0.30140373995973263 0.3683854590386879 0.10493031285790401 0.014464581255531862 0.13770951134008177 0.0911194325652057
0 0.922363 0.516113 0.061523 0.065430 0.0 0.2062892136632081 0.0 0.1282520210373017 0.0 0.23671504052656572 0.0 0.25761487409426026 0.0 0.06278630018613751 0.0 0.05600481532262904 0.0
0 0.826172 0.240234 0.060547 0.048828 0.0 0.051136579631106696 0.17588859088840175 0.0 0.11424008897126241 0.34095763774698057 0.30479272015997627 0.0 0.29928323275513724 0.4920791732483355 0.1219636081591847 0.0 0.4834518779961555
0 0.357910 0.244629 0.071289 0.061523 0.0 0.08917961855325834 0.0 0.13263345054675724 0.0 0.2965631888784129 0.0 0.3047049497514512 0.0 0.05444652537306575 0.0 0.05116585396864745 0.0
0 0.242676 0.035156 0.088867 0.068359 0.0 0.10363529762871916 0.0 0.11834353885123103 0.09432224357456788 0.34522725933746923 0.0 0.354458125114056 0.3232843677700667 0.03443532330627619 0.0 0.033480217477761205 0.038193662724611006
0 0.024902 0.562988 0.047852 0.081055 0.10052283493587932 0.20062185139651367 0.0 0.038132684250205114 0.0 0.32545603756904434 0.0 0.29196978832868165 0.0 0.07435011401493215 0.0 0.140391650736155 0.0
0 0.024902 0.691895 0.047852 0.081055 0.042296254274556584 0.0 0.06165664728844371 0.08302035222001006 0.09615428145029677 0.0 0.17143370346301318 0.2851371164122125 0.2736674703688665 0.0 0.2714335466419266 0.9868272706576227 0.015219334868392782
0 0.300293 0.680664 0.069336 0.052734 0.0 0.0 0.2790972796575405 0.1232391240560776 0.0 0.0 0.33039334162058986 0.37496341843968045 0.0 0.0 0.8039968263503273 0.03157505004527208 0.0
0 0.438477 0.890137 0.068359 0.057617 0.0 0.0 0.2893260335601702 0.0 0.33718737837537005 0.0 0.12871189361964394 0.0 0.228144351743217 0.0 0.84657677584587 0.0 0.9685330111339807
0 0.589355 0.949219 0.069336 0.070312 0.0 0.1297277244441228 0.0 0.10552378295787179 0.0 0.203332544625286 0.0 0.195393337907941 0.0 0.05338940181702472 0.0 0.09411909227507888 0.0
0 0.671387 0.941895 0.098633 0.098633 0.0 0.10139490052136543 0.09486994020496164 0.1726359246859141 0.011550600377775114 0.22321513934311288 0.42297449410608895 0.3761716747502741 0.32380673310114283 0.4127182544654059 0.12302144503047682 0.476838041787044 0.0741492963353737
0 0.743164 0.962402 0.060547 0.063477 0.0 0.0 0.0 0.08967608599546283 0.09181343321895653 0.0 0.0 0.36772906620597584 0.30265698929120827 0.0 0.0 0.48823261870640394 0.11274244543963208
0 0.806641 0.955078 0.066406 0.076172 0.23442405718437903 0.0 0.0 0.0 0.0 0.0 0.0 0.0 0.0 0.0 0.0 0.0 0.0
0 0.866211 0.959961 0.066406 0.076172 0.0 0.11274415549852274 0.0 0.12751081659989236 0.0 0.3942825797742451 0.0 0.4107438574147635 0.0 0.831267802895854 0.0 0.911635817682522 0.0
0 0.811035 0.770508 0.083008 0.076172 0.4061254508875224 0.0 0.0 0.0 0.0 0.0 0.0 0.0 0.0 0.0 0.0 0.0 0.0
0 0.736328 0.729004 0.125000 0.110352 0.27900844565472077 0.0 0.0 0.0 0.0 0.0 0.0 0.0 0.0 0.0 0.0 0.0 0.0
0 0.951660 0.891602 0.096680 0.095703 0.0 0.08343747140731902 0.015570318044057214 0.11174702549652132 0.0 0.24250993769699009 0.22923474299041185 0.24420241184663938 0.0 0.06949441869748393 0.9911062728135125 0.3447821312394884 0.0
