0 0.649902 0.538411 0.077148 0.139323 0.0 0.1990273338874562 0.04624046636737061 0.11022351910981255 0.15526323392675825 0.3257658294282631 0.3083760260738301 0.3468591174130232 0.32368275181233 0.9850983524106182 0.9817550228753527 0.9155958756790847 0.9857223205451795
0 0.870117 0.257161 0.087891 0.105469 0.0 0.08864448939514334 0.0 0.13329529558881598 0.0 0.29861460622085245 0.0 0.2403987949790169 0.0 0.9704050976861052 0.0 0.9479568817633265 0.0
0 0.422852 0.233073 0.097656 0.114583 0.0 0.23671871567117247 0.0 0.20265105214358034 0.0 0.31477227831890614 0.0 0.30163958959727727 0.0 0.05610853807110219 0.0 0.04699594758936377 0.0
0 0.619141 0.729167 0.080078 0.101562 0.0 0.0 0.23061079917640148 0.10285894276422025 0.09702219799668604 0.0 0.2930162892315316 0.3150381121002254 0.27051625843053806 0.0 0.9739810533440256 0.07619455910319647 0.9952083908284562
0 0.175781 0.585286 0.095703 0.126302 0.0 0.10880805598763402 0.10180604460664987 0.18525763388607297 0.012395084625887223 0.22321513934311288 0.42297449410608895 0.3761716747502741 0.32380673310114283 0.4127182544654059 0.12302144503047682 0.476838041787044 0.0741492963353737
0 0.472656 0.295573 0.074219 0.088542 0.0 0.10563848553673015 0.0 0.185739440890135 0.0 0.44943917439202696 0.0 0.32303098832551325 0.0 0.03484824618709889 0.0 0.046278625944531075 0.0
0 0.763184 0.369792 0.083008 0.091146 0.0 0.245105996518517 0.19487164349712624 0.0 0.0 0.29311596616344987 0.2569664285793631 0.0 0.0 0.9967852614264548 0.06439440245318653 0.0 0.0
0 0.045410 0.779297 0.088867 0.123698 0.0 0.11137866936073891 0.04525496148222359 0.0 0.14859525495453643 0.3445996535077898 0.30889280500532146 0.0 0.33945126529582426 0.48989377636762127 0.7730838181157763 0.0 0.8615508474721818
0 0.874512 0.820312 0.083008 0.132812 0.0 0.2038024005955139 0.0 0.14329331680398222 0.06360833416766122 0.3465432275530358 0.0 0.28616019912762325 0.341893112951533 0.9862057537480495 0.0 0.9822558376414564 0.9744620706794964
0 0.362793 0.417969 0.086914 0.104167 0.0 0.21464539990564754 0.0 0.15452885955735787 0.0 0.24969368971354436 0.0 0.09836712499919575 0.0 0.06487220201316402 0.0 0.0057473727177861315 0.0
0 0.362305 0.170573 0.083984 0.098958 0.0 0.2705824882013936 0.0 0.24115596420517257 0.0 0.32141857299272625 0.0 0.30266345572247805 0.0 0.048645873383946284 0.0 0.04947120814457643 0.0
0 0.809570 0.319661 0.070312 0.092448 0.0 0.2673912806556783 0.0 0.09050961733127981 0.0 0.31436526808371423 0.0 0.27939221286006216 0.0 0.9786186278360178 0.0 0.9731806032367558 0.0
0 0.531250 0.387370 0.125000 0.126302 0.0 0.08547481839049298 0.0 0.14845311273469458 0.019501649643477028 0.3418313981361059 0.0 0.3469902776458312 0.35716767101229585 0.046877916862783864 0.0 0.23909158324461813 0.007655886945483795
0 0.766602 0.690104 0.097656 0.093750 0.0 0.026673245699861573 0.021585238195803113 0.1021826488124217 0.10091385447018414 0.25066050909960774 0.11365525951045115 0.26665679492926975 0.29215169962385573 0.9809524275844205 0.9718605452252045 0.825375342280871 0.9808866983947919
0 0.158203 0.193359 0.087891 0.128906 0.0 0.12928125752923458 0.0 0.17509015415054918 0.04307864790236166 0.35335935861859347 0.0 0.2645342777163536 0.3563539940271856 0.04874198932376651 0.0 0.33101580422112836 0.057597571818532936
0 0.923340 0.184896 0.071289 0.088542 0.0 0.0 0.0 0.10989733645449237 0.1039776240583404 0.0 0.0 0.2314655564816359 0.27115608303811983 0.0 0.0 0.9564114263505038 0.012981005986389012
0 0.146973 0.754557 0.108398 0.069010 0.0 0.12142102053181442 0.0 0.13557067709966966 0.023855551313537417 0.3349867269767275 0.0 0.2968616809423191 0.29774581458199734 0.48047775346883237 0.0 0.4793414578998352 0.4599249072829006
0 0.456055 0.507812 0.097656 0.111979 0.0 0.13887127273720357 0.0 0.1534100593978104 0.0 0.23911973319954968 0.0 0.21948161639201896 0.0 0.06507744919772283 0.0 0.38222923958476673 0.0
0 0.441895 0.714193 0.088867 0.100260 0.39069225696721316 0.0 0.0 0.0 0.0 0.0 0.0 0.0 0.0 0.0 0.0 0.0 0.0
0 0.405273 0.460286 0.066406 0.095052 0.0 0.17832507787108576 0.0 0.10923472847633829 0.0 0.3493316102269495 0.0 0.1594260640358455 0.0 0.06365749081477258 0.0 0.04117465325075279 0.0
0 0.919922 0.485677 0.093750 0.101562 0.0 0.0 0.0 0.23353830658846983 0.4007391538583764 0.0 0.0 0.26063319693716663 0.2488587816247732 0.0 0.0 0.9649004028514443 0.018096514110765346
0 0.969238 0.432943 0.057617 0.082031 0.0 0.0 0.0 0.16683226676120708 0.32523312262848475 0.0 0.0 0.22256891406930104 0.20120781001986773 0.0 0.0 0.9904313843504844 0.06999259498848542
0 0.829590 0.598958 0.071289 0.098958 0.0 0.24868284517752096 0.36094097674789527 0.0 0.0 0.3414255508818434 0.3447437501299525 0.0 0.0 0.9805318397135292 0.028538375767819466 0.0 0.0
0 0.593262 0.214844 0.086914 0.093750 0.0 0.18479316687047195 0.018782440205725583 0.25439663780021204 0.01736636665835922 0.2111631212611447 0.43498044971243943 0.23461399623718482 0.4421375494730907 0.043882588107150663 0.02947084837150808 0.06749759518405558 0.06426449478654964
0 0.659668 0.281250 0.084961 0.104167 0.0 0.12135968565881157 0.0 0.12428991737194013 0.0 0.2480603685469782 0.0 0.3069437341722525 0.0 0.018520375412220288 0.0 0.6728403634221906 0.0
0 0.586426 0.335938 0.084961 0.104167 0.0 0.0 0.0 0.13856496446300692 0.1761028804420816 0.0 0.0 0.16691753588253286 0.12982956792408337 0.0 0.0 0.9620275114500512 0.00111636027015057
0 0.723633 0.427734 0.046875 0.063802 0.0 0.31698928968661366 0.0 0.29277604037907734 0.0 0.37689176713548633 0.0 0.3991073515144274 0.0 0.9766041773768089 0.0 0.9545712216061203 0.0
0 0.962891 0.113281 0.074219 0.114583 0.0 0.30864977993060677 0.10366262602539805 0.0 0.0 0.26639744784636066 0.27111420087771265 0.0 0.0 0.9390190124120626 0.007591551621224981 0.0 0.0
0 0.090820 0.605469 0.070312 0.085938 0.0 0.13955558235655638 0.0 0.11351800893952875 0.0 0.203332544625286 0.0 0.195393337907941 0.0 0.05338940181702472 0.0 0.09411909227507888 0.0
0 0.303711 0.837891 0.103516 0.089844 0.0 0.0 0.17706833990536433 0.0 0.08977883088195882 0.0 0.3303610556072293 0.0 0.3266990865549433 0.0 0.9367284047553729 0.0 0.9383346198656126
0 0.110352 0.138672 0.058594 0.079427 0.0 0.2630735756141355 0.0 0.16773838224965415 0.0 0.4079934998447233 0.0 0.10410083076930676 0.0 0.032419127354279216 0.0 0.2376634103459379 0.0
0 0.056152 0.080729 0.090820 0.109375 0.0 0.21083503287398445 0.0 0.20365122426770194 0.0 0.25615679112559625 0.0 0.2591192667975584 0.0 0.07421396557747657 0.0 0.05073646274282611 0.0
0 0.942871 0.727214 0.063477 0.071615 0.04173977514707936 0.0424598757922162 0.0 0.27789970749991166 0.42140185209256753 0.2950445484049942 0.0 0.3003763323266639 0.31766937923855987 0.030350756346122408 0.0 0.9945856449479884 0.13010815375295606
0 0.970703 0.677083 0.054688 0.106771 0.0 0.0 0.0 0.03381958248677589 0.09716272858376525 0.0 0.0 0.39938468762504126 0.2632805815306388 0.0 0.0 0.9847672981992699 0.044173569233947774
0 0.750977 0.927734 0.072266 0.092448 0.0 0.0 0.30506383288911787 0.24055598936381783 0.0 0.0 0.26337819668846235 0.26518969269622084 0.0 0.0 0.9193330513042122 0.029366773995616314 0.0
0 0.821777 0.651042 0.051758 0.080729 0.0 0.0 0.11540451320579291 0.07986097386129234 0.0 0.0 0.31310179405653654 0.44611583495171264 0.0 0.0 0.023230256308848615 0.022598815438041382 0.0
0 0.720703 0.878255 0.066406 0.079427 0.0 0.0 0.32159502658824685 0.31799067151249527 0.0 0.0 0.25532247730107926 0.209476618556189 0.0 0.0 0.8934218938868702 0.0358219098892047 0.0
0 0.460938 0.770182 0.070312 0.079427 0.0 0.0 0.17904906019192862 0.0 0.20283951675877399 0.0 0.33689228756664935 0.0 0.295227075991918 0.0 0.9966903319149518 0.0 0.9894088013132079
0 0.241699 0.292318 0.108398 0.144531 0.32753657641018435 0.0 0.0 0.0 0.0 0.0 0.0 0.0 0.0 0.0 0.0 0.0 0.0
0 0.547363 0.152344 0.067383 0.091146 0.15829878780839315 0.2182327883638477 0.0 0.0 0.0 0.19915196941751595 0.0 0.0 0.0 0.1552372487879832 0.0 0.0 0.0
0 0.410645 0.953776 0.094727 0.089844 0.0 0.0 0.21152834101688694 0.0 0.15882554380965588 0.0 0.31436406722084453 0.0 0.3419999033172927 0.0 0.957665856364607 0.0 0.9548633740930803
0 0.378418 0.603516 0.071289 0.092448 0.0 0.063236746388696 0.0 0.1568683618896655 0.029399803507279852 0.34094437162732116 0.0 0.3987605275671897 0.37122256341338206 0.9281991788637247 0.0 0.9099798383182525 0.086874090541089
0 0.722656 0.623047 0.060547 0.074219 0.0 0.0 0.0 0.4564340707767228 0.0 0.0 0.0 0.23278377208947323 0.0 0.0 0.0 0.04204314974921538 0.0
0 0.027344 0.631510 0.052734 0.114583 0.09498256277863318 0.0 0.0 0.13968478307727267 0.0 0.0 0.0 0.25223224658776705 0.0 0.0 0.0 0.3029089441744664 0.0
0 0.697754 0.083333 0.071289 0.098958 0.0 0.20602123126802857 0.0 0.2811968804365193 0.0 0.29435610246849153 0.0 0.2522450284822167 0.0 0.06198234739952554 0.0 0.05892403817389259 0.0
0 0.282227 0.068359 0.113281 0.134115 0.0 0.0703444223512697 0.0 0.14328667971178505 0.11224719050894642 0.30814061430173867 0.0 0.29183886471083126 0.30329332139472603 0.050840564946252914 0.0 0.31480957613880345 0.07559684109347163
0 0.511719 0.104167 0.068359 0.096354 0.0 0.2023622916506524 0.0 0.1166411591905562 0.0 0.19495881532988624 0.0 0.22667173380527478 0.0 0.08146887867737797 0.0 0.11448125222872092 0.0
0 0.256348 0.764974 0.110352 0.082031 0.0 0.11588337982019783 0.030496652933683466 0.08045329024921322 0.0 0.393642478357377 0.2263988885368142 0.19260038782557326 0.0 0.5278109515728017 0.40004259103582046 0.7263643064297656 0.0
0 0.459961 0.064453 0.064453 0.100260 0.0 0.1777700742574163 0.0 0.06973487821533877 0.0 0.28493489391047855 0.0 0.2760641583465876 0.0 0.07460514568944135 0.0 0.059591727110756665 0.0
0 0.306152 0.359375 0.086914 0.104167 0.3781758060932968 0.0 0.0 0.0 0.0 0.0 0.0 0.0 0.0 0.0 0.0 0.0 0.0
0 0.312500 0.602865 0.062500 0.088542 0.28570431969346194 0.0 0.0 0.0 0.0 0.0 0.0 0.0 0.0 0.0 0.0 0.0 0.0
0 0.252930 0.606771 0.062500 0.088542 0.0 0.0 0.0 0.1257840910300228 0.18059717114694607 0.0 0.0 0.374055824759539 0.369434936375511 0.0 0.0 0.47158592987926734 0.14777478925659074
0 0.097168 0.850260 0.083008 0.070312 0.0 0.0 0.25154104218668316 0.0 0.17074672248073827 0.0 0.29566229474329525 0.0 0.36863751940792217 0.0 0.8386466371381675 0.0 0.8296506766266096
0 0.119629 0.901042 0.083008 0.070312 0.0 0.0 0.1701864674328337 0.0 0.13130210167744558 0.0 0.28184171669941865 0.0 0.309055818775898 0.0 0.8405383573826433 0.0 0.8314920956268449
0 0.139648 0.956380 0.087891 0.087240 0.0 0.0 0.21419547522663848 0.0 0.2467219270405137 0.0 0.3299700294973843 0.0 0.3127120160401262 0.0 0.8439740184261505 0.0 0.8474695776973018
0 0.540039 0.654297 0.107422 0.121094 0.30056981671198413 0.0 0.0 0.0 0.0 0.0 0.0 0.0 0.0 0.0 0.0 0.0 0.0
0 0.489258 0.815755 0.070312 0.079427 0.07181147755776625 0.0 0.13665090715943803 0.032932388008935595 0.05062634662744742 0.0 0.25624563251689014 0.3158439413637737 0.2901928649617556 0.0 0.937337657629338 0.030480853740236093 0.946371931134939
0 0.514648 0.853516 0.070312 0.079427 0.0 0.0 0.25494694705358284 0.1553215866067378 0.0 0.0 0.3240378442187973 0.21712545423584134 0.0 0.0 0.9014463416332597 0.1966567759529599 0.0
0 0.545898 0.900391 0.070312 0.079427 0.0 0.039496978187714506 0.10839747784420697 0.0 0.11970296512379142 0.233498311406908 0.2540319998010254 0.0 0.33805252146131276 0.949385569970345 0.379793921912972 0.0 0.9599189283347423
0 0.584961 0.947917 0.070312 0.080729 0.0 0.046321970635723124 0.2667881366472327 0.04766435513940512 0.2074947198768543 0.21766978440472087 0.3049596445986086 0.31049268247123324 0.31371819367008535 0.9640073353815451 0.8744269440141872 0.8462296985175075 0.9411796213278952
0 0.672852 0.822917 0.080078 0.101562 0.3951338577270057 0.0 0.0 0.0 0.0 0.0 0.0 0.0 0.0 0.0 0.0 0.0 0.0
0 0.748535 0.143229 0.071289 0.098958 0.012800676193053636 0.13681478328864644 0.0 0.23456762587629593 0.0 0.16581717644643326 0.0 0.3908668039381213 0.0 0.6048778814374326 0.0 0.49513340840815473 0.0
0 0.834961 0.037760 0.093750 0.072917 0.0 0.2884732750321656 0.0 0.16288766617765682 0.0 0.22557916340555428 0.0 0.21196720518953013 0.0 0.7555639037708016 0.0 0.991653836429935 0.0
0 0.653320 0.040365 0.076172 0.078125 0.0 0.05491009013771216 0.030214367834142292 0.1050394411912842 0.0 0.2661582908427277 0.27817129067160784 0.2803830151423171 0.0 0.0372024606120207 0.9617851055075463 0.08109283376628801 0.0
0 0.913086 0.903646 0.056641 0.072917 0.0 0.0 0.2250324188856753 0.0 0.3011313209996634 0.0 0.2948822137063004 0.0 0.30169181119247923 0.0 0.9839372303696763 0.0 0.9903741347159029
0 0.962891 0.953125 0.072266 0.093750 0.0 0.09347801350925736 0.12064147280270028 0.07187416615912537 0.14058635123312604 0.2727841015755331 0.2962989157201965 0.33230694690895174 0.34386743469660686 0.7451209437216446 0.942859637900321 0.983668814053255 0.9618527825617453
0 0.792480 0.967448 0.077148 0.065104 0.0 0.0 0.1583981993153441 0.0 0.141344780386172 0.0 0.32537932336702546 0.0 0.226947642523557 0.0 0.9724331427506239 0.0 0.9759008120826643
0 0.692383 0.459635 0.058594 0.088542 0.0 0.4235170936331638 0.0 0.2366515303366577 0.0 0.31549726409754225 0.0 0.3746012716242678 0.0 0.9624576622118222 0.0 0.9002305983252283 0.0
0 0.873535 0.546875 0.071289 0.098958 0.18787903900330583 0.0 0.0 0.15777064492648632 0.0 0.0 0.0 0.285112391143489 0.0 0.0 0.0 0.9733736699172949 0.0
0 0.411621 0.033203 0.061523 0.063802 0.0 0.2820689248047948 0.0 0.17536500835712684 0.0 0.23671504052656572 0.0 0.25761487409426026 0.0 0.06278630018613751 0.0 0.05600481532262904 0.0
