0 0.563151 0.233073 0.134115 0.117188 0.0 0.22471679589064913 0.0 0.19237640332939662 0.0 0.31477227831890614 0.0 0.30163958959727727 0.0 0.05610853807110219 0.0 0.04699594758936377 0.0
0 0.628255 0.289714 0.110677 0.118490 0.0 0.07058043868827685 0.0 0.12409843962769461 0.0 0.44943917439202696 0.0 0.32303098832551325 0.0 0.03484824618709889 0.0 0.046278625944531075 0.0
0 0.926432 0.080078 0.115885 0.113281 0.0 0.14761795054565705 0.0 0.20148266726873426 0.0 0.29435610246849153 0.0 0.2522450284822167 0.0 0.06198234739952553 0.0 0.05892403817389259 0.0
0 0.063151 0.781250 0.123698 0.130208 0.0 0.10135458911827241 0.04118201494882347 0.0 0.13522168200862816 0.3445996535077898 0.30889280500532146 0.0 0.33945126529582426 0.48989377636762127 0.7730838181157763 0.0 0.8615508474721818
0 0.236979 0.583333 0.145833 0.138021 0.0 0.08712343162217392 0.08151686826405102 0.14833718562340042 0.009924837807756395 0.2232151393431129 0.42297449410608895 0.3761716747502741 0.32380673310114283 0.41271825446540594 0.12302144503047682 0.476838041787044 0.0741492963353737
0 0.082031 0.070964 0.122396 0.105469 0.0 0.21631774058465542 0.0 0.20894711898861143 0.0 0.25615679112559625 0.0 0.2591192667975584 0.0 0.07421396557747657 0.0 0.05073646274282611 0.0
0 0.872396 0.537760 0.088542 0.135417 0.0 0.2378928242860106 0.055270172822876655 0.13174765370973493 0.1855825956423766 0.3257658294282631 0.3083760260738301 0.34685911741302317 0.32368275181233 0.9850983524106182 0.9817550228753527 0.9155958756790847 0.9857223205451795
0 0.483073 0.171224 0.140625 0.118490 0.0 0.17994781673629512 0.0 0.16037804050112006 0.0 0.32141857299272625 0.0 0.30266345572247805 0.0 0.048645873383946284 0.0 0.04947120814457643 0.0
0 0.143880 0.134766 0.092448 0.082031 0.0 0.21525805650519467 0.0 0.13725072189441853 0.0 0.4079934998447233 0.0 0.10410083076930676 0.0 0.032419127354279216 0.0 0.2376634103459379 0.0
0 0.192708 0.954427 0.125000 0.067708 0.0 0.0 0.258733717070639 0.0 0.29802348158138975 0.0 0.3299700294973843 0.0 0.3127120160401262 0.0 0.8439740184261505 0.0 0.8474695776973018
0 0.194661 0.757161 0.154948 0.069010 0.0 0.11325826284900335 0.0 0.1264566820005322 0.02225181677145087 0.3349867269767275 0.0 0.2968616809423191 0.29774581458199734 0.48047775346883237 0.0 0.4793414578998352 0.4599249072829006
0 0.722656 0.166016 0.111979 0.108073 0.10711447816118505 0.14766942670179103 0.0 0.0 0.0 0.19915196941751595 0.0 0.0 0.0 0.1552372487879832 0.0 0.0 0.0
0 0.921224 0.462240 0.074219 0.088542 0.0 0.1752114022892438 0.0 0.15220319763967344 0.12435827139362662 0.3626997359885488 0.0 0.2894575146709504 0.15184921047890557 0.9327092836568049 0.0 0.7912030784236019 0.022417443561697167
0 0.553385 0.453776 0.078125 0.082031 0.0 0.196229052834027 0.0 0.11537168436623368 0.0 0.35064083433649296 0.0 0.16351808242318547 0.0 0.057617478640739565 0.0 0.03978357138979365 0.0
0 0.597005 0.718750 0.113281 0.111979 0.36588888593548013 0.0 0.0 0.0 0.0 0.0 0.0 0.0 0.0 0.0 0.0 0.0 0.0
0 0.956380 0.877604 0.087240 0.098958 0.0 0.0 0.2619748959717297 0.2590387481213335 0.0 0.0 0.25532247730107926 0.209476618556189 0.0 0.0 0.8934218938868702 0.0358219098892047 0.0
0 0.024740 0.030599 0.046875 0.058594 0.0 0.5740679928953708 0.0 0.34431790291911174 0.0 0.26315723934668805 0.0 0.248808883537837 0.0 0.0492970560303162 0.0 0.04723120966077532 0.0
0 0.662760 0.113932 0.125000 0.108073 0.0 0.13155580707208575 0.0 0.07582846443361961 0.0 0.19495881532988624 0.0 0.22667173380527478 0.0 0.08146887867737797 0.0 0.11448125222872092 0.0
0 0.792318 0.936198 0.110677 0.078125 0.0 0.04054534841526824 0.23351808666534252 0.04172032967496166 0.18161890775103484 0.21766978440472087 0.30495964459860864 0.31049268247123324 0.31371819367008535 0.9640073353815451 0.8744269440141872 0.8462296985175075 0.9411796213278952
0 0.824219 0.727865 0.109375 0.101562 0.0 0.0 0.22512006586267763 0.1004099203174531 0.09471214566343163 0.0 0.2930162892315316 0.3150381121002254 0.27051625843053806 0.0 0.9739810533440256 0.07619455910319647 0.9952083908284562
0 0.866536 0.041667 0.108073 0.080729 0.0 0.04993766456364029 0.02747828244535288 0.09552751355911583 0.0 0.2661582908427277 0.27817129067160784 0.2803830151423171 0.0 0.0372024606120207 0.9617851055075463 0.08109283376628801 0.0
0 0.550130 0.949219 0.123698 0.083333 0.0 0.0 0.23285512934638558 0.0 0.17483871130230705 0.0 0.31436406722084453 0.0 0.3419999033172927 0.0 0.957665856364607 0.0 0.9548633740930803
0 0.653646 0.820312 0.088542 0.080729 0.07480930015031055 0.0 0.14235549910916787 0.03430717460513404 0.05273978045250215 0.0 0.25624563251689014 0.3158439413637737 0.2901928649617556 0.0 0.937337657629338 0.030480853740236093 0.946371931134939
0 0.793620 0.217448 0.131510 0.119792 0.0 0.12743807719608097 0.01295284942297563 0.175438404544098 0.011976289017086299 0.2111631212611447 0.43498044971243943 0.23461399623718482 0.4421375494730907 0.04388258810715065 0.02947084837150808 0.06749759518405558 0.06426449478654964
0 0.320964 0.305339 0.160156 0.147135 0.29035025238865253 0.0 0.0 0.0 0.0 0.0 0.0 0.0 0.0 0.0 0.0 0.0 0.0
0 0.712891 0.375000 0.170573 0.156250 0.0 0.06750988200612983 0.0 0.11725151703015062 0.015402829642074477 0.3418313981361059 0.0 0.34699027764583124 0.35716767101229585 0.046877916862783864 0.0 0.23909158324461818 0.007655886945483795
0 0.807292 0.021484 0.091146 0.040365 0.0 0.0 0.0 0.28972052332263437 0.0 0.0 0.0 0.24938298458190253 0.0 0.0 0.0 0.07812961942807925 0.0
0 0.413411 0.837891 0.131510 0.097656 0.0 0.0 0.2043693135444177 0.0 0.15177817135929586 0.0 0.32868405389368077 0.0 0.23786229317658425 0.0 0.9383636279336647 0.0 0.9727069619133876
0 0.895833 0.836589 0.106771 0.108073 0.3742698498577514 0.0 0.0 0.0 0.0 0.0 0.0 0.0 0.0 0.0 0.0 0.0 0.0
0 0.483724 0.417318 0.118490 0.097656 0.0 0.2239231131616426 0.0 0.16120812894481878 0.0 0.24969368971354436 0.0 0.09836712499919575 0.0 0.06487220201316402 0.0 0.0057473727177861315 0.0
0 0.788411 0.329427 0.121094 0.111979 0.0 0.0 0.0 0.12058166449894074 0.15324781793909578 0.0 0.0 0.16691753588253286 0.12982956792408337 0.0 0.0 0.9620275114500512 0.00111636027015057
0 0.604167 0.505859 0.140625 0.089844 0.0 0.16026475382983774 0.0 0.17704327842474094 0.0 0.23911973319954968 0.0 0.21948161639201896 0.0 0.06507744919772283 0.0 0.38222923958476673 0.0
0 0.490885 0.603516 0.106771 0.092448 0.0 0.10271298535969849 0.0 0.11616581436719839 0.0 0.3942825797742451 0.0 0.4107438574147635 0.0 0.831267802895854 0.0 0.911635817682522 0.0
0 0.969401 0.142578 0.061198 0.105469 0.0 0.07526900143075332 0.0 0.11521713648592953 0.0 0.2507351746005725 0.0 0.4023129704573186 0.0 0.2833154638304933 0.0 0.04778657993128819 0.0
0 0.736979 0.902344 0.101562 0.078125 0.0 0.03706639491462438 0.101726863823025 0.0 0.11233662880848116 0.233498311406908 0.2540319998010255 0.0 0.33805252146131276 0.949385569970345 0.379793921912972 0.0 0.9599189283347423
0 0.606120 0.061849 0.110677 0.102865 0.0 0.1345387218728503 0.0 0.052776269708168524 0.0 0.28493489391047855 0.0 0.2760641583465876 0.0 0.07460514568944135 0.0 0.059591727110756665 0.0
0 0.875000 0.280599 0.111979 0.089844 0.0 0.1423430084572512 0.0 0.1457798828629429 0.0 0.2480603685469782 0.0 0.3069437341722526 0.0 0.018520375412220288 0.0 0.6728403634221907 0.0
0 0.207682 0.203125 0.157552 0.143229 0.0 0.08654365173444631 0.0 0.11720911145615276 0.028837772562737972 0.35335935861859347 0.0 0.2645342777163537 0.3563539940271856 0.04874198932376651 0.0 0.3310158042211284 0.057597571818532936
0 0.694010 0.862630 0.104167 0.082031 0.0 0.0 0.2221680538609793 0.13535166832872864 0.0 0.0 0.3240378442187973 0.21712545423584134 0.0 0.0 0.9014463416332597 0.1966567759529599 0.0
0 0.121094 0.603516 0.093750 0.082031 0.0 0.14620108627829714 0.0 0.11892362841283963 0.0 0.203332544625286 0.0 0.195393337907941 0.0 0.05338940181702472 0.0 0.09411909227507888 0.0
0 0.367188 0.084635 0.164062 0.166667 0.0 0.05211279503056613 0.0 0.10615012705830902 0.08315534673864658 0.30814061430173867 0.0 0.2918388647108313 0.30329332139472603 0.050840564946252914 0.0 0.3148095761388035 0.07559684109347163
0 0.552083 0.041016 0.101562 0.079427 0.0 0.18300688753097974 0.0 0.11377717124809807 0.0 0.23671504052656572 0.0 0.25761487409426026 0.0 0.06278630018613751 0.0 0.05600481532262904 0.0
0 0.344401 0.769531 0.167969 0.085938 0.0333573220498771 0.08937358423286018 0.02404287574119066 0.04004065733625535 0.009127211709935282 0.38561508525130717 0.2331514298517713 0.1907717719983798 0.2360735743332422 0.5306471245834081 0.2933500273948299 0.6371948945592483 0.8435765216523761
0 0.409505 0.605469 0.069010 0.091146 0.33514425857303143 0.0 0.0 0.0 0.0 0.0 0.0 0.0 0.0 0.0 0.0 0.0 0.0
0 0.712891 0.650391 0.144531 0.100260 0.35975537907612004 0.0 0.0 0.0 0.0 0.0 0.0 0.0 0.0 0.0 0.0 0.0 0.0
0 0.413411 0.354818 0.118490 0.097656 0.3945218665764504 0.0 0.0 0.0 0.0 0.0 0.0 0.0 0.0 0.0 0.0 0.0 0.0
0 0.343099 0.609375 0.069010 0.091146 0.0 0.0 0.0 0.14755050246971949 0.2118487570974419 0.0 0.0 0.374055824759539 0.369434936375511 0.0 0.0 0.47158592987926734 0.14777478925659074
0 0.158854 0.912109 0.106771 0.066406 0.0 0.0 0.18679002523115895 0.0 0.14411206281670857 0.0 0.28184171669941865 0.0 0.309055818775898 0.0 0.8405383573826433 0.0 0.8314920956268449
0 0.128906 0.869141 0.106771 0.066406 0.0 0.0 0.2760816316683108 0.0 0.18740493930812738 0.0 0.2956622947432952 0.0 0.36863751940792217 0.0 0.8386466371381673 0.0 0.8296506766266096
0 0.619792 0.769531 0.088542 0.080729 0.0 0.0 0.18652359401398255 0.0 0.21130720057033567 0.0 0.33689228756664935 0.0 0.295227075991918 0.0 0.9966903319149518 0.0 0.9894088013132079
0 0.949870 0.625000 0.074219 0.088542 0.0 0.0 0.0 0.2903983334724095 0.0 0.0 0.0 0.21693263032694854 0.0 0.0 0.0 0.030752391705239447 0.0
0 0.955078 0.434245 0.058594 0.076823 0.0 0.28081311086362154 0.0 0.25936318153355553 0.0 0.37689176713548633 0.0 0.3991073515144274 0.0 0.9766041773768089 0.0 0.9545712216061203 0.0
