0 0.102214 0.621745 0.118490 0.113281 0.0 0.0 0.06906735780012051 0.0 0.1786673076706654 0.0 0.2936176127557942 0.0 0.33152147609771093 0.0 0.8902746603302062 0.0 0.8834050243045175
0 0.893880 0.561198 0.100260 0.104167 0.0 0.3381695938159607 0.0 0.28950150306225764 0.0 0.31477227831890614 0.0 0.30163958959727727 0.0 0.05610853807110219 0.0 0.04699594758936377 0.0
0 0.807943 0.500000 0.100260 0.093750 0.0 0.2100835439380135 0.0 0.23949857715697495 0.0 0.3202579087755473 0.0 0.3033458683199324 0.0 0.04933799921984085 0.0 0.042200395882107326 0.0
0 0.234375 0.384115 0.122396 0.096354 0.0 0.0 0.0 0.14847625677150794 0.19877468048257055 0.0 0.0 0.29224813933192717 0.2754301441736555 0.0 0.0 0.9989556122166423 0.05210038322070147
0 0.416016 0.401042 0.113281 0.125000 0.0 0.19720345747264922 0.0 0.1904841192503936 0.0 0.25615679112559625 0.0 0.2591192667975584 0.0 0.07421396557747657 0.0 0.05073646274282611 0.0
0 0.962240 0.617188 0.075521 0.104167 0.0 0.11765941664953047 0.0 0.20687530830177106 0.0 0.44943917439202696 0.0 0.32303098832551325 0.0 0.03484824618709889 0.0 0.046278625944531075 0.0
0 0.199870 0.791667 0.118490 0.125000 0.0 0.0 0.11905004512601992 0.0 0.0988126169165395 0.0 0.2661126785873456 0.0 0.28219855532640126 0.0 0.9200836132030058 0.0 0.8745567419077382
0 0.026042 0.511719 0.049479 0.078125 0.0 0.0 0.3676160351056251 0.0 0.983035413505968 0.0 0.30887166884222084 0.0 0.3116811518445991 0.0 0.8847280876018194 0.0 0.8830109982803988
0 0.439453 0.139323 0.126302 0.151042 0.0 0.0 0.1072807557829119 0.07279023629207992 0.16788169915757853 0.0 0.2573144303052287 0.3148613449068695 0.29402763964341017 0.0 0.24081963602621637 0.031352993006255915 0.055147119159887494
0 0.147135 0.710938 0.117188 0.114583 0.0 0.0 0.27879855555530253 0.0 0.14961782211145025 0.0 0.2797572323646632 0.0 0.35643406935840605 0.0 0.8795712568329643 0.0 0.8857465649339796
0 0.532552 0.261719 0.166667 0.111979 0.0 0.08799195763067978 0.053434953568320495 0.15135150009493878 0.0 0.3323294251478086 0.3195433040942104 0.3273251323483037 0.0 0.07848160260304829 0.09487176900365424 0.06510217195114162 0.0
0 0.333333 0.959635 0.143229 0.080729 0.0 0.17708675553890962 0.0 0.12191613740519416 0.10536537795956039 0.25126612588841185 0.0 0.2059302459615844 0.19453331742184518 0.1906640995212519 0.0 0.3444061379318327 0.9817636946842216
0 0.184896 0.196615 0.085938 0.091146 0.0 0.13176499441868117 0.13999073825193006 0.08314875892956414 0.0 0.23991938964226997 0.2772569762729419 0.2834494297695176 0.0 0.038186121688988724 0.05541262780362912 0.027156372998218596 0.0
0 0.042318 0.057943 0.082031 0.087240 0.0 0.12610801440633024 0.0 0.2963633621533142 0.0 0.27088116636600107 0.0 0.2722918423606087 0.0 0.04132091289955682 0.0 0.04672319536850801 0.0
0 0.878906 0.805990 0.072917 0.083333 0.0 0.24698819379243017 0.0 0.15129497549010695 0.0 0.3493316102269495 0.0 0.1594260640358455 0.0 0.06365749081477258 0.0 0.04117465325075279 0.0
0 0.480469 0.472656 0.075521 0.080729 0.0 0.26775564147601105 0.0 0.17072371497044883 0.0 0.4079934998447233 0.0 0.10410083076930676 0.0 0.032419127354279216 0.0 0.2376634103459379 0.0
0 0.801432 0.288411 0.175781 0.128906 0.0 0.12151207101175637 0.01370530663334964 0.007555941116802129 0.09776342731504511 0.1093058239213737 0.11585391007853096 0.11535552393251133 0.11412527352509952 0.05736365318277928 0.05215474140601878 0.06001626131316837 0.05149353817837244
0 0.966797 0.180339 0.066406 0.097656 0.0 0.24316188843682382 0.0 0.01436736833042804 0.07493010047635357 0.31808680340171136 0.0 0.31618510628158375 0.325687941584406 0.09092337830849115 0.0 0.06445193794215621 0.982499989076749
0 0.715495 0.043620 0.113281 0.082031 0.0 0.0 0.17984960266502173 0.0 0.32035173891411134 0.0 0.2477690222470679 0.0 0.2373326639364081 0.0 0.12430142248093716 0.0 0.10980880330012073
0 0.970703 0.447266 0.058594 0.087240 0.0 0.1393549732820471 0.0 0.11832516380486131 0.0 0.18665815288144685 0.0 0.19655351068025137 0.0 0.04791246284906844 0.0 0.055785793923244065 0.0
0 0.822266 0.757812 0.115885 0.104167 0.0 0.1893360249988702 0.0 0.11258212849700482 0.0 0.2500789790936856 0.0 0.09375055232079743 0.0 0.07511023817856378 0.0 0.03340538896085421 0.0
0 0.623698 0.148438 0.125000 0.122396 0.0 0.0 0.18353671846501027 0.0 0.23927632969345541 0.0 0.3617660731246985 0.0 0.34301087557490073 0.0 0.10269635782583021 0.0 0.08832443872031447
0 0.083984 0.255859 0.139323 0.113281 0.0 0.0 0.14197748493837242 0.063219029604151 0.1801104469012634 0.0 0.2154243970147158 0.22553056771737 0.21140305723985983 0.0 0.045837110019330794 0.04665968796773382 0.06515530323630085
0 0.541667 0.532552 0.106771 0.111979 0.0 0.16334316570979585 0.0 0.2212213944244744 0.05442863766449836 0.35335935861859347 0.0 0.2645342777163537 0.3563539940271856 0.04874198932376651 0.0 0.33101580422112836 0.057597571818532936
0 0.321615 0.309896 0.153646 0.114583 0.0 0.1266965353180776 0.0 0.10784925570520094 0.05373459587231816 0.24919825500737802 0.0 0.23921167382618636 0.2948764387702937 0.057524246558568845 0.0 0.03140217036828024 0.060768955751318764
0 0.656901 0.636719 0.157552 0.145833 0.29778469288296056 0.0 0.0 0.0 0.0 0.0 0.0 0.0 0.0 0.0 0.0 0.0 0.0
0 0.269531 0.916016 0.075521 0.066406 0.0 0.0 0.26939531071438294 0.0 0.20095212764088907 0.0 0.24842232485045732 0.0 0.27281555378242955 0.0 0.8812298923819112 0.0 0.8721818092423341
0 0.182943 0.015625 0.102865 0.028646 0.0 0.0 0.0603278912415 0.162495940828163 0.0 0.0 0.29360211282396936 0.3055942172575168 0.0 0.0 0.9916591386813296 0.05066224135384516 0.0
0 0.707682 0.397135 0.144531 0.127604 0.0 0.07726375788315598 0.0 0.15738088336058173 0.12328823609127526 0.30814061430173867 0.0 0.29183886471083126 0.30329332139472603 0.050840564946252914 0.0 0.3148095761388035 0.07559684109347163
0 0.944010 0.395182 0.083333 0.092448 0.0 0.198817675478915 0.0 0.07799134046882739 0.0 0.28493489391047855 0.0 0.2760641583465876 0.0 0.07460514568944135 0.0 0.059591727110756665 0.0
0 0.065104 0.942057 0.109375 0.069010 0.0 0.0 0.1695471882950088 0.0 0.25969266482518205 0.0 0.23606163699142294 0.0 0.2527474609324845 0.0 0.8859566868515232 0.0 0.8937020657152471
0 0.309896 0.782552 0.093750 0.088542 0.13327353137962697 0.0 0.0 0.0 0.22458502077207748 0.0 0.0 0.0 0.11936908835667853 0.0 0.0 0.0 0.8837764348133849
0 0.455078 0.935547 0.092448 0.082031 0.0 0.14826025650756894 0.0 0.12059860909471061 0.0 0.203332544625286 0.0 0.195393337907941 0.0 0.05338940181702472 0.0 0.09411909227507888 0.0
0 0.938802 0.862630 0.122396 0.136719 0.0 0.0820172591280455 0.0153052913539456 0.1098449484667933 0.0 0.24250993769699009 0.22923474299041185 0.24420241184663938 0.0 0.06949441869748393 0.9911062728135125 0.3447821312394884 0.0
0 0.125000 0.125000 0.088542 0.085938 0.0 0.3012486197206868 0.0 0.23174695382618332 0.0 0.28765103389966773 0.0 0.26117001987378846 0.0 0.010594092662402075 0.0 0.05616190967353955 0.0
0 0.064453 0.572266 0.097656 0.079427 0.0 0.0 0.2338926710834996 0.1032784265860113 0.0 0.0 0.33039334162058986 0.37496341843968045 0.0 0.0 0.8039968263503273 0.03157505004527208 0.0
0 0.340495 0.022786 0.076823 0.042969 0.0 0.0 0.14282042324084745 0.0 0.09208788219348402 0.0 0.3548989024925873 0.0 0.3619634497685503 0.0 0.05242817664579194 0.0 0.06201447869196575
0 0.526042 0.042969 0.088542 0.083333 0.0 0.0 0.07131893641894171 0.0 0.13989530477041756 0.0 0.2562928025309548 0.0 0.2427049042928212 0.0 0.00997172076499232 0.0 0.07198701022612902
0 0.898438 0.109375 0.130208 0.119792 0.0 0.06503081331191463 0.07244763535024312 0.08567329165697779 0.1857950091202365 0.3261989792785996 0.3201656891988563 0.29352331517000435 0.3255933683533248 0.05723301488145864 0.09678795241964401 0.03911223968537204 0.1314894933275383
0 0.259766 0.069010 0.136719 0.085938 0.0 0.15984172636373495 0.04243344332528589 0.11929522797429856 0.0 0.1280264128459709 0.4080561990836432 0.38861102017579163 0.0 0.15173080699632682 0.03819474543440214 0.050290375499033264 0.0
0 0.954427 0.025391 0.091146 0.048177 0.0 0.34315792941931816 0.06928563039492965 0.1413928782493163 0.2895403980344926 0.2967182537100305 0.33205488110315423 0.2637557804018592 0.35865089198969374 0.1116539131313692 0.0956535979906486 0.11464775706248752 0.11435194157205014
0 0.891927 0.357422 0.083333 0.092448 0.0 0.1916256097870602 0.0 0.11913551514050409 0.0 0.23671504052656572 0.0 0.25761487409426026 0.0 0.06278630018613751 0.0 0.05600481532262904 0.0
0 0.755859 0.688802 0.115885 0.104167 0.3781758060932968 0.0 0.0 0.0 0.0 0.0 0.0 0.0 0.0 0.0 0.0 0.0 0.0
0 0.229167 0.854167 0.093750 0.088542 0.0 0.0 0.11690954247631874 0.0 0.19974274692717858 0.0 0.19009173477691732 0.0 0.2448414080196313 0.0 0.8462846714223657 0.0 0.8473495116292535
0 0.564453 0.920573 0.128906 0.132812 0.0 0.1024291325231183 0.09583761735302175 0.17439681795613088 0.01166841695916854 0.2232151393431129 0.42297449410608895 0.3761716747502741 0.32380673310114283 0.41271825446540594 0.12302144503047682 0.476838041787044 0.0741492963353737
0 0.658854 0.951823 0.078125 0.070312 0.0 0.0 0.0 0.11154155140793678 0.11420004193592433 0.0 0.0 0.36772906620597584 0.30265698929120827 0.0 0.0 0.48823261870640394 0.11274244543963208
0 0.737630 0.945964 0.084635 0.087240 0.2855075084514228 0.0 0.0 0.0 0.0 0.0 0.0 0.0 0.0 0.0 0.0 0.0 0.0
0 0.823568 0.935547 0.084635 0.087240 0.0 0.13731228490566352 0.0 0.15529675573957039 0.0 0.3942825797742451 0.0 0.4107438574147635 0.0 0.831267802895854 0.0 0.911635817682522 0.0
