0 0.096354 0.621094 0.096354 0.085938 0.0 0.0 0.11195869608999881 0.0 0.2896210226921905 0.0 0.2936176127557942 0.0 0.33152147609771093 0.0 0.8902746603302062 0.0 0.8834050243045175
0 0.896484 0.568359 0.136719 0.118490 0.0 0.21801409711212116 0.0 0.1866383316445324 0.0 0.31477227831890614 0.0 0.30163958959727727 0.0 0.05610853807110219 0.0 0.04699594758936377 0.0
0 0.815755 0.505208 0.136719 0.119792 0.0 0.18307734398388287 0.0 0.16316722381418303 0.0 0.32141857299272625 0.0 0.30266345572247805 0.0 0.048645873383946284 0.0 0.04947120814457643 0.0
0 0.238281 0.387370 0.169271 0.123698 0.0 0.0 0.0 0.08362759855081855 0.11195762570338143 0.0 0.0 0.29224813933192717 0.2754301441736555 0.0 0.0 0.9989556122166423 0.05210038322070147
0 0.417318 0.404948 0.144531 0.135417 0.0 0.14267526652906848 0.0 0.13781387421858 0.0 0.25615679112559625 0.0 0.2591192667975584 0.0 0.07421396557747657 0.0 0.05073646274282611 0.0
0 0.951823 0.623698 0.096354 0.119792 0.0 0.08019090676466238 0.0 0.1409960973149556 0.0 0.44943917439202696 0.0 0.32303098832551325 0.0 0.03484824618709889 0.0 0.046278625944531075 0.0
0 0.203776 0.783854 0.110677 0.104167 0.0 0.0 0.1529442932677809 0.0 0.12694515020336605 0.0 0.2661126785873456 0.0 0.28219855532640126 0.0 0.9200836132030058 0.0 0.8745567419077382
0 0.026042 0.498698 0.049479 0.083333 0.0 0.0 0.1449464237956791 0.0 0.36729277244355624 0.0 0.300236879846829 0.0 0.3071021090659487 0.0 0.8915174147696507 0.0 0.8704760833336097
0 0.444010 0.138672 0.156250 0.160156 0.0 0.0 0.081783405424751 0.055490226203149286 0.12798136036050636 0.0 0.2573144303052287 0.3148613449068695 0.29402763964341017 0.0 0.24081963602621637 0.031352993006255915 0.05514711915988749
0 0.149089 0.709635 0.113281 0.101562 0.0 0.0 0.32538823460035304 0.0 0.17462026983829737 0.0 0.2797572323646632 0.0 0.35643406935840605 0.0 0.8795712568329643 0.0 0.8857465649339796
0 0.530599 0.265625 0.167969 0.132812 0.0 0.07361418677599355 0.04470375200486944 0.12662086282452395 0.0 0.33232942514780855 0.3195433040942104 0.3273251323483037 0.0 0.07848160260304829 0.09487176900365424 0.06510217195114162 0.0
0 0.333333 0.959635 0.143229 0.080729 0.0 0.17708675553890962 0.0 0.12191613740519416 0.10536537795956039 0.25126612588841185 0.0 0.2059302459615844 0.19453331742184518 0.1906640995212519 0.0 0.3444061379318327 0.9817636946842216
0 0.183594 0.191406 0.085938 0.091146 0.0 0.13176499441868117 0.13999073825193006 0.08314875892956414 0.0 0.23991938964226997 0.2772569762729419 0.2834494297695176 0.0 0.038186121688988724 0.05541262780362912 0.027156372998218596 0.0
0 0.041016 0.061849 0.079427 0.095052 0.0 0.11953782367148441 0.0 0.2809229175048596 0.0 0.27088116636600107 0.0 0.2722918423606087 0.0 0.04132091289955682 0.0 0.04672319536850801 0.0
0 0.877604 0.804036 0.078125 0.076823 0.0 0.2500581035457824 0.0 0.15317547801032297 0.0 0.3493316102269495 0.0 0.1594260640358455 0.0 0.06365749081477258 0.0 0.04117465325075279 0.0
0 0.477214 0.466146 0.095052 0.085938 0.0 0.19984418570936818 0.0 0.1274226814100735 0.0 0.4079934998447233 0.0 0.10410083076930676 0.0 0.032419127354279216 0.0 0.2376634103459379 0.0
0 0.801432 0.289714 0.175781 0.128906 0.0 0.12151207101175637 0.01370530663334964 0.007555941116802129 0.09776342731504511 0.1093058239213737 0.11585391007853096 0.11535552393251133 0.11412527352509952 0.05736365318277928 0.05215474140601878 0.06001626131316837 0.05149353817837244
0 0.968750 0.178385 0.062500 0.098958 0.0 0.25496003927380784 0.0 0.015064469260934002 0.07856568923301874 0.31808680340171136 0.0 0.31618510628158375 0.325687941584406 0.09092337830849115 0.0 0.06445193794215621 0.982499989076749
0 0.711589 0.049479 0.134115 0.096354 0.0 0.0 0.12933031647953083 0.0 0.23036576764474473 0.0 0.2477690222470679 0.0 0.2373326639364081 0.0 0.12430142248093716 0.0 0.10980880330012073
0 0.969401 0.448568 0.061198 0.126302 0.0 0.09215951841311078 0.0 0.07825189051802081 0.0 0.18665815288144685 0.0 0.19655351068025137 0.0 0.04791246284906844 0.0 0.055785793923244065 0.0
0 0.824870 0.756510 0.115885 0.104167 0.0 0.1893360249988702 0.0 0.11258212849700482 0.0 0.2500789790936856 0.0 0.09375055232079743 0.0 0.07511023817856378 0.0 0.03340538896085421 0.0
0 0.981771 0.686849 0.036458 0.147135 0.0 0.0 0.0 0.09932445765370143 0.0 0.0 0.0 0.342827399251357 0.0 0.0 0.0 0.053991123773328 0.0
0 0.622396 0.139323 0.164062 0.153646 0.0 0.0 0.11139597440329922 0.0 0.1452266343256485 0.0 0.3617660731246985 0.0 0.34301087557490073 0.0 0.10269635782583021 0.0 0.08832443872031447
0 0.086589 0.261068 0.170573 0.128906 0.0 0.0 0.10190981627660645 0.04537789703022913 0.12928122061869543 0.0 0.21542439701471577 0.22553056771737004 0.21140305723985983 0.0 0.04583711001933079 0.04665968796773383 0.06515530323630085
0 0.537109 0.534505 0.149740 0.139323 0.0 0.09373309035659587 0.03319005016998218 0.11178713152098252 0.024801820790106097 0.3598054283044567 0.22290289545829478 0.219172735779061 0.26652489262709783 0.04654665268803823 0.021373127873522434 0.06272970475834624 0.10905429506980668
0 0.307943 0.315104 0.152344 0.130208 0.0 0.11244588228571947 0.0 0.09571851890964159 0.047690602011807845 0.24919825500737802 0.0 0.23921167382618636 0.2948764387702937 0.057524246558568845 0.0 0.03140217036828024 0.060768955751318764
0 0.649089 0.636719 0.157552 0.145833 0.29778469288296056 0.0 0.0 0.0 0.0 0.0 0.0 0.0 0.0 0.0 0.0 0.0 0.0
0 0.265625 0.912109 0.088542 0.079427 0.0 0.0 0.19210977075533867 0.0 0.143301927088175 0.0 0.24842232485045732 0.0 0.27281555378242955 0.0 0.8812298923819112 0.0 0.8721818092423341
0 0.178385 0.018229 0.088542 0.033854 0.0 0.0 0.05930422792857861 0.15973865676433666 0.0 0.0 0.29360211282396936 0.3055942172575168 0.0 0.0 0.9916591386813296 0.05066224135384516 0.0
0 0.706380 0.409505 0.154948 0.154948 0.0 0.05935139878913711 0.0 0.12089465780639841 0.09470584225696577 0.30814061430173867 0.0 0.2918388647108313 0.30329332139472603 0.050840564946252914 0.0 0.3148095761388035 0.07559684109347163
0 0.934896 0.399089 0.111979 0.100260 0.0 0.13642819652313345 0.0 0.053517464676887894 0.0 0.28493489391047855 0.0 0.2760641583465876 0.0 0.07460514568944135 0.0 0.059591727110756665 0.0
0 0.057943 0.941406 0.095052 0.067708 0.0 0.0 0.19884722926485224 0.0 0.30457106001098794 0.0 0.23606163699142294 0.0 0.2527474609324845 0.0 0.8859566868515232 0.0 0.8937020657152471
0 0.315104 0.786458 0.093750 0.088542 0.13327353137962697 0.0 0.0 0.0 0.22458502077207748 0.0 0.0 0.0 0.11936908835667853 0.0 0.0 0.0 0.8837764348133849
0 0.455078 0.935547 0.092448 0.082031 0.0 0.14826025650756894 0.0 0.12059860909471061 0.0 0.203332544625286 0.0 0.195393337907941 0.0 0.05338940181702472 0.0 0.09411909227507888 0.0
0 0.345052 0.020833 0.091146 0.039062 0.0 0.0 0.1324149352618714 0.0 0.08537862220510162 0.0 0.3548989024925873 0.0 0.3619634497685503 0.0 0.05242817664579194 0.0 0.06201447869196575
0 0.930990 0.887370 0.138021 0.149740 0.0 0.08712546199072009 0.0 0.11046819676362853 0.0 0.2370004236981309 0.0 0.18812935529706415 0.0 0.07645631668199179 0.0 0.21215435277599048 0.0
0 0.121745 0.124349 0.089844 0.079427 0.0 0.32121734504785987 0.0 0.2471086549707557 0.0 0.28765103389966773 0.0 0.26117001987378846 0.0 0.010594092662402075 0.0 0.05616190967353955 0.0
0 0.062500 0.572917 0.085938 0.062500 0.0 0.0 0.3377711395855463 0.14914734899968488 0.0 0.0 0.33039334162058986 0.37496341843968045 0.0 0.0 0.8039968263503273 0.03157505004527208 0.0
0 0.264323 0.067057 0.117188 0.092448 0.0 0.1733494778874308 0.046019368113338205 0.129376514845366 0.0 0.1280264128459709 0.4080561990836432 0.38861102017579163 0.0 0.15173080699632682 0.03819474543440214 0.050290375499033264 0.0
0 0.518229 0.050130 0.088542 0.084635 0.0 0.0 0.07022172201249646 0.0 0.13774306931241115 0.0 0.2562928025309548 0.0 0.2427049042928212 0.0 0.00997172076499232 0.0 0.07198701022612902
0 0.895833 0.109375 0.127604 0.127604 0.0 0.062295239740692905 0.06940006718265689 0.08206937559810452 0.1779793923267572 0.3261989792785996 0.32016568919885635 0.29352331517000435 0.3255933683533248 0.05723301488145864 0.09678795241964402 0.03911223968537204 0.1314894933275383
0 0.250651 0.848958 0.092448 0.091146 0.0 0.0 0.24042585887394424 0.0 0.2801979623119272 0.0 0.12871189361964394 0.0 0.228144351743217 0.0 0.84657677584587 0.0 0.9685330111339807
0 0.567708 0.917318 0.132812 0.134115 0.0 0.098451302133871 0.09211576813542867 0.16762412599666948 0.011215274552987238 0.22321513934311288 0.42297449410608895 0.3761716747502741 0.32380673310114283 0.4127182544654059 0.12302144503047682 0.476838041787044 0.0741492963353737
0 0.660156 0.948568 0.093750 0.097656 0.0 0.0 0.0 0.06692493084476207 0.0685200251615546 0.0 0.0 0.36772906620597584 0.30265698929120827 0.0 0.0 0.48823261870640394 0.11274244543963208
0 0.740885 0.945312 0.085938 0.091146 0.26913099552076764 0.0 0.0 0.0 0.0 0.0 0.0 0.0 0.0 0.0 0.0 0.0 0.0
0 0.825521 0.936849 0.080729 0.108073 0.0 0.11620579105405453 0.0 0.13142583972907676 0.0 0.39428257977424513 0.0 0.4107438574147635 0.0 0.831267802895854 0.0 0.911635817682522 0.0
0 0.748047 0.688802 0.115885 0.104167 0.3781758060932968 0.0 0.0 0.0 0.0 0.0 0.0 0.0 0.0 0.0 0.0 0.0 0.0
0 0.955729 0.029297 0.088542 0.055990 0.0 0.30395999904105125 0.061371334720543014 0.1252419817598253 0.25646704203465653 0.2967182537100305 0.33205488110315423 0.2637557804018592 0.35865089198969374 0.1116539131313692 0.0956535979906486 0.11464775706248752 0.11435194157205014
