0 0.562988 0.554688 0.104492 0.095703 0.0 0.1570706920476413 0.0 0.15171880259195952 0.0 0.25615679112559625 0.0 0.2591192667975584 0.0 0.07421396557747657 0.0 0.05073646274282611 0.0
0 0.181641 0.862793 0.123047 0.116211 0.0 0.0 0.1708237288668619 0.0 0.09857236965757749 0.0 0.34968747272332945 0.0 0.3551353151247232 0.0 0.8694784339118453 0.0 0.8720792622714698
0 0.224609 0.247070 0.083984 0.076172 0.0 0.08194819370461372 0.0 0.2138542980391567 0.0 0.26568863719936364 0.0 0.2705878598603636 0.0 0.0509896148521407 0.0 0.07872399766785192 0.0
0 0.909668 0.669434 0.098633 0.084961 0.0 0.22577522812523937 0.0 0.14685954041436075 0.0 0.3146716708382749 0.0 0.30186120607152234 0.0 0.05813509314334032 0.0 0.0495779108776102 0.0
0 0.121582 0.446777 0.104492 0.077148 0.0 0.13732044511117156 0.0 0.21372877376496974 0.0 0.29483881419285596 0.0 0.2730949374325604 0.0 0.03897580539352832 0.0 0.08515166102277855 0.0
0 0.912109 0.100586 0.082031 0.060547 0.0 0.0 0.10077205705689594 0.04182764320531211 0.3416891959959598 0.0 0.1929752140711642 0.20563541992933845 0.26128246171410646 0.0 0.07167781262012467 0.9570280027050785 0.09014924213910074
0 0.861328 0.626953 0.101562 0.087891 0.0 0.18894520757310987 0.0 0.16839694252617607 0.0 0.32141857299272625 0.0 0.30266345572247805 0.0 0.048645873383946284 0.0 0.04947120814457643 0.0
0 0.197754 0.090820 0.096680 0.085938 0.006014193086380563 0.02998957236060752 0.0 0.09408073562563675 0.0799668176987152 0.3104261153254248 0.0 0.32775000890276573 0.32584238323012765 0.08803382883462187 0.0 0.05467915149572049 0.041003602549154215
0 0.722168 0.190918 0.088867 0.084961 0.0 0.0 0.1903294098095734 0.0 0.1976476878036126 0.0 0.27496540582973866 0.0 0.2762501348195582 0.0 0.03732309945982277 0.0 0.06627348109442278
0 0.060059 0.405762 0.090820 0.075195 0.0 0.1280688271500353 0.0 0.1912139604550239 0.0 0.21936239558025905 0.0 0.21431772812699168 0.0 0.07054896195983855 0.0 0.10758503789673139 0.0
0 0.326172 0.718750 0.087891 0.083984 0.0 0.0 0.07064680512965814 0.0 0.18275311044297907 0.0 0.29361761275579423 0.0 0.33152147609771093 0.0 0.8902746603302064 0.0 0.8834050243045175
0 0.781250 0.277344 0.082031 0.064453 0.0 0.0 0.17780585718019196 0.0 0.31671137824463286 0.0 0.2477690222470679 0.0 0.2373326639364081 0.0 0.12430142248093716 0.0 0.10980880330012073
0 0.375000 0.244629 0.083984 0.071289 0.0 0.18451478384141184 0.0 0.09710427620454874 0.0 0.2773434003458079 0.0 0.27470903666104957 0.0 0.05661898087507448 0.0 0.04711251615119889 0.0
0 0.263184 0.147949 0.090820 0.077148 0.04123516940432176 0.08811397384045427 0.0 0.04277521517283825 0.0 0.29032157505183687 0.0 0.27805810830856587 0.0 0.04930058179802649 0.0 0.0513948929788152 0.0
0 0.285645 0.291992 0.077148 0.070312 0.0 0.16418720509903842 0.0 0.23549261543103692 0.0 0.2601866072785119 0.0 0.2766719390132731 0.0 0.04205364041551765 0.0 0.050468112199435367 0.0
0 0.256836 0.635254 0.091797 0.086914 0.0 0.0 0.10018701410958947 0.0 0.2679082886437494 0.0 0.30887166884222084 0.0 0.3116811518445991 0.0 0.8847280876018194 0.0 0.8830109982803988
0 0.554688 0.106445 0.128906 0.138672 0.0 0.23696633937528092 0.044546363512123675 0.10340968563293376 0.011556780697244954 0.29599089618529667 0.3761079166070962 0.34734071382912135 0.381487467299994 0.05389188040702228 0.05099520295792293 0.047907763474087144 0.06365326874682435
0 0.965332 0.715332 0.069336 0.088867 0.0 0.08449770828878216 0.0 0.14856855448385975 0.0 0.44943917439202696 0.0 0.32303098832551325 0.0 0.03484824618709889 0.0 0.046278625944531075 0.0
0 0.168457 0.495117 0.088867 0.078125 0.0 0.0 0.1399210053902007 0.0 0.1590434137150078 0.0 0.32131611532360316 0.0 0.29975551898260755 0.0 0.838542424325184 0.0 0.8692055163660057
0 0.318359 0.196289 0.078125 0.070312 0.0 0.1175115021088381 0.0 0.1729806864444327 0.0 0.28405676032245214 0.0 0.26248384666847663 0.0 0.028797836947329278 0.0 0.05038159646994858 0.0
0 0.483398 0.485840 0.115234 0.092773 0.0 0.11736100113674557 0.0 0.09990246844271244 0.04977520459751577 0.24919825500737802 0.0 0.23921167382618636 0.2948764387702937 0.057524246558568845 0.0 0.03140217036828024 0.060768955751318764
0 0.427734 0.539551 0.125000 0.088867 0.0 0.0 0.0 0.0886676547134795 0.1187050718953263 0.0 0.0 0.29224813933192717 0.2754301441736555 0.0 0.0 0.9989556122166423 0.05210038322070147
0 0.360840 0.781250 0.081055 0.093750 0.0 0.0 0.27711904618448746 0.0 0.148716509930056 0.0 0.2797572323646632 0.0 0.35643406935840605 0.0 0.8795712568329643 0.0 0.8857465649339796
0 0.109375 0.141602 0.074219 0.074219 0.0 0.10033622430666399 0.0 0.19789685081737965 0.0 0.2600494712764063 0.0 0.23002208280567815 0.0 0.045067954678225816 0.0 0.06717156748767365 0.0
0 0.372559 0.142578 0.100586 0.083984 0.0 0.12154508176719245 0.0 0.16537486078118935 0.0 0.231483268059015 0.0 0.18300972911885063 0.0 0.04959796380875064 0.0 0.06795096796296289 0.0
0 0.315918 0.445801 0.125977 0.094727 0.0 0.0 0.1056236240143298 0.047031562901385895 0.13399249981649974 0.0 0.2154243970147158 0.22553056771737 0.21140305723985983 0.0 0.045837110019330794 0.04665968796773382 0.06515530323630085
0 0.223633 0.571777 0.072266 0.081055 0.0 0.0 0.08660775618839352 0.0 0.16416718736225477 0.0 0.3099147626683116 0.0 0.303708760424255 0.0 0.9315994639256288 0.0 0.8821959290394438
0 0.208008 0.527344 0.083984 0.076172 0.0 0.0 0.055919249276710666 0.0 0.06241513276421213 0.0 0.28594968243306584 0.0 0.4224434054260051 0.0 0.9462540193439968 0.0 0.9208276960606955
0 0.458008 0.040527 0.089844 0.079102 0.041528822362702895 0.05015458869720016 0.13174184215557438 0.0 0.15264442080256208 0.28207697125067516 0.24541223754770394 0.0 0.23969709492397584 0.04079536778841973 0.030732001607539916 0.0 0.14100258080353223
0 0.164062 0.195801 0.078125 0.073242 0.0 0.07356337341211319 0.0 0.18620040778069077 0.0 0.2793932844740445 0.0 0.2963667162259298 0.0 0.0481168372872334 0.0 0.059242173207233705 0.0
0 0.579102 0.359863 0.117188 0.122070 0.00806861144376592 0.012849646486832726 0.030338073493543533 0.07601911034820538 0.09640134015829431 0.18546991650586186 0.28484286946565285 0.3241843937350599 0.3050959031095627 0.15160057197869833 0.06896992339136737 0.09024918055307632 0.05643709799771494
0 0.646484 0.448730 0.126953 0.079102 0.0 0.09198627441581415 0.05586058583856334 0.15822196705081537 0.0 0.33232942514780855 0.3195433040942104 0.3273251323483037 0.0 0.07848160260304829 0.09487176900365424 0.06510217195114162 0.0
0 0.714844 0.361816 0.087891 0.104492 0.0 0.0 0.17198705580771056 0.0 0.2242190653326835 0.0 0.3617660731246985 0.0 0.3430108755749007 0.0 0.10269635782583021 0.0 0.08832443872031445
0 0.451172 0.298828 0.099609 0.087891 0.0 0.12066483264713322 0.03203308956908837 0.09005620151000969 0.0 0.1280264128459709 0.4080561990836432 0.38861102017579163 0.0 0.15173080699632682 0.03819474543440214 0.050290375499033264 0.0
0 0.652344 0.266602 0.105469 0.117188 0.0 0.0 0.08203690825800652 0.0 0.08084976835449377 0.0 0.3005763403916535 0.0 0.28804803000794943 0.0 0.05084980497137348 0.0 0.046733979480813384
0 0.969727 0.259277 0.058594 0.081055 0.0 0.11332115870532578 0.011509745127204794 0.00965132192556831 0.12506954730012768 0.304058549360637 0.32322302766387956 0.30140373995973263 0.3683854590386879 0.10493031285790401 0.014464581255531862 0.13770951134008177 0.0911194325652057
0 0.845703 0.460938 0.130859 0.095703 0.0 0.12366804973135273 0.013948478765969993 0.007690005560924494 0.09949803579542935 0.1093058239213737 0.11585391007853096 0.11535552393251133 0.11412527352509949 0.05736365318277928 0.05215474140601878 0.06001626131316837 0.05149353817837243
0 0.805176 0.083496 0.071289 0.055664 0.0 0.0 0.17920332885945842 0.0 0.1962128826281925 0.0 0.29361754599633394 0.0 0.27254686973963804 0.0 0.045854119569654336 0.0 0.05897641054914402
0 0.974121 0.386230 0.051758 0.090820 0.0 0.1886983613858493 0.0 0.011149357651427723 0.058147217350791716 0.31808680340171136 0.0 0.31618510628158375 0.325687941584406 0.09092337830849115 0.0 0.06445193794215621 0.982499989076749
0 0.050293 0.088867 0.086914 0.072266 0.0 0.08436786388885072 0.0 0.11561266645378615 0.0 0.2671139893609973 0.0 0.26421921887605887 0.0 0.041938475837012136 0.0 0.08325744009401972 0.0
0 0.881348 0.162598 0.065430 0.059570 0.0 0.0 0.1309416327473374 0.0 0.2403678343452566 0.0 0.19971550650641853 0.0 0.23996908417019133 0.0 0.011328196334157306 0.0 0.1122318508536782
0 0.659668 0.648926 0.110352 0.106445 0.0 0.09352082524847612 0.0 0.12665854294725937 0.031162681887638426 0.35335935861859347 0.0 0.26453427771635357 0.3563539940271856 0.04874198932376651 0.0 0.3310158042211283 0.057597571818532936
0 0.770020 0.552246 0.118164 0.118164 0.0 0.05740558419868661 0.0 0.11693116926414916 0.09160094475793266 0.30814061430173867 0.0 0.29183886471083126 0.30329332139472603 0.050840564946252914 0.0 0.3148095761388035 0.07559684109347163
0 0.405273 0.843750 0.095703 0.091797 0.0 0.0 0.11289852303744138 0.0 0.09370679780535054 0.0 0.2661126785873456 0.0 0.28219855532640126 0.0 0.9200836132030058 0.0 0.8745567419077382
0 0.504395 0.241211 0.092773 0.085938 0.0 0.11017719964748642 0.03882882761226546 0.06423288435269393 0.05246356524520789 0.32127561246661673 0.3507280577606725 0.3275503562658585 0.3285111424132517 0.052097016189572146 0.06500490752849954 0.04610377310177872 0.07022573211215502
0 0.981934 0.598633 0.036133 0.068359 0.0 0.16222210210246027 0.0 0.1377414551628019 0.0 0.18665815288144685 0.0 0.19655351068025137 0.0 0.04791246284906844 0.0 0.055785793923244065 0.0
0 0.612793 0.602051 0.073242 0.069336 0.0 0.18081676746436354 0.0 0.11529060639131158 0.0 0.4079934998447233 0.0 0.10410083076930676 0.0 0.032419127354279216 0.0 0.2376634103459379 0.0
0 0.499023 0.967773 0.101562 0.064453 0.0 0.17595158402904484 0.0 0.12113462370387883 0.10468995887007604 0.25126612588841185 0.0 0.2059302459615844 0.19453331742184518 0.1906640995212519 0.0 0.3444061379318327 0.9817636946842216
0 0.291992 0.958496 0.103516 0.061523 0.0 0.0 0.1130314588633392 0.0 0.173128443216788 0.0 0.23606163699142294 0.0 0.2527474609324845 0.0 0.8859566868515232 0.0 0.8937020657152471
0 0.104980 0.029785 0.106445 0.057617 0.0 0.015676910197771822 0.08599591384863305 0.11255422653278038 0.0 0.2834072322264027 0.2648251157036808 0.27160941782749504 0.0 0.047655533899789757 0.04832384008254027 0.054031649562403396 0.0
0 0.957520 0.547363 0.063477 0.065430 0.0 0.20744604302553152 0.0 0.08137603928595905 0.0 0.28493489391047855 0.0 0.2760641583465876 0.0 0.07460514568944135 0.0 0.059591727110756665 0.0
0 0.158691 0.757812 0.084961 0.064453 0.0 0.011652787995834522 0.045360479429009885 0.025107778748171054 0.08658548591586544 0.3299763100626719 0.26597407019216107 0.4013031148957023 0.2603421151306708 0.9200632642995171 0.9087599660788221 0.9053832727888151 0.8701622565736572
0 0.911133 0.854004 0.060547 0.059570 0.0 0.23405755858066357 0.0 0.14337419147449584 0.0 0.3493316102269495 0.0 0.1594260640358455 0.0 0.06365749081477258 0.0 0.04117465325075279 0.0
0 0.347656 0.346191 0.076172 0.069336 0.0 0.24413214252554025 0.0 0.1878079322448376 0.0 0.28765103389966773 0.0 0.26117001987378846 0.0 0.010594092662402075 0.0 0.05616190967353955 0.0
0 0.398438 0.391113 0.072266 0.071289 0.0 0.11269053576718012 0.11972551105588983 0.07111204484535102 0.0 0.23991938964226997 0.2772569762729419 0.2834494297695176 0.0 0.038186121688988724 0.05541262780362912 0.027156372998218596 0.0
0 0.958496 0.038574 0.083008 0.075195 0.1296034667792142 0.15651186379825063 0.1202312328097809 0.0 0.0 0.3010975882625401 0.29062028871238466 0.0 0.0 0.10222214285199398 0.1389103243692009 0.0 0.0
0 0.867188 0.818359 0.066406 0.082031 0.0 0.23600708998458614 0.0 0.1403334654934654 0.0 0.2500789790936856 0.0 0.09375055232079743 0.0 0.07511023817856378 0.0 0.03340538896085421 0.0
0 0.386230 0.016113 0.083008 0.030273 0.0 0.0 0.05539638880971095 0.2634435196180153 0.0 0.0 0.30669566061426906 0.3367243324931645 0.0 0.0 0.045293930221227026 0.059315787468288285 0.0
0 0.016113 0.843750 0.030273 0.070312 0.02438039433728957 0.0 0.2474946475938413 0.0 0.0 0.0 0.24691570911867797 0.0 0.0 0.0 0.8902320058169974 0.0 0.0
0 0.448242 0.935547 0.060547 0.060547 0.0 0.0 0.2073026350398399 0.0 0.15463485784644895 0.0 0.24842232485045732 0.0 0.27281555378242955 0.0 0.8812298923819112 0.0 0.8721818092423341
0 0.109863 0.677246 0.118164 0.141602 0.0 0.0 0.13376779021889312 0.0 0.14068408833054485 0.0 0.2792412554897457 0.0 0.2863948008858694 0.0 0.89239949045911 0.0 0.7564652505398866
0 0.477051 0.848145 0.067383 0.063477 0.1454865573321413 0.0 0.0 0.0 0.2451657216722612 0.0 0.0 0.0 0.11936908835667853 0.0 0.0 0.0 0.8837764348133849
0 0.692871 0.025879 0.065430 0.049805 0.0 0.13692507415645058 0.06708618420359881 0.15894799601804077 0.0 0.3477917645891535 0.37429007159742805 0.30950554346340664 0.0 0.0656741800582096 0.03814788274759672 0.046325678358813446 0.0
0 0.845215 0.193848 0.083008 0.069336 0.0 0.05395658826044649 0.11330780022564998 0.0 0.11288785396425316 0.3094153866921252 0.36256892666955653 0.0 0.2846569982822168 0.1014345840951961 0.03399119781088905 0.0 0.08326146119788948
0 0.028320 0.367676 0.054688 0.079102 0.0 0.11972999604079507 0.0 0.18186826225307823 0.0 0.21868435976052336 0.0 0.27647035625093036 0.0 0.09384950723991542 0.0 0.10515789222967208 0.0
0 0.326172 0.985352 0.072266 0.029297 0.0 0.0 0.29846659040560736 0.0 0.12637193602335767 0.0 0.3787330712501693 0.0 0.38358853014550665 0.0 0.8908274085851455 0.0 0.9167059910578688
0 0.327637 0.095215 0.051758 0.051758 0.0 0.1070126683238785 0.0 0.17603089840478534 0.0 0.29874736425417875 0.0 0.25973547552852727 0.0 0.03107756436480255 0.0 0.04615067373407934 0.0
0 0.015625 0.048340 0.029297 0.077148 0.0 0.0800520021158374 0.0 0.12431093559471702 0.0 0.3036148694827774 0.0 0.27862118105927175 0.0 0.019763963132602667 0.0 0.062202984321443305 0.0
0 0.025391 0.679688 0.048828 0.080078 0.0 0.03623202826942352 0.11978515466912605 0.0 0.044905072282642323 0.2006775447511111 0.24712851707281444 0.0 0.2571097599186705 0.08956777548572058 0.014668462402256131 0.0 0.002795827896065993
0 0.302734 0.075195 0.058594 0.064453 0.0 0.07198848768021841 0.0890922038690019 0.13164333443802 0.0 0.2670002358443512 0.30827252397081645 0.24585675860896675 0.0 0.064207358988454 0.8000131944079082 0.06002627892395114 0.0
0 0.831543 0.242188 0.065430 0.056641 0.0 0.04079346290695593 0.14031256607155057 0.0 0.09113336999766172 0.3409576377469806 0.30479272015997627 0.0 0.29928323275513724 0.4920791732483355 0.12196360815918467 0.0 0.4834518779961555
0 0.763184 0.136230 0.071289 0.055664 0.0 0.0 0.09610593474531248 0.0 0.23791698437931694 0.0 0.3873137043356769 0.0 0.25905916130915574 0.0 0.038868240032060915 0.0 0.02613974487737241
0 0.022949 0.560059 0.043945 0.084961 0.10442563721180617 0.2084110011825341 0.0 0.03961318693373798 0.0 0.32545603756904434 0.0 0.29196978832868165 0.0 0.07435011401493215 0.0 0.140391650736155 0.0
0 0.298340 0.673828 0.065430 0.062500 0.0 0.0 0.24954733446991845 0.11019095187290148 0.0 0.0 0.33039334162058986 0.37496341843968045 0.0 0.0 0.8039968263503273 0.03157505004527208 0.0
0 0.588379 0.957520 0.069336 0.084961 0.0 0.07283032746214214 0.0 0.09597048847175603 0.0 0.2175614533122237 0.0 0.2007647928883418 0.0 0.04591394949792268 0.0 0.1608199876337557 0.0
0 0.675293 0.943848 0.090820 0.094727 0.0 0.11465795147084012 0.10727948786507191 0.19521772172941024 0.01306148702512847 0.22321513934311288 0.42297449410608895 0.3761716747502741 0.32380673310114283 0.4127182544654059 0.12302144503047682 0.476838041787044 0.0741492963353737
0 0.748535 0.959961 0.067383 0.080078 0.0 0.0 0.0 0.09675015273288429 0.13891107968036573 0.0 0.0 0.374055824759539 0.369434936375511 0.0 0.0 0.47158592987926734 0.14777478925659074
0 0.812012 0.959961 0.067383 0.080078 0.21975701649097673 0.0 0.0 0.0 0.0 0.0 0.0 0.0 0.0 0.0 0.0 0.0 0.0
0 0.872559 0.952148 0.067383 0.080078 0.0 0.10569017334113903 0.0 0.11953293942132008 0.0 0.3942825797742451 0.0 0.4107438574147635 0.0 0.831267802895854 0.0 0.911635817682522 0.0
0 0.955566 0.895020 0.088867 0.094727 0.0 0.09170843407656158 0.017113767493309517 0.12282424848388467 0.0 0.24250993769699009 0.22923474299041185 0.24420241184663938 0.0 0.06949441869748393 0.9911062728135125 0.3447821312394884 0.0
0 0.811035 0.773438 0.083008 0.076172 0.4061254508875224 0.0 0.0 0.0 0.0 0.0 0.0 0.0 0.0 0.0 0.0 0.0 0.0
0 0.741699 0.728027 0.106445 0.104492 0.3460154469647502 0.0 0.0 0.0 0.0 0.0 0.0 0.0 0.0 0.0 0.0 0.0 0.0
0 0.430664 0.189941 0.083984 0.071289 0.0 0.1685249329329122 0.0 0.16779661791825307 0.0 0.2664362917796256 0.0 0.2747917667337061 0.0 0.05904388775790592 0.0 0.05453526217720568 0.0
0 0.248535 0.032715 0.096680 0.063477 0.0 0.10258847644055027 0.0 0.11714814956990546 0.09336949363947124 0.34522725933746923 0.0 0.354458125114056 0.3232843677700667 0.03443532330627619 0.0 0.033480217477761205 0.038193662724611006
0 0.923340 0.328125 0.092773 0.103516 0.0 0.05941246101982269 0.06618850498731248 0.07827152763100255 0.16974320594897474 0.3261989792785996 0.32016568919885635 0.29352331517000435 0.3255933683533248 0.05723301488145864 0.09678795241964402 0.03911223968537204 0.1314894933275383
0 0.917480 0.518066 0.063477 0.065430 0.0 0.19994185324280173 0.0 0.12430580500538475 0.0 0.23671504052656572 0.0 0.25761487409426026 0.0 0.06278630018613751 0.0 0.05600481532262904 0.0
