0 0.157227 0.622070 0.130859 0.091797 0.0 0.146442646525799 0.0 0.15264640318276348 0.0 0.30738230739790695 0.0 0.30332095644995444 0.0 0.3579493203461766 0.0 0.35855707563624656 0.0
0 0.195312 0.485352 0.140625 0.166016 0.04983348132994739 0.034246577719618816 0.034328150720416825 0.07073328232119985 0.0923317357421584 0.292531891192681 0.28189692149622486 0.2780903095792216 0.2841288553249154 0.4459369555991425 0.41910462591098263 0.33282008804274 0.44440489610485306
0 0.407715 0.887207 0.127930 0.098633 0.0 0.07884906388616025 0.1278200114860375 0.042641802492797996 0.11080803970178207 0.4229055022465979 0.20476862083390085 0.4410580329791135 0.26743441562681325 0.7199553417451239 0.6414429164774716 0.7116909853078752 0.7293060908002288
0 0.375000 0.760742 0.101562 0.080078 0.0 0.12708600073317922 0.0 0.2079251141714319 0.0 0.27976374333840454 0.0 0.29299809287247547 0.0 0.7280744635025087 0.0 0.7308797942125352 0.0
0 0.479004 0.723633 0.096680 0.082031 0.0 0.12442469277356952 0.012116102734175837 0.14109604344657967 0.0 0.3547842700027512 0.46373881839752573 0.3511169688819163 0.0 0.467858220067326 0.694950977949052 0.6392871851156365 0.0
0 0.249023 0.954590 0.101562 0.090820 0.0 0.12199545848342985 0.14378592483076041 0.09320257916220248 0.0463892336054963 0.2981999987247434 0.43140621340658086 0.25457164045689434 0.42005345795949034 0.7319674436564437 0.731357878363728 0.7567214354823244 0.7001138009763261
0 0.684570 0.786621 0.087891 0.088867 0.0 0.1105456204437459 0.0 0.16106563892615597 0.0 0.23974486564329978 0.0 0.24413804488446675 0.0 0.721457148561628 0.0 0.7263046299424976 0.0
0 0.293457 0.780762 0.081055 0.086914 0.0 0.167503265802658 0.0 0.22128641961910864 0.0 0.26167105528764373 0.0 0.24997556970894025 0.0 0.7314812100785295 0.0 0.7600114617145285 0.0
0 0.297852 0.527344 0.070312 0.078125 0.0 0.17419201626244174 0.0 0.14674348887633967 0.0 0.28093973713426895 0.0 0.24869011074671132 0.0 0.31892480685033636 0.0 0.32661197732413394 0.0
0 0.416016 0.972656 0.083984 0.054688 0.0 0.0 0.2704408625723256 0.0 0.2198146663854225 0.0 0.29615269836496433 0.0 0.2870116939942897 0.0 0.7083664750345849 0.0 0.7458149615881127
0 0.215820 0.805176 0.080078 0.086914 0.0 0.19512846295900554 0.0 0.21165123965396151 0.0 0.21502319327155392 0.0 0.23920806196701036 0.0 0.6577317112783814 0.0 0.7462292783343046 0.0
0 0.498535 0.854004 0.071289 0.090820 0.0 0.1594690481398789 0.0 0.14592182024703781 0.0 0.2813747374362411 0.0 0.2661346444237328 0.0 0.7193701463152352 0.0 0.7310240629860036 0.0
0 0.344727 0.665527 0.060547 0.067383 0.0 0.23097987714451365 0.0 0.24687908512167392 0.0 0.26615249625099285 0.0 0.2715756798442335 0.0 0.32544300815726107 0.0 0.3590533268249437 0.0
0 0.804199 0.129883 0.315430 0.257812 0.44612865324292195 0.0 0.0 0.0 0.0 0.0 0.0 0.0 0.0 0.0 0.0 0.0 0.0
0 0.516113 0.263184 0.323242 0.317383 0.3598078150796844 0.0 0.0 0.0 0.0 0.0 0.0 0.0 0.0 0.0 0.0 0.0 0.0
0 0.958496 0.976074 0.083008 0.047852 0.0 0.0 0.5241381432623876 0.0 0.0 0.0 0.11436759122316899 0.0 0.0 0.0 0.9702716534967825 0.0 0.0
0 0.763672 0.761230 0.095703 0.088867 0.0 0.12351634623466684 0.0 0.15682244543442755 0.0 0.2773468172208633 0.0 0.2976523750020936 0.0 0.7204533384266085 0.0 0.7393996204012271 0.0
0 0.611816 0.673828 0.090820 0.062500 0.0 0.14912289453550473 0.0 0.2114299019229685 0.07173551778766737 0.27846283725015425 0.0 0.26639297356815583 0.2483633639057601 0.692251411452635 0.0 0.7806397713728289 0.7225578639002562
0 0.950195 0.675293 0.099609 0.073242 0.0 0.1810474309993237 0.0 0.16742608975727294 0.027704218089410048 0.3060586354770588 0.0 0.3070580997271206 0.29063458656771474 0.6225013678664834 0.0 0.6538909643620223 0.6426915512434078
0 0.230469 0.156250 0.138672 0.291016 0.0 0.04616733956181901 0.17766967978414744 0.04762853610510767 0.17347270501350306 0.24725610281182694 0.24463024221476665 0.24518826474109956 0.2447834701089954 0.4465060621389861 0.4439519598586042 0.44576844034673113 0.4472501386533652
0 0.830566 0.735840 0.075195 0.102539 0.0 0.20437846373776322 0.0 0.0867062019058422 0.0 0.2575447003440935 0.0 0.2776936049767963 0.0 0.7306898947176882 0.0 0.7358127086130998 0.0
0 0.073242 0.976562 0.099609 0.046875 0.0 0.2979490776628939 0.0 0.05291947895233211 0.0 0.25628708832553737 0.0 0.2504390587933323 0.0 0.7433330302173266 0.0 0.7637477269725069 0.0
0 0.409668 0.682617 0.067383 0.068359 0.0 0.21239558543456546 0.0 0.21178926037554444 0.0 0.2682529254705518 0.0 0.2745374243157614 0.0 0.3317008274748267 0.0 0.32939611421181275 0.0
0 0.692383 0.650879 0.068359 0.057617 0.0 0.19937207060282533 0.0 0.34507954376085764 0.0 0.2949248430772331 0.0 0.2738543429316628 0.0 0.7331927795935439 0.0 0.7123394733835078 0.0
0 0.431152 0.560547 0.069336 0.068359 0.0 0.221267771140069 0.0 0.1648376920496811 0.0 0.24975671968893978 0.0 0.2561277200054404 0.0 0.30035670991868435 0.0 0.37763569126286145 0.0
0 0.934570 0.552734 0.130859 0.093750 0.0 0.1464905585468055 0.0 0.09278146307900681 0.0056422544182054635 0.25476330159475136 0.0 0.27878264531411995 0.2470923246610985 0.7716118347649579 0.0 0.6903842097514554 0.627748463377254
0 0.635742 0.891113 0.103516 0.077148 0.012945864359066602 0.0 0.0 0.0 0.0 0.0 0.0 0.0 0.0 0.0 0.0 0.0 0.0
0 0.045898 0.602051 0.087891 0.059570 0.0 0.13800493058453409 0.0 0.09528778143436635 0.0 0.4062035076633136 0.0 0.4091563628005564 0.0 0.4546812029932373 0.0 0.4419757148741813 0.0
0 0.499512 0.583496 0.077148 0.067383 0.0 0.24763319568398975 0.0 0.14963557929199472 0.0 0.2748966055207248 0.0 0.2314700378464803 0.0 0.3676560816306355 0.0 0.30332103225439055 0.0
0 0.540527 0.976562 0.053711 0.046875 0.0 0.0 0.33404680738502823 0.0 0.0 0.0 0.0888742882147491 0.0 0.0 0.0 0.6855182590322921 0.0 0.0
0 0.724609 0.860352 0.076172 0.056641 0.0 0.17827906136514854 0.0 0.16950462164719385 0.0 0.18781762880243208 0.0 0.19318180223739445 0.0 0.7172969562291641 0.0 0.8061208545454324 0.0
0 0.363770 0.544434 0.065430 0.069336 0.0 0.22181133031444067 0.0 0.1507023648373074 0.0 0.3098824782308777 0.0 0.25226184065544394 0.0 0.33565922566281237 0.0 0.3458991413934067 0.0
0 0.051758 0.861328 0.085938 0.117188 0.0 0.21361849954346457 0.0 0.1564559830878706 0.0 0.08389247151441544 0.0 0.28364742953505684 0.0 0.728331050942329 0.0 0.730681187489669 0.0
0 0.379883 0.033203 0.082031 0.064453 0.11666520542956713 0.0 0.0 0.0 0.323570198803648 0.0 0.0 0.0 0.22240723050570768 0.0 0.0 0.0 0.44389566755673304
0 0.140137 0.831055 0.088867 0.107422 0.0 0.11220698040179314 0.024106715637158754 0.18314557609308332 0.02458697916203862 0.32002116273183134 0.19355454202519423 0.3145002982885836 0.2173781799450082 0.7232225236236991 0.724049974379516 0.7222907554402531 0.7351351260198992
0 0.268066 0.648438 0.104492 0.087891 0.0 0.12169193810989758 0.0 0.14213709523866916 0.0 0.27059135664670825 0.0 0.2739202046904701 0.0 0.2975667294247156 0.0 0.40185576973269943 0.0
0 0.764648 0.607422 0.093750 0.097656 0.0 0.09190037180230116 0.0679194247117632 0.09180743976330327 0.03871687203921818 0.23778814454718333 0.36387018318772046 0.3345370738922954 0.3841890621808417 0.7371007102726621 0.7188868067129309 0.7120087404456974 0.7133396942900452
0 0.935547 0.317871 0.128906 0.127930 0.0 0.2521277130114666 0.0 0.0 0.0 0.16211996787427946 0.0 0.0 0.0 0.8926235105459261 0.0 0.0 0.0
0 0.772461 0.847168 0.033203 0.057617 0.0 0.1703522710606824 0.0 0.06226688790214125 0.0 0.1719244170493727 0.0 0.19516236883469182 0.0 0.7415499713889993 0.0 0.7028967368559651 0.0
0 0.800781 0.837402 0.033203 0.057617 0.0 0.14989834075652075 0.0 0.04323183591240634 0.0 0.20627614275761375 0.0 0.2343972390125485 0.0 0.8610166911684823 0.0 0.7290046037214034 0.0
0 0.831055 0.827637 0.033203 0.057617 0.0 0.12893061444174475 0.0 0.0562032125196253 0.0 0.22780928402278502 0.0 0.1872650704810766 0.0 0.7433632348316561 0.0 0.7156019511860595 0.0
0 0.588379 0.969238 0.043945 0.061523 0.03429311805943979 0.0 0.4336475008750722 0.0 0.0 0.0 0.15311870745229167 0.0 0.0 0.0 0.7376769227381037 0.0 0.0
0 0.162598 0.961914 0.077148 0.076172 0.0 0.2052590224598935 0.0 0.18654984768179028 0.0 0.21410626202808633 0.0 0.19585333701300633 0.0 0.6097959258634164 0.0 0.5997122420343133 0.0
