0 0.416016 0.877604 0.092448 0.091146 0.0 0.18452733827392412 0.0 0.27550969231759076 0.0 0.21936239558025905 0.0 0.21431772812699168 0.0 0.07054896195983855 0.0 0.10758503789673139 0.0
0 0.486979 0.931641 0.114583 0.095052 0.0 0.18069267162589245 0.0 0.2812343282433513 0.0 0.29483881419285596 0.0 0.2730949374325604 0.0 0.03897580539352832 0.0 0.08515166102277855 0.0
0 0.173828 0.695964 0.102865 0.087240 0.0 0.1383481309200219 0.0 0.17695862447345292 0.0 0.27458825600452585 0.0 0.2788694320642088 0.0 0.006395120033650494 0.0 0.043396286114785694 0.0
0 0.263021 0.744141 0.140625 0.115885 0.0 0.03499019819231937 0.1075550150955002 0.1557546428410388 0.0 0.36821647781952876 0.3393899337294722 0.28430668748123844 0.0 0.9881057605931656 0.7895427917456661 0.022696259510035805 0.0
0 0.636068 0.664714 0.097656 0.084635 0.0 0.1127607145375485 0.0 0.2942635141018797 0.0 0.26568863719936364 0.0 0.2705878598603636 0.0 0.0509896148521407 0.0 0.07872399766785192 0.0
0 0.391927 0.123698 0.098958 0.080729 0.0 0.17222163019164027 0.0 0.21298054836606795 0.0 0.373226949312633 0.0 0.3598619633189838 0.0 0.04956130846020486 0.0 0.04491683800601215 0.0
0 0.157552 0.080078 0.101562 0.084635 0.0 0.21273958224792444 0.0 0.21074668837908753 0.0 0.4610218281766736 0.0 0.4756282398981122 0.0 0.054649723500873645 0.0 0.04897563997479671 0.0
0 0.226562 0.158854 0.083333 0.080729 0.0 0.2395866191134545 0.0 0.2993878249210766 0.0 0.2770712725811436 0.0 0.2652606763290918 0.0 0.043489839470494396 0.0 0.0994118817539127 0.0
0 0.832682 0.660156 0.105469 0.080729 0.0 0.23066185044929982 0.0 0.12139001314459517 0.0 0.2773434003458079 0.0 0.27470903666104957 0.0 0.05661898087507448 0.0 0.04711251615119889 0.0
0 0.927083 0.059896 0.138021 0.117188 0.039955233345791825 0.19001349442293033 0.0 0.19842794676360112 0.0 0.2780897145546153 0.0 0.28724866859218573 0.0 0.06106693584661409 0.0 0.053401748859843695 0.0
0 0.535156 0.050130 0.096354 0.076823 0.0 0.24712720505291622 0.0 0.24519207460761616 0.0 0.28078581573375533 0.0 0.33626669503148776 0.0 0.0488350316784602 0.0 0.09119774447607369 0.0
0 0.750000 0.596354 0.091146 0.078125 0.0 0.1611586314635494 0.0 0.237230655695222 0.0 0.28405676032245214 0.0 0.26248384666847663 0.0 0.028797836947329278 0.0 0.05038159646994858 0.0
0 0.708984 0.736328 0.089844 0.084635 0.0 0.11868493395967002 0.0 0.27891856224061085 0.0 0.27088116636600107 0.0 0.2722918423606087 0.0 0.04132091289955682 0.0 0.04672319536850801 0.0
0 0.313802 0.218750 0.106771 0.083333 0.0 0.21479495115672328 0.0 0.2847370588373192 0.0 0.2992059222389157 0.0 0.28122557360919725 0.0 0.04338131535368201 0.0 0.12732868627553337 0.0
0 0.660807 0.164062 0.105469 0.104167 0.0 0.03360321545932973 0.0699713882863249 0.04780037308414413 0.0898992510283381 0.4190564739603437 0.37686187243428537 0.4059025454895252 0.33007150094028004 0.05129731487424978 0.0473371493284965 0.020954409449865354 0.042003390461662585
0 0.050781 0.634766 0.075521 0.074219 0.0 0.09031171675082501 0.0 0.22541690687954435 0.0 0.306466272177413 0.0 0.3534015615949819 0.0 0.05134664401825546 0.0 0.08166705029021967 0.0
0 0.750000 0.937500 0.145833 0.106771 0.0 0.0 0.14390988755349618 0.0640794802466291 0.1825618630448455 0.0 0.21542439701471577 0.22553056771737 0.21140305723985983 0.0 0.04583711001933079 0.04665968796773382 0.06515530323630085
0 0.554036 0.972656 0.100260 0.054688 0.0 0.0 0.23555968925934398 0.0 0.10144892506705325 0.0 0.3061963743794093 0.0 0.29509131463248955 0.0 0.869285257561393 0.0 0.8635939847259048
0 0.242188 0.335286 0.098958 0.097656 0.0 0.3086592294779349 0.0 0.08445548433175795 0.0 0.1960844758992537 0.0 0.1074150757445524 0.0 0.04278071210569834 0.0 0.07017988636211056 0.0
0 0.393880 0.285807 0.095052 0.084635 0.0 0.23279569854076443 0.0 0.18954593958345883 0.0 0.2871671922966427 0.0 0.2748963251955555 0.0 0.053306946255544496 0.0 0.04998165094854888 0.0
0 0.558594 0.601562 0.093750 0.088542 0.0 0.09015119290700145 0.0 0.22818677424104258 0.0 0.2793932844740445 0.0 0.2963667162259298 0.0 0.0481168372872334 0.0 0.059242173207233705 0.0
0 0.589193 0.453776 0.110677 0.089844 0.008933614691994453 0.044547170401639 0.0 0.13974959399327322 0.11878446987062351 0.3104261153254248 0.0 0.32775000890276573 0.32584238323012765 0.08803382883462187 0.0 0.05467915149572049 0.041003602549154215
0 0.599609 0.091146 0.087240 0.098958 0.0 0.07541969944242369 0.02520107659807723 0.09591997093834187 0.0 0.3585286602784026 0.37162208172344885 0.3400411493660384 0.0 0.06935713189516667 0.977909778154617 0.05325042770333539 0.0
0 0.322266 0.396484 0.087240 0.087240 0.0 0.1733214980505003 0.0 0.3265620329362708 0.0 0.2853081759832596 0.0 0.28109471712448336 0.0 0.044323274331217515 0.0 0.07633297611240267 0.0
0 0.823568 0.513672 0.105469 0.084635 0.0 0.15567044100752822 0.0 0.158953217408023 0.0 0.2350551538311312 0.0 0.23904070040458533 0.0 0.04964869693608567 0.0 0.049088565769074284 0.0
0 0.542969 0.263672 0.111979 0.100260 0.0 0.16018160039178136 0.11657345973095737 0.08434947283154783 0.0 0.23860014462668772 0.2222469939091336 0.18106268543622828 0.0 0.05135021089482205 0.05581060015926798 0.017430183620120627 0.0
0 0.934245 0.385417 0.095052 0.091146 0.0 0.08847582716186264 0.08545447158703413 0.0 0.13149240433548284 0.2724455805499705 0.26446937381476743 0.0 0.25604824302163515 0.044994074798703564 0.046465193827398506 0.0 0.09099497134033009
0 0.850911 0.859375 0.084635 0.091146 0.0 0.1337921481789686 0.14214444191734438 0.08442797060540358 0.0 0.23991938964226997 0.2772569762729419 0.2834494297695176 0.0 0.038186121688988724 0.05541262780362912 0.027156372998218596 0.0
0 0.465495 0.354818 0.131510 0.084635 0.0 0.11547032738777976 0.07787336508375291 0.1165310408389316 0.0 0.2787849718864592 0.2641403862349399 0.2799727327901568 0.0 0.052506258357342024 0.04404525780446294 0.057996346702623214 0.0
0 0.069010 0.026693 0.109375 0.050781 0.0 0.129111958435758 0.0 0.29456630326842775 0.0 0.35169391623660223 0.0 0.3340465030632066 0.0 0.06785096134669273 0.0 0.045877162603315785 0.0
0 0.678385 0.529297 0.098958 0.079427 0.0 0.19522960664392927 0.0 0.1504613397906161 0.0 0.28741568746400603 0.0 0.28611137864488184 0.0 0.05356304040392459 0.0 0.04609739825855349 0.0
0 0.024740 0.586589 0.046875 0.071615 0.0 0.16500611016712485 0.0 0.19296430151064248 0.0 0.2608607337133138 0.0 0.2547629043000933 0.0 0.1111793667660349 0.0 0.08767442933821788 0.0
0 0.151693 0.252604 0.097656 0.080729 0.0 0.1783942471949026 0.0 0.22197276890988663 0.0 0.25131471038299363 0.0 0.2740578106151803 0.0 0.05829066671857015 0.0 0.041071745067258 0.0
0 0.080078 0.188802 0.092448 0.091146 0.0 0.17981100704688188 0.0 0.264954960054011 0.0 0.28650722100665243 0.0 0.28424804703423023 0.0 0.04598361742745685 0.0 0.0890419849920363 0.0
0 0.949219 0.961589 0.101562 0.076823 0.0 0.15496534766569048 0.0 0.04012101914568299 0.1048245822301557 0.2639347259374425 0.0 0.2391101131681832 0.28049118864201467 0.06115464388441217 0.0 0.02002110204527854 0.06350467418688102
0 0.304036 0.050130 0.082031 0.074219 0.0 0.361757689092641 0.0 0.2969181030451376 0.0 0.37935322789419046 0.0 0.3023754929496956 0.0 0.06037994865055123 0.0 0.05158097768820274 0.0
0 0.329427 0.824219 0.104167 0.088542 0.0 0.16341122461766228 0.0 0.3660795436064318 0.0 0.21594002896135028 0.0 0.2916326785617645 0.0 0.11098569295756965 0.0 0.21148891119059637 0.0
0 0.973307 0.630859 0.053385 0.092448 0.0 0.10012268963184098 0.0 0.16797678885243253 0.0 0.35640470295980436 0.0 0.32664381978070084 0.0 0.04911457614299069 0.0 0.03814963835834501 0.0
0 0.095052 0.902344 0.106771 0.096354 0.0 0.1399731413460213 0.017336880359851148 0.04926110809454935 0.10827556535945843 0.32659227680711433 0.3966459148217095 0.18411157224256627 0.23133013157106375 0.07734868314449829 0.09040892339996781 0.9938147944468413 0.1904846727152825
0 0.483724 0.524089 0.079427 0.087240 0.0 0.1418013289932203 0.0 0.2796800123124994 0.0 0.2600494712764063 0.0 0.23002208280567815 0.0 0.045067954678225816 0.0 0.06717156748767365 0.0
0 0.182292 0.524740 0.117188 0.114583 0.0 0.10705187336350991 0.0 0.16230292988413889 0.0 0.12584031367304818 0.0 0.1214032555432884 0.0 0.9816758205085155 0.0 0.9830695408445769 0.0
0 0.821615 0.020833 0.062500 0.039062 0.0 0.0 0.0 0.09036074009253853 0.05107962683308725 0.0 0.0 0.1396280447077018 0.20077800539886903 0.0 0.0 0.9898923306429891 0.02006558175748915
0 0.925781 0.727214 0.114583 0.092448 0.0 0.1772892387485088 0.04706526284318681 0.13231689018276072 0.0 0.1280264128459709 0.4080561990836432 0.38861102017579163 0.0 0.15173080699632682 0.03819474543440214 0.050290375499033264 0.0
0 0.835938 0.292318 0.174479 0.123698 0.0 0.20245962517267183 0.010734613631838091 0.1739777822516443 0.025482365165572906 0.3191812688274961 0.31302962870193823 0.3340904320053829 0.3262239006157515 0.05187469353208824 0.044109385691670396 0.05168798398519969 0.08137806498895182
0 0.453125 0.016276 0.083333 0.029948 0.0 0.192614334825255 0.0 0.23949115621993936 0.0 0.27658270422302184 0.0 0.3018370973140269 0.0 0.03200529378156721 0.0 0.06870244164233716 0.0
0 0.044922 0.858724 0.087240 0.095052 0.0 0.21790886707540985 0.0 0.16635433158326687 0.0 0.1520679533232745 0.0 0.1552808529708152 0.0 0.06085339459651928 0.0 0.0781602793883533 0.0
0 0.239583 0.977865 0.083333 0.044271 0.13293650668925117 0.47988587108559705 0.0 0.08210173872529543 0.0 0.354781113195316 0.0 0.18472979439632004 0.0 0.07205520839930328 0.0 0.06691308277308426 0.0
0 0.021484 0.794922 0.040365 0.066406 0.0 0.49918368586736883 0.0 0.039329935726223404 0.0 0.2973466505656024 0.0 0.17081207215616362 0.0 0.07034681463227745 0.0 0.137163096206481 0.0
0 0.113281 0.657552 0.093750 0.083333 0.0 0.0 0.10821612437343915 0.1881191603847044 0.0 0.0 0.18367891099133588 0.31071359757534994 0.0 0.0 0.979702968430213 0.02611059514529883 0.0
0 0.972005 0.138021 0.055990 0.067708 0.0 0.073369285819173 0.0 0.24304760930173885 0.0 0.2497756753611459 0.0 0.2385911193891902 0.0 0.04246743604273422 0.0 0.0635723613590402 0.0
0 0.020833 0.135417 0.039062 0.078125 0.0 0.2014857460426627 0.0 0.21364780706864042 0.0 0.28914958578247446 0.0 0.2713679724662109 0.0 0.0292378529118596 0.0 0.03300984511691954 0.0
0 0.401042 0.477865 0.119792 0.096354 0.016074777402823714 0.11417420402516842 0.0 0.10076444542558666 0.015751717435749754 0.26349040255717393 0.0 0.2697578749080498 0.2607540359295184 0.03284669719632202 0.0 0.1476987386280264 0.12522742411448903
0 0.658203 0.366536 0.102865 0.087240 0.0 0.12472262344510504 0.0 0.14242364301574562 0.11351458370867133 0.34522725933746923 0.0 0.354458125114056 0.3232843677700667 0.03443532330627619 0.0 0.033480217477761205 0.038193662724611006
0 0.905599 0.575521 0.095052 0.091146 0.0 0.2070449176032922 0.0 0.2061501305852824 0.0 0.2664362917796256 0.0 0.2747917667337061 0.0 0.05904388775790592 0.0 0.05453526217720568 0.0
0 0.746745 0.449870 0.102865 0.087240 0.0 0.10440199603218876 0.0 0.19534002052598703 0.0 0.28319532262968394 0.0 0.247064326412252 0.0 0.055937901917078335 0.0 0.05354785619680604 0.0
0 0.794922 0.799479 0.084635 0.091146 0.0 0.29714369347394337 0.0 0.22858908324657382 0.0 0.28765103389966773 0.0 0.26117001987378846 0.0 0.010594092662402075 0.0 0.05616190967353955 0.0
0 0.453776 0.195964 0.095052 0.084635 0.0 0.17134369465676416 0.0 0.11247722784428021 0.0 0.45407503403389826 0.0 0.4446411607887729 0.0 0.047730628035164493 0.0 0.05246582272868253 0.0
0 0.714193 0.072917 0.113281 0.091146 0.0 0.07565736494403788 0.023992084287943957 0.10467892278824348 0.0 0.3490854264368329 0.3434206913855561 0.3352076487874411 0.0 0.05158737024100301 0.037686920869612096 0.05789267960922062 0.0
0 0.213542 0.021484 0.106771 0.040365 0.0 0.04722512884384456 0.0 0.11582178223067076 0.0 0.36415999430727947 0.0 0.4430394007369093 0.0 0.12393679409778469 0.0 0.055574058058973544 0.0
0 0.169271 0.940755 0.091146 0.079427 0.0 0.1710524282282191 0.0 0.1516337681658455 0.0 0.2986330636119627 0.0 0.2882241743916882 0.0 0.0761718393030607 0.0 0.07604413500150176 0.0
