0 0.894531 0.119629 0.085938 0.084961 0.0 0.1729326320015321 0.0 0.1963061073263811 0.0 0.27759910754200495 0.0 0.24815494876123878 0.0 0.021638053204368013 0.0 0.008866188874795474 0.0
0 0.444336 0.816895 0.115234 0.094727 0.0 0.029383696053169123 0.09032140530298338 0.1307979754488961 0.0 0.36821647781952876 0.33938993372947224 0.28430668748123844 0.0 0.9881057605931656 0.7895427917456661 0.02269625951003581 0.0
0 0.560059 0.905762 0.086914 0.075195 0.0 0.13382472949385715 0.0 0.19980784631817106 0.0 0.21936239558025905 0.0 0.21431772812699168 0.0 0.07054896195983855 0.0 0.10758503789673139 0.0
0 0.724609 0.747070 0.083984 0.076172 0.0 0.08194819370461372 0.0 0.2138542980391567 0.0 0.26568863719936364 0.0 0.2705878598603636 0.0 0.0509896148521407 0.0 0.07872399766785192 0.0
0 0.379395 0.772461 0.092773 0.076172 0.0 0.09882276072330308 0.0 0.12640242906045698 0.0 0.27458825600452585 0.0 0.2788694320642088 0.0 0.006395120033650494 0.0 0.043396286114785694 0.0
0 0.375488 0.440430 0.081055 0.078125 0.0 0.12492970624341826 0.0 0.1554477975046646 0.0 0.2513147103829936 0.0 0.2740578106151803 0.0 0.05829066671857015 0.0 0.041071745067258 0.0
0 0.697266 0.589844 0.074219 0.064453 0.010445703781608345 0.05208715199473937 0.0 0.16340338292873752 0.13888973600303167 0.3104261153254248 0.0 0.32775000890276573 0.32584238323012765 0.08803382883462187 0.0 0.05467915149572049 0.041003602549154215
0 0.255371 0.690430 0.069336 0.052734 0.0 0.12358373035153956 0.0 0.22295345246024012 0.0 0.25467143029842915 0.0 0.25705896513344845 0.0 0.10314239700616706 0.0 0.08939093176763321 0.0
0 0.816406 0.947266 0.126953 0.097656 0.0 0.0 0.10166680056086994 0.04526968819884936 0.12897293463106627 0.0 0.21542439701471577 0.22553056771737 0.21140305723985983 0.0 0.04583711001933079 0.04665968796773382 0.06515530323630085
0 0.313965 0.390625 0.084961 0.076172 0.0 0.13169182213719466 0.0 0.1940504201987083 0.0 0.28650722100665243 0.0 0.28424804703423023 0.0 0.04598361742745685 0.0 0.0890419849920363 0.0
0 0.801270 0.183105 0.081055 0.084961 0.0 0.1992651325989978 0.0 0.19430578592871697 0.0 0.27058868805043795 0.0 0.26907862240220964 0.0 0.04674537324739016 0.0 0.04805918037016252 0.0
0 0.644531 0.287598 0.074219 0.065430 0.0 0.21189265067969992 0.0 0.21023342453590965 0.0 0.28078581573375533 0.0 0.33626669503148776 0.0 0.0488350316784602 0.0 0.09119774447607369 0.0
0 0.487793 0.418457 0.090820 0.079102 0.0 0.14964076777784202 0.0 0.19836719564293792 0.0 0.2992059222389157 0.0 0.28122557360919725 0.0 0.04338131535368201 0.0 0.12732868627553337 0.0
0 0.430176 0.504395 0.086914 0.094727 0.0 0.20379446403616694 0.0 0.0557623376220341 0.0 0.19608447589925368 0.0 0.1074150757445524 0.0 0.04278071210569834 0.0 0.07017988636211056 0.0
0 0.685059 0.208984 0.061523 0.052734 0.0 0.15897652630104467 0.0 0.18778165711851907 0.0 0.29504310541751566 0.0 0.27381366712648486 0.0 0.0490550776062208 0.0 0.05219098947207562 0.0
0 0.325684 0.923340 0.077148 0.069336 0.0 0.15142753105502893 0.0187556052814364 0.05329228096233295 0.11713605466236293 0.32659227680711433 0.3966459148217095 0.18411157224256627 0.23133013157106375 0.07734868314449828 0.09040892339996781 0.9938147944468413 0.1904846727152825
0 0.786133 0.792480 0.076172 0.071289 0.0 0.1640141943455094 0.0 0.23524446725882298 0.0 0.2601866072785119 0.0 0.2766719390132731 0.0 0.04205364041551765 0.0 0.050468112199435367 0.0
0 0.429688 0.366699 0.076172 0.077148 0.0 0.1542810296400824 0.0 0.19278982299364364 0.0 0.2770712725811436 0.0 0.2652606763290918 0.0 0.043489839470494396 0.0 0.0994118817539127 0.0
0 0.874512 0.744141 0.083008 0.070312 0.0 0.1892784008098666 0.0 0.09961121666865311 0.0 0.2773434003458079 0.0 0.27470903666104957 0.0 0.05661898087507448 0.0 0.04711251615119889 0.0
0 0.411621 0.245117 0.084961 0.080078 0.0 0.23175827459989168 0.0 0.12310750043822795 0.0 0.3372380437400162 0.0 0.4210110246006144 0.0 0.053558107489524 0.0 0.051112320662033285 0.0
0 0.622559 0.947266 0.102539 0.078125 0.0 0.13818687172913488 0.0 0.2150773005518201 0.0 0.29483881419285596 0.0 0.2730949374325604 0.0 0.03897580539352832 0.0 0.08515166102277855 0.0
0 0.728516 0.126953 0.089844 0.082031 0.0 0.15988111587162637 0.0 0.1434830558991329 0.0 0.26486323775090015 0.0 0.27074544917361054 0.0 0.05142431844731669 0.0 0.05672183340349887 0.0
0 0.540039 0.345215 0.080078 0.079102 0.0 0.1221783079588993 0.0 0.15109369826873115 0.0 0.373226949312633 0.0 0.3598619633189838 0.0 0.04956130846020486 0.0 0.04491683800601215 0.0
0 0.545898 0.467285 0.083984 0.073242 0.0 0.17125823094200424 0.0 0.1394411602051957 0.0 0.2871671922966427 0.0 0.2748963251955555 0.0 0.053306946255544496 0.0 0.04998165094854888 0.0
0 0.609863 0.518555 0.092773 0.082031 0.0 0.09499532572691405 0.06406499270361377 0.09586795527663983 0.0 0.2787849718864592 0.2641403862349399 0.2799727327901568 0.0 0.052506258357342024 0.04404525780446294 0.057996346702623214 0.0
0 0.105957 0.093262 0.083008 0.077148 0.0 0.07941721947687654 0.0 0.1412161335729544 0.0 0.27174821272509697 0.0 0.2701086748114981 0.0 0.052032319119933924 0.0 0.05026366187027962 0.0
0 0.818359 0.696289 0.076172 0.070312 0.0 0.12052461754752626 0.0 0.17741608866095662 0.0 0.28405676032245214 0.0 0.26248384666847663 0.0 0.028797836947329278 0.0 0.05038159646994858 0.0
0 0.237793 0.852051 0.075195 0.071289 0.0 0.1989777156810405 0.0 0.21864651520819944 0.0 0.35705533034224074 0.0 0.20545160439894083 0.0 0.07685413725564962 0.0 0.07296478215969715 0.0
0 0.834473 0.038574 0.108398 0.075195 0.0 0.0 0.16051596860811373 0.0 0.1083827467761691 0.0 0.2866851185573417 0.0 0.28127692200250765 0.0 0.9056124534630043 0.0 0.9073293289771411
0 0.763184 0.647461 0.090820 0.076172 0.0 0.12477039652622776 0.0 0.09615919096626638 0.0 0.28741568746400603 0.0 0.28611137864488184 0.0 0.05356304040392459 0.0 0.04609739825855349 0.0
0 0.940918 0.298828 0.096680 0.103516 0.03632293940526529 0.1727395403844821 0.0 0.18038904251236465 0.0 0.2780897145546153 0.0 0.28724866859218573 0.0 0.06106693584661409 0.0 0.053401748859843695 0.0
0 0.369629 0.317383 0.083008 0.076172 0.0 0.16268320995429514 0.0 0.16115923228989043 0.0 0.4610218281766736 0.0 0.4756282398981122 0.0 0.054649723500873645 0.0 0.04897563997479671 0.0
0 0.692383 0.317871 0.068359 0.065430 0.0 0.15251167581868688 0.0 0.18191077948742077 0.0 0.32437390074311223 0.0 0.3320244951239895 0.0 0.05854685155931294 0.0 0.056812010346636896 0.0
0 0.579102 0.238281 0.062500 0.066406 0.0 0.1910827777702118 0.0 0.13413719973568972 0.0 0.30780979621454774 0.0 0.2952721190005302 0.0 0.0453087188464688 0.0 0.052022815036511676 0.0
0 0.135742 0.275391 0.097656 0.076172 0.0 0.1935732212356949 0.0 0.17520221093305008 0.0 0.3261591944193983 0.0 0.31833658535787784 0.0 0.46679248288383174 0.0 0.4467795935056699 0.0
0 0.748535 0.373535 0.055664 0.057617 0.0 0.0 0.09923905951586574 0.06374393860506952 0.06105110549656712 0.0 0.37511137729738553 0.4242830402180665 0.3616380090220017 0.0 0.08591373042695305 0.024792823981431095 0.052123302299916456
0 0.173340 0.042969 0.079102 0.068359 0.0 0.1836818084863302 0.0 0.21234347068979118 0.0 0.29824294483439306 0.0 0.29400762657169444 0.0 0.04566294004592469 0.0 0.06209992435596708 0.0
0 0.658691 0.448730 0.096680 0.086914 0.0 0.12038617158034005 0.08761201343075697 0.06339373613557028 0.0 0.23860014462668772 0.2222469939091336 0.18106268543622828 0.0 0.05135021089482205 0.05581060015926798 0.017430183620120627 0.0
0 0.949707 0.541016 0.065430 0.064453 0.0 0.1022414013562004 0.09874996603567264 0.0 0.15195074313756612 0.2724455805499705 0.26446937381476743 0.0 0.25604824302163515 0.044994074798703564 0.046465193827398506 0.0 0.09099497134033009
0 0.882812 0.633789 0.070312 0.068359 0.0 0.1268678721588254 0.012926774545118907 0.13120388243173217 0.0 0.24014598358437395 0.3080559625473654 0.21638731513914833 0.0 0.10754425671615242 0.7873710075456546 0.04331553810059777 0.0
0 0.609375 0.641113 0.074219 0.073242 0.0 0.10167404063075286 0.0 0.20053547549494477 0.0 0.2600494712764063 0.0 0.23002208280567815 0.0 0.045067954678225816 0.0 0.06717156748767365 0.0
0 0.180176 0.818359 0.073242 0.066406 0.06892211118533377 0.15627046089050084 0.0 0.12406838186838502 0.0 0.2023057251331379 0.0 0.20795447566041772 0.0 0.05634952991231749 0.0 0.04935494314670481 0.0
0 0.477539 0.292480 0.083984 0.075195 0.0 0.1961751527531975 0.0 0.16101372818409682 0.0 0.37935322789419046 0.0 0.3023754929496956 0.0 0.06037994865055123 0.0 0.05158097768820274 0.0
0 0.724609 0.250000 0.056641 0.052734 0.0 0.1291608969707466 0.0 0.16423105879633887 0.0 0.4817691245290805 0.0 0.4708802800467276 0.0 0.05421672402526634 0.0 0.043540478997263675 0.0
0 0.867188 0.483398 0.117188 0.095703 0.0 0.11893218810697054 0.0 0.18141248875238256 0.018709485009347868 0.33804899968857444 0.0 0.3361196980893658 0.2895083036946721 0.04783854502405076 0.0 0.052438849447956196 0.20406897755187992
0 0.946777 0.967773 0.106445 0.064453 0.0 0.08476935582036382 0.0 0.04378869858912661 0.07854980163246474 0.25001007706028944 0.0 0.24013665364100428 0.28532604004037754 0.0665456363053125 0.0 0.018125193313664707 0.06885453369077968
0 0.291992 0.718750 0.072266 0.064453 0.0 0.06113237829202038 0.0 0.1525856458115835 0.0 0.306466272177413 0.0 0.3534015615949819 0.0 0.05134664401825546 0.0 0.08166705029021967 0.0
0 0.079102 0.722656 0.138672 0.105469 0.0 0.07970452414295957 0.017962420144930286 0.08180580546833191 0.021910190945786674 0.40771991206251085 0.36992562636094684 0.19634373435612992 0.3767523488003671 0.07301884441938143 0.0499799926835128 0.08571765603200024 0.11313253684652098
0 0.668945 0.976562 0.087891 0.046875 0.0 0.0 0.17634260070942553 0.0 0.07594579251547456 0.0 0.3061963743794093 0.0 0.29509131463248955 0.0 0.869285257561393 0.0 0.8635939847259048
0 0.527344 0.183105 0.083984 0.069336 0.0 0.14648943093741135 0.0 0.16097750337914704 0.0 0.29913578465110363 0.0 0.30095295580592396 0.0 0.044356628421664365 0.0 0.045854395306082554 0.0
0 0.664062 0.695801 0.078125 0.073242 0.0 0.07356337341211319 0.0 0.18620040778069077 0.0 0.2793932844740445 0.0 0.2963667162259298 0.0 0.0481168372872334 0.0 0.059242173207233705 0.0
0 0.950684 0.798828 0.096680 0.089844 0.0 0.12161870484197224 0.03228631557358709 0.09076810824131412 0.0 0.1280264128459709 0.4080561990836432 0.38861102017579163 0.0 0.15173080699632682 0.03819474543440214 0.050290375499033264 0.0
0 0.211914 0.652344 0.087891 0.066406 0.0 0.10562202372819912 0.0 0.1027168949752206 0.0 0.2810730501812263 0.0 0.290084753463124 0.0 0.1272817274618169 0.0 0.12141009968674502 0.0
0 0.330566 0.023438 0.106445 0.044922 0.0 0.07294018405052688 0.0 0.2610881856519214 0.0 0.28068508987224433 0.0 0.29289605358450266 0.0 0.03426293692072417 0.0 0.3546114221684449 0.0
0 0.501465 0.865234 0.110352 0.085938 0.0 0.08939632561545485 0.0 0.20026877687238429 0.0 0.21594002896135028 0.0 0.2916326785617645 0.0 0.11098569295756965 0.0 0.21148891119059637 0.0
0 0.490234 0.543945 0.076172 0.078125 0.0 0.12468593024818843 0.0 0.23492579580944226 0.0 0.2853081759832596 0.0 0.28109471712448336 0.0 0.044323274331217515 0.0 0.07633297611240267 0.0
0 0.047363 0.041992 0.088867 0.074219 0.0 0.10145827864461293 0.0 0.1335293826544622 0.01752001851975609 0.2850182118880409 0.0 0.2914360427788465 0.28224101858698053 0.06624664275828045 0.0 0.06714773771656944 0.33805778825388366
0 0.646484 0.048340 0.119141 0.079102 0.0 0.21941218343822635 0.0 0.21042140702969062 0.0 0.2738215760492294 0.0 0.2793918556545473 0.0 0.05042244353256196 0.0 0.05156200494050817 0.0
0 0.550293 0.588867 0.086914 0.072266 0.0 0.08436786388885072 0.0 0.11561266645378615 0.0 0.2671139893609973 0.0 0.26421921887605887 0.0 0.041938475837012136 0.0 0.08325744009401972 0.0
0 0.309082 0.262207 0.077148 0.071289 0.0 0.10115202934271642 0.0 0.17951943312617477 0.0 0.33183152170291597 0.0 0.34047915983050053 0.0 0.056231403808036554 0.0 0.04766970780549021 0.0
0 0.380371 0.946777 0.067383 0.059570 0.0 0.17353144892717878 0.0 0.15383135900882877 0.0 0.2986330636119627 0.0 0.2882241743916882 0.0 0.0761718393030607 0.0 0.07604413500150176 0.0
0 0.253418 0.340820 0.075195 0.068359 0.0 0.08708365017912795 0.0 0.1541112238314711 0.0 0.2863135096198545 0.0 0.2741261802152762 0.0 0.042063392407832606 0.0 0.050179422870516216 0.0
0 0.114746 0.587402 0.106445 0.086914 0.0 0.09564015100170464 0.0 0.12894655540327563 0.0 0.2811283679508954 0.0 0.29272408091367197 0.0 0.14887408587369755 0.0 0.11689762137508998 0.0
0 0.043945 0.267578 0.085938 0.072266 0.0 0.1786564467850495 0.0 0.21125021428669824 0.0 0.31807405218608337 0.0 0.3100465451854116 0.0 0.45224068896612885 0.0 0.44801107661302364 0.0
0 0.344238 0.193848 0.108398 0.086914 0.0 0.18118734526124897 0.0 0.13729636499994927 0.0 0.3057150184675279 0.0 0.2723850461381827 0.0 0.1977548217949105 0.0 0.04777671410248716 0.0
0 0.599609 0.138184 0.060547 0.051758 0.0 0.1850230699080061 0.0 0.13824621080294305 0.0 0.3331757806860466 0.0 0.2584275931165997 0.0 0.03580048839388483 0.0 0.07000169431576385 0.0
0 0.147461 0.773438 0.080078 0.058594 0.0 0.16924264580988357 0.0 0.043514169706396544 0.02921036142118115 0.2940587357424114 0.0 0.32860725727586865 0.21793829461389613 0.03799024704179088 0.0 0.0016111619384076904 0.9755527759989566
0 0.639160 0.180664 0.055664 0.046875 0.0 0.16310528918798323 0.0 0.22935017556504364 0.0 0.4080167417842641 0.0 0.3797784191775505 0.0 0.07321847234298344 0.0 0.051484747911896354 0.0
0 0.128418 0.015625 0.073242 0.029297 0.0 0.14920034333268514 0.0 0.23944757800006605 0.0 0.30178053838662305 0.0 0.2864287913252773 0.0 0.05878815123144848 0.0 0.04427176458439956 0.0
0 0.433594 0.102051 0.070312 0.067383 0.0 0.1657350816928488 0.0 0.1774962466255278 0.011941388347310927 0.29581373522898396 0.0 0.25883712657443114 0.2663411414102632 0.28435427821273185 0.0 0.04576833492254037 0.025774709211730674
0 0.958984 0.151855 0.066406 0.061523 0.021752473583226854 0.17203126235685787 0.0 0.14603206285026707 0.0 0.1700490749946946 0.0 0.16692134210617174 0.0 0.08675297863776758 0.0 0.17258825179170573 0.0
0 0.847656 0.845703 0.076172 0.068359 0.0 0.24761974456161945 0.0 0.19049090270547817 0.0 0.28765103389966773 0.0 0.26117001987378846 0.0 0.010594092662402075 0.0 0.05616190967353955 0.0
0 0.337891 0.735840 0.083984 0.073242 0.0 0.0 0.07731161257562909 0.13439582807018882 0.0 0.0 0.18367891099133588 0.31071359757534994 0.0 0.0 0.979702968430213 0.02611059514529883 0.0
0 0.205078 0.294922 0.070312 0.070312 0.0 0.10822901679310165 0.0 0.06135959941723375 0.0 0.36679661118793755 0.0 0.39490665166003547 0.0 0.06931569541420196 0.0 0.05777611104738582 0.0
0 0.167969 0.145508 0.087891 0.083984 0.0 0.05973930433327046 0.0 0.20313401851888035 0.0 0.2790296080661525 0.0 0.27367396928565846 0.0 0.05092730834871209 0.0 0.4497032053405643 0.0
0 0.895996 0.890137 0.065430 0.069336 0.0 0.1279702068981095 0.13595905207566045 0.08075410263918145 0.0 0.23991938964226997 0.2772569762729419 0.2834494297695176 0.0 0.038186121688988724 0.05541262780362912 0.027156372998218596 0.0
0 0.580078 0.012207 0.082031 0.022461 0.0 0.0 0.0 0.26979391454907686 0.0 0.0 0.0 0.2988208366785835 0.0 0.0 0.0 0.43564401441032813 0.0
0 0.980469 0.178711 0.039062 0.054688 0.0 0.1336075045806455 0.0 0.26413130470608875 0.0 0.27915976039644347 0.0 0.2771378657866191 0.0 0.10899074648299047 0.0 0.10298923127720216 0.0
0 0.966797 0.041016 0.066406 0.060547 0.0 0.05392804391870916 0.0 0.17005465831514807 0.0 0.2008362283034513 0.0 0.22003808918014794 0.0 0.0572526327025747 0.0 0.04722711154727348 0.0
0 0.235352 0.092773 0.082031 0.080078 0.0 0.11435318030295569 0.0362059346388474 0.04928982100290283 0.08774441510391014 0.2845745862840602 0.26243640194955126 0.25054802602884074 0.27798526136320467 0.023264321245748062 0.3086958687490424 0.8572970334846332 0.9774084625054585
0 0.591309 0.392578 0.065430 0.066406 0.0 0.17845167496627434 0.0 0.1171432059089354 0.0 0.45407503403389826 0.0 0.4446411607887729 0.0 0.047730628035164493 0.0 0.05246582272868252 0.0
0 0.020996 0.665039 0.040039 0.085938 0.0 0.08817438840829736 0.0 0.06390040838650882 0.0 0.342216209966208 0.0 0.3204543859401731 0.0 0.09861337445852235 0.0 0.06019399801357016 0.0
0 0.987793 0.562988 0.024414 0.051758 0.0 0.0 0.0 0.15308514378080126 0.09274874100771306 0.0 0.0 0.32628867250213167 0.30608817334679017 0.0 0.0 0.06108617250115553 0.014515218255955474
0 0.499023 0.069336 0.093750 0.062500 0.0 0.2124493546130881 0.0 0.11133960208231625 0.0 0.2784119930060559 0.0 0.28088153180076064 0.0 0.35592098426614394 0.0 0.0503715788591658 0.0
0 0.827637 0.595703 0.049805 0.050781 0.0 0.11334788285134792 0.0 0.18645203379300224 0.0 0.29874736425417875 0.0 0.25973547552852727 0.0 0.03107756436480255 0.0 0.04615067373407934 0.0
0 0.174316 0.618652 0.063477 0.057617 0.0 0.10636362369649736 0.0 0.12335457991811301 0.0 0.1669434458059068 0.0 0.25072571281102873 0.0 0.16277909332476706 0.0 0.0815159413762952 0.0
0 0.803223 0.575684 0.059570 0.065430 0.0 0.06975150751496571 0.08632374047498104 0.12755263136152659 0.0 0.2670002358443512 0.30827252397081645 0.24585675860896675 0.0 0.064207358988454 0.8000131944079082 0.06002627892395114 0.0
0 0.885742 0.237305 0.064453 0.072266 0.0 0.09797844938390173 0.025684655412470416 0.027811037904544682 0.02216895928779096 0.11041065908691328 0.15642559504279188 0.2960720768470312 0.23368806586062846 0.08948387799541556 0.006089403295261617 0.07605916141767592 0.04612806581044235
0 0.981934 0.728516 0.036133 0.066406 0.0 0.11584147437133908 0.0 0.19434834354110933 0.0 0.35640470295980436 0.0 0.32664381978070084 0.0 0.04911457614299069 0.0 0.03814963835834501 0.0
0 0.851074 0.222656 0.057617 0.064453 0.0 0.11420087580447784 0.084687998374705 0.05117519338538435 0.02126289910126646 0.29835746781794786 0.14697234298726286 0.297954987128004 0.16666115252429625 0.06554398906353008 0.4964551661917683 0.057044066550342144 0.08963864755314685
0 0.282227 0.892090 0.076172 0.071289 0.0 0.18717812941092896 0.0 0.14289410533434463 0.0 0.1520679533232745 0.0 0.1552808529708152 0.0 0.06085339459651928 0.0 0.0781602793883533 0.0
0 0.431152 0.978027 0.073242 0.043945 0.08570958179431425 0.3094019719947435 0.0 0.05293433584184974 0.0 0.354781113195316 0.0 0.18472979439632004 0.0 0.07205520839930328 0.0 0.06691308277308426 0.0
0 0.940430 0.700195 0.074219 0.076172 0.0 0.178474954276792 0.0 0.17770363820694887 0.0 0.2664362917796256 0.0 0.2747917667337061 0.0 0.05904388775790592 0.0 0.05453526217720568 0.0
0 0.749023 0.526367 0.074219 0.064453 0.0 0.13161021648623225 0.0 0.15028874451402344 0.11978323197169005 0.34522725933746923 0.0 0.354458125114056 0.3232843677700667 0.03443532330627619 0.0 0.033480217477761205 0.038193662724611006
0 0.558594 0.110840 0.042969 0.047852 0.0 0.22650201627597544 0.0 0.2337342572489473 0.0 0.406393898696272 0.0 0.39522052883059006 0.0 0.049623045781202774 0.0 0.04191094764328006 0.0
0 0.479980 0.138672 0.059570 0.048828 0.0 0.12691103453731778 0.0 0.16042096353573895 0.0 0.30244568232706026 0.0 0.30325790541065956 0.0 0.05664330393761882 0.0 0.052649826402318925 0.0
0 0.787598 0.309082 0.055664 0.057617 0.0 0.13700664659803471 0.04344686093178077 0.18956129639619473 0.0 0.3490854264368329 0.3434206913855561 0.3352076487874411 0.0 0.05158737024100301 0.037686920869612096 0.05789267960922062 0.0
0 0.044922 0.161133 0.087891 0.074219 0.0 0.07226183671537122 0.0 0.08954204030864432 0.0 0.3891977250053701 0.0 0.39321634253952065 0.0 0.09136665758562496 0.0 0.42805015232762444 0.0
0 0.377930 0.641113 0.083984 0.073242 0.0 0.13144974217658892 0.0 0.19929289995075658 0.0 0.12584031367304818 0.0 0.1214032555432884 0.0 0.9816758205085155 0.0 0.9830695408445769 0.0
0 0.268555 0.220703 0.060547 0.058594 0.0 0.0 0.0 0.06751102101001503 0.23227810096054324 0.0 0.0 0.2589253339069296 0.20547624991171856 0.0 0.0 0.04958773168546631 0.0006361220805078776
