0 0.546224 0.890137 0.170573 0.100586 0.0 0.07731801410196297 0.12533806951543483 0.041813806327889294 0.10865642728038824 0.4229055022465979 0.20476862083390082 0.4410580329791135 0.26743441562681325 0.7199553417451239 0.6414429164774715 0.7116909853078752 0.7293060908002288
0 0.329427 0.952637 0.135417 0.090820 0.0 0.12199545848342985 0.14378592483076041 0.09320257916220248 0.0463892336054963 0.2981999987247434 0.43140621340658086 0.25457164045689434 0.42005345795949034 0.7319674436564437 0.731357878363728 0.7567214354823244 0.7001138009763261
0 0.500000 0.755371 0.135417 0.069336 0.0 0.1467753811284605 0.0 0.2401388642543298 0.0 0.27976374333840454 0.0 0.29299809287247547 0.0 0.7280744635025087 0.0 0.7308797942125352 0.0
0 0.384115 0.785645 0.111979 0.083008 0.0 0.16926766408813057 0.0 0.22361734360141658 0.0 0.26167105528764373 0.0 0.24997556970894025 0.0 0.7314812100785295 0.0 0.7600114617145285 0.0
0 0.638672 0.723633 0.128906 0.082031 0.0 0.12442469277356952 0.012116102734175837 0.14109604344657967 0.0 0.3547842700027512 0.46373881839752573 0.3511169688819163 0.0 0.467858220067326 0.694950977949052 0.6392871851156365 0.0
0 0.260417 0.485840 0.184896 0.166992 0.0502398329197394 0.03452583076255122 0.034608068924956915 0.07131005482344834 0.09308462610032277 0.292531891192681 0.28189692149622486 0.2780903095792216 0.2841288553249154 0.4459369555991425 0.41910462591098263 0.33282008804274 0.44440489610485306
0 0.664714 0.854004 0.097656 0.090820 0.0 0.15521654018948214 0.0 0.14203057170711683 0.0 0.2813747374362411 0.0 0.2661346444237328 0.0 0.7193701463152352 0.0 0.7310240629860036 0.0
0 0.397135 0.527344 0.093750 0.078125 0.0 0.17419201626244174 0.0 0.14674348887633967 0.0 0.28093973713426895 0.0 0.24869011074671132 0.0 0.31892480685033636 0.0 0.32661197732413394 0.0
0 0.293620 0.807129 0.110677 0.100586 0.0 0.16265534239575355 0.0 0.17642841199253123 0.0 0.21502319327155392 0.0 0.23920806196701036 0.0 0.6577317112783814 0.0 0.7462292783343046 0.0
0 0.459635 0.666504 0.091146 0.071289 0.0 0.19337219460356742 0.0 0.20668272527407458 0.0 0.26615249625099285 0.0 0.2715756798442335 0.0 0.32544300815726107 0.0 0.3590533268249437 0.0
0 0.203776 0.629883 0.162760 0.085938 0.0 0.16769014323990586 0.0 0.1747940085900081 0.0 0.30738230739790695 0.0 0.30332095644995444 0.0 0.3579493203461766 0.0 0.35855707563624656 0.0
0 0.552083 0.964844 0.111979 0.054688 0.0 0.0 0.2704408625723256 0.0 0.2198146663854225 0.0 0.29615269836496433 0.0 0.2870116939942897 0.0 0.7083664750345849 0.0 0.7458149615881127
0 0.309245 0.161621 0.175781 0.295898 0.0 0.047759861652559174 0.18379831731441099 0.04927146152851084 0.1794565697433418 0.24725610281182694 0.24463024221476667 0.24518826474109956 0.2447834701089954 0.4465060621389861 0.44395195985860425 0.44576844034673113 0.4472501386533652
0 0.688151 0.268066 0.423177 0.305664 0.38049963831110395 0.0 0.0 0.0 0.0 0.0 0.0 0.0 0.0 0.0 0.0 0.0 0.0
0 0.574219 0.562500 0.093750 0.068359 0.0 0.2181946076520125 0.0 0.1625482796601022 0.0 0.24975671968893978 0.0 0.2561277200054404 0.0 0.30035670991868435 0.0 0.37763569126286145 0.0
0 0.546224 0.683594 0.089844 0.068359 0.0 0.21239558543456546 0.0 0.21178926037554444 0.0 0.2682529254705518 0.0 0.2745374243157614 0.0 0.3317008274748267 0.0 0.32939611421181275 0.0
0 0.666016 0.583496 0.102865 0.067383 0.0 0.24763319568398975 0.0 0.14963557929199472 0.0 0.2748966055207248 0.0 0.2314700378464803 0.0 0.3676560816306355 0.0 0.30332103225439055 0.0
0 0.222005 0.967285 0.100260 0.065430 0.0 0.24516497313391422 0.0 0.22281840694227395 0.0 0.21410626202808633 0.0 0.19585333701300633 0.0 0.6097959258634164 0.0 0.5997122420343133 0.0
0 0.098958 0.976562 0.143229 0.046875 0.0 0.27628005383286525 0.0 0.04907078957398068 0.0 0.25628708832553737 0.0 0.2504390587933323 0.0 0.7433330302173266 0.0 0.7637477269725069 0.0
0 0.484375 0.544922 0.088542 0.068359 0.0 0.22167153325751984 0.0 0.1506073843552671 0.0 0.3098824782308777 0.0 0.25226184065544394 0.0 0.33565922566281237 0.0 0.3458991413934067 0.0
0 0.184245 0.833008 0.131510 0.115234 0.0 0.09424331883050423 0.0202473756945762 0.15382507272124218 0.02065075192247077 0.32002116273183134 0.19355454202519423 0.3145002982885836 0.2173781799450082 0.7232225236236991 0.724049974379516 0.7222907554402531 0.7351351260198992
0 0.721354 0.979980 0.072917 0.040039 0.0 0.0 0.3840956321848757 0.0 0.0 0.0 0.0888742882147491 0.0 0.0 0.0 0.6855182590322921 0.0 0.0
0 0.509115 0.037109 0.106771 0.072266 0.10659062275898484 0.0 0.0 0.0 0.29562840839937776 0.0 0.0 0.0 0.22240723050570768 0.0 0.0 0.0 0.44389566755673304
0 0.929688 0.099609 0.140625 0.197266 0.45218260038262514 0.0 0.0 0.0 0.0 0.0 0.0 0.0 0.0 0.0 0.0 0.0 0.0
0 0.352214 0.647949 0.141927 0.094727 0.0 0.1108383017117482 0.0 0.1294599666271053 0.0 0.27059135664670825 0.0 0.2739202046904701 0.0 0.2975667294247156 0.0 0.40185576973269943 0.0
0 0.062500 0.608887 0.122396 0.069336 0.0 0.11352218593183877 0.0 0.07838326641814071 0.0 0.4062035076633135 0.0 0.4091563628005564 0.0 0.4546812029932373 0.0 0.4419757148741813 0.0
0 0.062500 0.856934 0.122396 0.120117 0.0 0.19510563528619493 0.0 0.1428970058301257 0.0 0.08389247151441544 0.0 0.28364742953505684 0.0 0.728331050942329 0.0 0.730681187489669 0.0
0 0.814453 0.675293 0.115885 0.067383 0.0 0.14453337701926788 0.0 0.20492277743779652 0.06952773194466637 0.27846283725015425 0.0 0.26639297356815583 0.2483633639057601 0.692251411452635 0.0 0.7806397713728289 0.7225578639002562
0 0.914062 0.647949 0.117188 0.063477 0.0 0.1407532737760117 0.0 0.24362025909954563 0.0 0.2949248430772331 0.0 0.2738543429316628 0.0 0.7331927795935439 0.0 0.7123394733835078 0.0
0 0.979818 0.625977 0.040365 0.078125 0.0 0.21783469909157788 0.0 0.1929111777262984 0.0 0.24028032843605615 0.0 0.3145163831077088 0.0 0.7366556096117497 0.0 0.6928031591915114 0.0
0 0.905599 0.778809 0.115885 0.067383 0.0 0.14743016307348625 0.0 0.21480664106907957 0.0 0.23974486564329978 0.0 0.24413804488446675 0.0 0.721457148561628 0.0 0.7263046299424976 0.0
0 0.981120 0.759766 0.037760 0.070312 0.0 0.13682943795520922 0.0 0.21481537140735046 0.0 0.29178897233678114 0.0 0.2864803530235299 0.0 0.7348730820203578 0.0 0.738077371668904 0.0
0 0.960286 0.870117 0.079427 0.060547 0.0 0.21325607446217135 0.0 0.20276015556105367 0.0 0.18781762880243208 0.0 0.19318180223739445 0.0 0.7172969562291641 0.0 0.8061208545454324 0.0
0 0.780599 0.973633 0.063802 0.052734 0.03674262649225692 0.0 0.46462232236614887 0.0 0.0 0.0 0.15311870745229167 0.0 0.0 0.0 0.7376769227381037 0.0 0.0
0 0.854167 0.893555 0.132812 0.062500 0.016606719997368832 0.0 0.0 0.0 0.0 0.0 0.0 0.0 0.0 0.0 0.0 0.0 0.0
