0 0.294434 0.356120 0.086914 0.092448 0.0 0.18411311623108753 0.0 0.21770238889618274 0.0 0.31807405218608337 0.0 0.3100465451854116 0.0 0.45224068896612885 0.0 0.44801107661302364 0.0
0 0.385742 0.367839 0.097656 0.100260 0.0 0.1960871591738208 0.0 0.177477564321791 0.0 0.3261591944193983 0.0 0.31833658535787784 0.0 0.46679248288383174 0.0 0.4467795935056699 0.0
0 0.056641 0.561198 0.080078 0.114583 0.0 0.23003026136122082 0.0 0.25670510922810547 0.0 0.343163294742846 0.0 0.33658962797334985 0.0 0.23154357273212967 0.0 0.28316301906594077 0.0
0 0.670898 0.654948 0.072266 0.093750 0.0 0.33020976126580875 0.0 0.0903521510305969 0.0 0.19608447589925368 0.0 0.1074150757445524 0.0 0.04278071210569834 0.0 0.07017988636211056 0.0
0 0.555664 0.518229 0.074219 0.088542 0.0 0.17292196304624669 0.0 0.25480382187856704 0.0 0.28650722100665243 0.0 0.28424804703423023 0.0 0.04598361742745685 0.0 0.0890419849920363 0.0
0 0.124023 0.339844 0.085938 0.106771 0.10216452643608301 0.10008230572713316 0.0 0.0943229234114349 0.0 0.23724190551443572 0.0 0.23332334034639027 0.0 0.467335407031857 0.0 0.4456450990845307 0.0
0 0.224609 0.634766 0.107422 0.136719 0.3555385360822968 0.0 0.0 0.0 0.0 0.0 0.0 0.0 0.0 0.0 0.0 0.0 0.0
0 0.662109 0.325521 0.085938 0.106771 0.0 0.22912465784307473 0.0 0.1217085515696117 0.0 0.3372380437400162 0.0 0.4210110246006144 0.0 0.053558107489524 0.0 0.051112320662033285 0.0
0 0.206543 0.350911 0.092773 0.097656 0.0 0.16755682214648598 0.0 0.19751446133179476 0.0 0.31242285164444367 0.0 0.29717154035288534 0.0 0.45023936764832434 0.0 0.454981815897957 0.0
0 0.619141 0.587891 0.068359 0.082031 0.0 0.18810277765448916 0.0 0.23405291959886007 0.0 0.25131471038299363 0.0 0.2740578106151803 0.0 0.05829066671857015 0.0 0.041071745067258 0.0
0 0.789551 0.460286 0.079102 0.105469 0.0 0.12368668213123137 0.0 0.15295905256834508 0.0 0.373226949312633 0.0 0.3598619633189838 0.0 0.04956130846020486 0.0 0.04491683800601215 0.0
0 0.620605 0.423177 0.083008 0.101562 0.0 0.16268320995429514 0.0 0.16115923228989043 0.0 0.4610218281766736 0.0 0.4756282398981122 0.0 0.054649723500873645 0.0 0.04897563997479671 0.0
0 0.680176 0.487630 0.077148 0.102865 0.0 0.15232810521425855 0.0 0.19034944548739496 0.0 0.2770712725811436 0.0 0.2652606763290918 0.0 0.043489839470494396 0.0 0.0994118817539127 0.0
0 0.737793 0.557943 0.090820 0.105469 0.0 0.14964076777784202 0.0 0.19836719564293792 0.0 0.2992059222389157 0.0 0.28122557360919725 0.0 0.04338131535368201 0.0 0.12732868627553337 0.0
0 0.897949 0.377604 0.065430 0.070312 0.0 0.2982192861417999 0.0 0.29588407897646546 0.0 0.28078581573375533 0.0 0.33626669503148776 0.0 0.0488350316784602 0.0 0.09119774447607369 0.0
0 0.133789 0.587891 0.089844 0.113281 0.0 0.17145847228186423 0.0 0.19567402101023107 0.0 0.2843899123955554 0.0 0.3211751443990792 0.0 0.2894479349502521 0.0 0.28074998912316634 0.0
0 0.859863 0.691406 0.092773 0.109375 0.0 0.09499532572691405 0.06406499270361377 0.09586795527663983 0.0 0.2787849718864592 0.2641403862349399 0.2799727327901568 0.0 0.052506258357342024 0.04404525780446294 0.057996346702623214 0.0
0 0.837402 0.311198 0.065430 0.072917 0.0 0.22163972517482988 0.0 0.1555877114205015 0.0 0.30780979621454774 0.0 0.2952721190005302 0.0 0.0453087188464688 0.0 0.052022815036511676 0.0
0 0.500977 0.455078 0.056641 0.074219 0.0 0.14197848592422857 0.0 0.25125816589583466 0.0 0.2863135096198545 0.0 0.2741261802152762 0.0 0.042063392407832606 0.0 0.050179422870516216 0.0
0 0.557617 0.354167 0.080078 0.101562 0.0 0.06613051529636386 0.0 0.15087542362529224 0.0 0.35169391623660223 0.0 0.3340465030632066 0.0 0.06785096134669273 0.0 0.045877162603315785 0.0
0 0.796875 0.624349 0.085938 0.097656 0.0 0.16736599842059507 0.0 0.1362720429278049 0.0 0.2871671922966427 0.0 0.2748963251955555 0.0 0.053306946255544496 0.0 0.04998165094854888 0.0
0 0.727539 0.389974 0.085938 0.100260 0.0 0.19171662655426117 0.0 0.15735432527082188 0.0 0.37935322789419046 0.0 0.3023754929496956 0.0 0.06037994865055123 0.0 0.05158097768820274 0.0
0 0.936035 0.281250 0.071289 0.085938 0.0 0.11225366178417476 0.0 0.1325930256366131 0.0 0.29504310541751566 0.0 0.27381366712648486 0.0 0.0490550776062208 0.0 0.05219098947207562 0.0
0 0.445312 0.397786 0.050781 0.084635 0.0 0.16599385297498195 0.0 0.09410892407660941 0.0 0.36679661118793755 0.0 0.39490665166003547 0.0 0.06931569541420196 0.0 0.05777611104738582 0.0
0 0.905273 0.593750 0.076172 0.096354 0.0 0.18377036690824258 0.13374037601150376 0.09677099949593031 0.0 0.23860014462668772 0.2222469939091336 0.18106268543622828 0.0 0.05135021089482205 0.05581060015926798 0.017430183620120627 0.0
0 0.769531 0.251302 0.072266 0.088542 0.0 0.17775525940060288 0.0 0.195335579418337 0.0 0.29913578465110363 0.0 0.30095295580592396 0.0 0.044356628421664365 0.0 0.045854395306082554 0.0
0 0.950684 0.424479 0.059570 0.078125 0.0 0.10492817201115343 0.0350611699555763 0.13344931475902647 0.0 0.3585286602784026 0.37162208172344885 0.3400411493660384 0.0 0.06935713189516667 0.977909778154617 0.05325042770333539 0.0
0 0.595215 0.258464 0.108398 0.115885 0.0 0.18118734526124897 0.0 0.13729636499994927 0.0 0.3057150184675279 0.0 0.2723850461381827 0.0 0.1977548217949105 0.0 0.04777671410248716 0.0
0 0.590820 0.031901 0.115234 0.061198 0.0 0.0659433975530728 0.0 0.2360433037971031 0.0 0.28068508987224433 0.0 0.29289605358450266 0.0 0.03426293692072417 0.0 0.3546114221684449 0.0
0 0.981934 0.505859 0.036133 0.082031 0.0 0.0 0.05852982952827415 0.08907829214699797 0.10680511044529586 0.0 0.3600797404398923 0.4194079304349852 0.36279286513836073 0.0 0.046227882699236035 0.026408087829148347 0.05796478364207442
0 0.742188 0.727865 0.064453 0.088542 0.0 0.17336011692261497 0.0 0.32663479631259357 0.0 0.2853081759832596 0.0 0.28109471712448336 0.0 0.044323274331217515 0.0 0.07633297611240267 0.0
0 0.940918 0.795573 0.065430 0.119792 0.008500267710666363 0.042386300195589345 0.0 0.1329706957771816 0.11302253663063057 0.3104261153254248 0.0 0.32775000890276573 0.32584238323012765 0.08803382883462187 0.0 0.05467915149572049 0.041003602549154215
0 0.859375 0.858724 0.060547 0.079427 0.0 0.15323692004106063 0.0 0.3022348520151203 0.0 0.2600494712764063 0.0 0.23002208280567815 0.0 0.045067954678225816 0.0 0.06717156748767365 0.0
0 0.362793 0.785156 0.081055 0.091146 0.0 0.15969106796343147 0.0 0.2153030178945227 0.0 0.2811283679508954 0.0 0.29272408091367197 0.0 0.14887408587369755 0.0 0.11689762137508998 0.0
0 0.035156 0.333984 0.068359 0.089844 0.052984581805724365 0.13921041387905528 0.0 0.11284745396327833 0.0 0.23302476411804715 0.0 0.23846898104026235 0.0 0.45303633011344446 0.0 0.4556049568232342 0.0
0 0.794922 0.793620 0.070312 0.087240 0.0 0.11518382080679326 0.0 0.1578410077248415 0.0 0.2671139893609973 0.0 0.26421921887605887 0.0 0.041938475837012136 0.0 0.08325744009401972 0.0
0 0.039551 0.025391 0.077148 0.048177 0.10445500022203233 0.0 0.09796365111102615 0.0 0.06632034587169273 0.0 0.3123279927681193 0.0 0.30133024648518214 0.0 0.47851571822830896 0.0 0.49376045017529135
0 0.232910 0.871745 0.118164 0.139323 0.0 0.14544427121708672 0.0 0.15582440947734633 0.0 0.3372722750303063 0.0 0.3126734652255785 0.0 0.07565039230542563 0.0 0.07840477065523684 0.0
0 0.349609 0.120443 0.066406 0.082031 0.0 0.12448334005304058 0.0 0.2213506855607817 0.0 0.27174821272509697 0.0 0.2701086748114981 0.0 0.052032319119933924 0.0 0.05026366187027962 0.0
0 0.438965 0.853516 0.084961 0.079427 0.0 0.14426614669021828 0.0 0.1744336669878775 0.0 0.28045568581862856 0.0 0.2923180952923603 0.0 0.08994248725268655 0.0 0.1184609757851149 0.0
0 0.972168 0.326172 0.053711 0.082031 0.0 0.11674803154758392 0.0 0.14844781418474268 0.0 0.4817691245290805 0.0 0.4708802800467276 0.0 0.054216724025266345 0.0 0.043540478997263675 0.0
0 0.841797 0.522786 0.066406 0.087240 0.0 0.17845167496627434 0.0 0.1171432059089354 0.0 0.45407503403389826 0.0 0.4446411607887729 0.0 0.047730628035164493 0.0 0.05246582272868252 0.0
0 0.501953 0.914714 0.060547 0.076823 0.0 0.12952980376375142 0.0 0.2336805731909679 0.0 0.25467143029842915 0.0 0.25705896513344845 0.0 0.10314239700616706 0.0 0.08939093176763321 0.0
0 0.985352 0.854818 0.029297 0.082031 0.0 0.385100590784676 0.0 0.4148933072199774 0.0 0.287524819397921 0.0 0.3014832665843614 0.0 0.05627542235982285 0.0 0.03322640956486267 0.0
0 0.511230 0.296224 0.079102 0.079427 0.0 0.0 0.0 0.05082796967359966 0.17487847309719104 0.0 0.0 0.2589253339069297 0.20547624991171856 0.0 0.0 0.04958773168546632 0.0006361220805078776
0 0.685059 0.133464 0.071289 0.084635 0.0 0.17352410660697004 0.0 0.18583800911182766 0.012502595850250936 0.29581373522898396 0.0 0.25883712657443114 0.2663411414102632 0.28435427821273185 0.0 0.04576833492254037 0.025774709211730674
0 0.263184 0.190104 0.127930 0.098958 0.0 0.08814922916640973 0.0 0.1264979060080293 0.05038516067016053 0.3562815086255793 0.0 0.3449822962945312 0.3326065964275127 0.10111519686050723 0.0 0.40872474430007855 0.34593588022455796
0 0.891113 0.232422 0.059570 0.076823 0.0 0.1239944626891698 0.0 0.1743545652531146 0.0 0.40801674178426417 0.0 0.3797784191775505 0.0 0.07321847234298345 0.0 0.051484747911896354 0.0
0 0.855469 0.177734 0.070312 0.082031 0.0 0.13403567189543827 0.0 0.10014926117691154 0.0 0.3331757806860466 0.0 0.2584275931165997 0.0 0.03580048839388483 0.0 0.07000169431576385 0.0
0 0.151855 0.775391 0.051758 0.084635 0.0 0.14890222314503299 0.0 0.11290808741412994 0.0 0.2669781506399101 0.0 0.270064058863542 0.0 0.29275258442471835 0.0 0.2599550228491176 0.0
0 0.155762 0.063151 0.077148 0.123698 0.0 0.0 0.20852028005240705 0.0 0.19700809154179946 0.0 0.3648218715156158 0.0 0.316283122803693 0.0 0.3206699492739827 0.0 0.3230339523735419
0 0.969727 0.149089 0.060547 0.102865 0.0 0.0 0.24276414616066597 0.24302243044224853 0.0 0.0 0.32400887594323186 0.2653982872769615 0.0 0.0 0.976263892292121 0.049686283212441 0.0
0 0.914551 0.934245 0.067383 0.084635 0.0 0.09841253968175677 0.0 0.2490975354925629 0.0 0.2793932844740445 0.0 0.2963667162259298 0.0 0.0481168372872334 0.0 0.059242173207233705 0.0
0 0.422852 0.196615 0.097656 0.085938 0.0 0.07005791144538082 0.0 0.23822080353577788 0.0 0.2790296080661525 0.0 0.27367396928565846 0.0 0.05092730834871209 0.0 0.44970320534056435 0.0
0 0.541016 0.960938 0.058594 0.065104 0.0 0.09952351185940918 0.0 0.2484094313812579 0.0 0.306466272177413 0.0 0.3534015615949819 0.0 0.05134664401825546 0.0 0.08166705029021967 0.0
0 0.329102 0.944661 0.126953 0.095052 0.0 0.12471628238627631 0.03226940768314964 0.09417115370091753 0.03297092442716436 0.3982327009280063 0.36972103664423944 0.1972659312703611 0.37348734319161253 0.07689036341479931 0.062053422406880214 0.08795082432663119 0.11491278199162278
0 0.638184 0.857422 0.088867 0.108073 0.0 0.11225352006341832 0.0 0.17018922344530385 0.0 0.12584031367304818 0.0 0.1214032555432884 0.0 0.9816758205085155 0.0 0.9830695408445769 0.0
0 0.062012 0.747396 0.122070 0.127604 0.0 0.14597470805510357 0.011530418720438081 0.16506085533912407 0.01183209342894811 0.21711492768542753 0.4541575624319125 0.1636444570417372 0.44642071138982187 0.2315579340484653 0.2239383354178448 0.19429737183541929 0.32661580209068775
0 0.062500 0.156901 0.123047 0.058594 0.0 0.0 0.0 0.28956234886822396 0.0 0.0 0.0 0.16046213745465202 0.0 0.0 0.0 0.43735643685374853 0.0
0 0.290039 0.059245 0.074219 0.092448 0.0 0.13003807544591234 0.0 0.17114329326135294 0.022455235004194427 0.2850182118880409 0.0 0.2914360427788465 0.28224101858698053 0.06624664275828045 0.0 0.06714773771656944 0.33805778825388366
0 0.363281 0.017578 0.072266 0.032552 0.0 0.0652801365028218 0.0 0.3245691744275918 0.0 0.3001718046551374 0.0 0.2800287000820281 0.0 0.09615037029832034 0.0 0.04952387649217624 0.0
0 0.421875 0.062500 0.083984 0.101562 0.0 0.15525877372055638 0.0 0.1794853128818002 0.0 0.29824294483439306 0.0 0.29400762657169444 0.0 0.04566294004592469 0.0 0.06209992435596708 0.0
0 0.478516 0.126302 0.083984 0.101562 0.0 0.11742169140231941 0.03717747134650877 0.05061244589564618 0.09009891640365726 0.2845745862840602 0.26243640194955126 0.25054802602884074 0.27798526136320467 0.023264321245748062 0.3086958687490424 0.8572970334846332 0.9774084625054585
0 0.750488 0.081380 0.077148 0.092448 0.0 0.23271328841911448 0.0 0.12195944289423265 0.0 0.2784119930060559 0.0 0.28088153180076064 0.0 0.35592098426614394 0.0 0.0503715788591658 0.0
0 0.806152 0.140625 0.047852 0.059896 0.0 0.21665410252484604 0.0 0.22357189823812348 0.0 0.406393898696272 0.0 0.39522052883059006 0.0 0.049623045781202774 0.0 0.04191094764328006 0.0
0 0.727051 0.184896 0.047852 0.059896 0.0 0.1717296607536909 0.0 0.21707361969121733 0.0 0.30244568232706026 0.0 0.30325790541065956 0.0 0.05664330393761882 0.0 0.052649826402318925 0.0
0 0.977539 0.701172 0.044922 0.074219 0.0 0.06793881031666357 0.0 0.14588377207875122 0.20739263854634862 0.33559464264861516 0.0 0.35212890574239525 0.32016147899696706 0.04396002210385896 0.0 0.04258774349903768 0.04001975174470924
0 0.968750 0.973958 0.062500 0.052083 0.0 0.14953963024312578 0.0 0.1663509043589731 0.0 0.2913953441212799 0.0 0.2764023496340044 0.0 0.05305969340759004 0.0 0.04362061988352524 0.0
0 0.907227 0.072266 0.123047 0.110677 0.0 0.1869741355398332 0.0 0.20624306551061272 0.0 0.2737869025360203 0.0 0.28666786522731996 0.0 0.05159484550359465 0.0 0.05049194197053958 0.0
0 0.821289 0.018229 0.076172 0.033854 0.0 0.0 0.0 0.2570226049846235 0.0 0.0 0.0 0.29882083667858356 0.0 0.0 0.0 0.43564401441032813 0.0
