0 0.085449 0.628255 0.124023 0.105469 0.0 0.11882459242309984 0.026778621108452503 0.12195721130187015 0.03266401169870559 0.40771991206251085 0.36992562636094684 0.19634373435612992 0.37675234880036723 0.07301884441938143 0.0499799926835128 0.08571765603200024 0.113132536846521
0 0.721191 0.660807 0.073242 0.082031 0.0 0.11634041976096274 0.0 0.3036052129622568 0.0 0.26568863719936364 0.0 0.2705878598603636 0.0 0.0509896148521407 0.0 0.07872399766785192 0.0
0 0.441406 0.768229 0.117188 0.127604 0.0 0.02849071953179688 0.10948725924171504 0.15451041562490225 0.0 0.3671592539538202 0.34332110602558247 0.28223562254511964 0.0 0.9915890052878906 0.7637578869715379 0.02346533877074377 0.0
0 0.692383 0.454427 0.083984 0.109375 0.0072529969779273895 0.03616682646810807 0.0 0.1134594918010171 0.09643838812170638 0.3104261153254248 0.0 0.32775000890276573 0.32584238323012765 0.08803382883462187 0.0 0.05467915149572049 0.041003602549154215
0 0.422852 0.331380 0.076172 0.097656 0.0 0.30074489026055196 0.0 0.08228995909248212 0.0 0.1960844758992537 0.0 0.1074150757445524 0.0 0.04278071210569834 0.0 0.07017988636211056 0.0
0 0.876953 0.306641 0.121094 0.131510 0.0 0.20578976592527248 0.010911181055038239 0.17683944171697794 0.025901509785830654 0.3191812688274961 0.31302962870193823 0.3340904320053829 0.3262239006157515 0.05187469353208824 0.044109385691670396 0.05168798398519969 0.08137806498895182
0 0.378906 0.694661 0.076172 0.084635 0.0 0.1444332656725199 0.0 0.18474201170374485 0.0 0.27458825600452585 0.0 0.2788694320642088 0.0 0.006395120033650494 0.0 0.043396286114785694 0.0
0 0.873047 0.523438 0.074219 0.093750 0.0 0.19675554354784186 0.0 0.2677066002923566 0.0 0.231483268059015 0.0 0.18300972911885063 0.0 0.04959796380875064 0.0 0.06795096796296289 0.0
0 0.775879 0.735026 0.077148 0.095052 0.0 0.09230135751848795 0.0 0.21691516414932194 0.0 0.27088116636600107 0.0 0.2722918423606087 0.0 0.04132091289955682 0.0 0.04672319536850801 0.0
0 0.260254 0.580729 0.063477 0.067708 0.0 0.14018343851118426 0.0 0.2529004546546038 0.0 0.25467143029842915 0.0 0.25705896513344845 0.0 0.10314239700616706 0.0 0.08939093176763321 0.0
0 0.761230 0.528646 0.090820 0.104167 0.0 0.12165113661307204 0.0 0.0937552111921097 0.0 0.28741568746400603 0.0 0.28611137864488184 0.0 0.05356304040392459 0.0 0.04609739825855349 0.0
0 0.950195 0.390625 0.074219 0.104167 0.0 0.07436044026268389 0.07182111016607637 0.0 0.11051417535432849 0.2724455805499705 0.26446937381476743 0.0 0.25604824302163515 0.044994074798703564 0.046465193827398506 0.0 0.09099497134033009
0 0.365234 0.252604 0.062500 0.083333 0.0 0.2025227659805413 0.0 0.25199545298607734 0.0 0.2513147103829936 0.0 0.2740578106151803 0.0 0.05829066671857015 0.0 0.041071745067258 0.0
0 0.117188 0.441406 0.099609 0.098958 0.0 0.11968590104070391 0.0 0.16136616795242217 0.0 0.28112836795089535 0.0 0.29272408091367197 0.0 0.14887408587369752 0.0 0.11689762137508998 0.0
0 0.237793 0.788411 0.090820 0.113281 0.0 0.1520970381052826 0.0 0.06297436344926907 0.0 0.35561764972990845 0.0 0.20685793803188202 0.0 0.08093828681535413 0.0 0.07721543655316844 0.0
0 0.185547 0.749349 0.074219 0.089844 0.09180687210047223 0.15777999236009868 0.0 0.032997965097054875 0.0 0.19773813247405161 0.0 0.20761244463432907 0.0 0.05336849384906538 0.0 0.05053353023348595 0.0
0 0.874023 0.659505 0.082031 0.095052 0.0 0.1889079929804931 0.0 0.09941628278084752 0.0 0.2773434003458079 0.0 0.27470903666104957 0.0 0.05661898087507448 0.0 0.04711251615119889 0.0
0 0.543945 0.294271 0.068359 0.083333 0.0 0.2465659798160552 0.0 0.20075792038471257 0.0 0.2871671922966427 0.0 0.2748963251955555 0.0 0.053306946255544496 0.0 0.04998165094854888 0.0
0 0.486816 0.225260 0.069336 0.080729 0.0 0.25607539838039156 0.0 0.3394593559241824 0.0 0.2992059222389157 0.0 0.28122557360919725 0.0 0.04338131535368201 0.0 0.12732868627553337 0.0
0 0.599609 0.525391 0.076172 0.082031 0.0 0.11793692136656314 0.0 0.23261135741171857 0.0 0.2600494712764063 0.0 0.23002208280567815 0.0 0.045067954678225816 0.0 0.06717156748767365 0.0
0 0.192871 0.515625 0.088867 0.104167 0.0 0.10516764292376211 0.0 0.1271592679539376 0.0 0.28045568581862856 0.0 0.2923180952923603 0.0 0.08994248725268655 0.0 0.1184609757851149 0.0
0 0.810547 0.602214 0.062500 0.082031 0.0 0.16787357444119727 0.0 0.2471152663491896 0.0 0.28405676032245214 0.0 0.26248384666847663 0.0 0.028797836947329278 0.0 0.05038159646994858 0.0
0 0.604492 0.356771 0.076172 0.093750 0.0 0.13498267437691847 0.09103252168355375 0.13622262875847327 0.0 0.2787849718864592 0.2641403862349399 0.2799727327901568 0.0 0.052506258357342024 0.04404525780446294 0.057996346702623214 0.0
0 0.482910 0.399089 0.067383 0.084635 0.0 0.1734760768670448 0.0 0.32685328112618056 0.0 0.2853081759832596 0.0 0.28109471712448336 0.0 0.044323274331217515 0.0 0.07633297611240267 0.0
0 0.659668 0.600260 0.067383 0.083333 0.0 0.09995023561428422 0.0 0.25298968448463416 0.0 0.2793932844740445 0.0 0.2963667162259298 0.0 0.0481168372872334 0.0 0.059242173207233705 0.0
0 0.547363 0.457031 0.084961 0.078125 0.0 0.10644573784903653 0.0 0.14586686231123286 0.0 0.2671139893609973 0.0 0.2642192188760589 0.0 0.041938475837012136 0.0 0.08325744009401974 0.0
0 0.557129 0.883464 0.069336 0.089844 0.0 0.18720164752427085 0.0 0.27950258640915004 0.0 0.21936239558025905 0.0 0.21431772812699168 0.0 0.07054896195983855 0.0 0.10758503789673139 0.0
0 0.287109 0.635417 0.052734 0.067708 0.0 0.10632853831133457 0.0 0.26539469164664303 0.0 0.306466272177413 0.0 0.3534015615949819 0.0 0.05134664401825546 0.0 0.08166705029021967 0.0
0 0.311523 0.184896 0.064453 0.088542 0.0 0.19912226047749623 0.0 0.29341046155713785 0.0 0.28650722100665243 0.0 0.28424804703423023 0.0 0.04598361742745685 0.0 0.0890419849920363 0.0
0 0.658691 0.265625 0.096680 0.114583 0.0 0.12175419625738935 0.08860760449247011 0.0641141195007472 0.0 0.23860014462668772 0.2222469939091336 0.18106268543622828 0.0 0.05135021089482205 0.05581060015926798 0.017430183620120627 0.0
0 0.746582 0.167969 0.079102 0.088542 0.0 0.0 0.060592040151026955 0.03891991022673362 0.037275756678459546 0.0 0.37511137729738553 0.4242830402180665 0.3616380090220017 0.0 0.08591373042695305 0.024792823981431095 0.052123302299916456
0 0.950684 0.731771 0.096680 0.117188 0.0 0.12432134272734938 0.033003789253000126 0.0927851773133433 0.0 0.1280264128459709 0.4080561990836432 0.38861102017579163 0.0 0.15173080699632682 0.03819474543440214 0.050290375499033264 0.0
0 0.835449 0.796875 0.073242 0.096354 0.0 0.243604289244404 0.0 0.18740186103998394 0.0 0.28765103389966773 0.0 0.26117001987378846 0.0 0.010594092662402075 0.0 0.05616190967353955 0.0
0 0.017090 0.568359 0.032227 0.082031 0.0 0.1530222190366219 0.0 0.1108959468294968 0.0 0.342216209966208 0.0 0.3204543859401731 0.0 0.09861337445852235 0.0 0.06019399801357016 0.0
0 0.387695 0.523438 0.083984 0.109375 0.0 0.11736584122909725 0.0 0.17794008924174695 0.0 0.12584031367304818 0.0 0.1214032555432884 0.0 0.9816758205085155 0.0 0.9830695408445769 0.0
0 0.146484 0.698568 0.082031 0.079427 0.0 0.16250464820152757 0.0 0.0417817554557906 0.028047419631579095 0.2940587357424114 0.0 0.32860725727586865 0.21793829461389613 0.03799024704179088 0.0 0.0016111619384076904 0.9755527759989566
0 0.504395 0.817708 0.083008 0.101562 0.0 0.13408100481449212 0.0 0.3003729588565594 0.0 0.21594002896135028 0.0 0.2916326785617645 0.0 0.11098569295756965 0.0 0.21148891119059637 0.0
0 0.430176 0.153646 0.077148 0.101562 0.0 0.1542810296400824 0.0 0.19278982299364364 0.0 0.2770712725811436 0.0 0.2652606763290918 0.0 0.043489839470494396 0.0 0.0994118817539127 0.0
0 0.337891 0.652995 0.070312 0.082031 0.0 0.0 0.10993384063333499 0.1911051788035092 0.0 0.0 0.18367891099133588 0.31071359757534994 0.0 0.0 0.979702968430213 0.02611059514529883 0.0
0 0.042969 0.034505 0.083984 0.066406 0.0 0.2652555361295582 0.0 0.3136482889728634 0.0 0.31807405218608337 0.0 0.3100465451854116 0.0 0.45224068896612885 0.0 0.44801107661302364 0.0
0 0.321777 0.897786 0.088867 0.095052 0.0 0.1278574471906755 0.01583624718102917 0.0449972006499662 0.09890352711142461 0.32659227680711433 0.3966459148217095 0.18411157224256627 0.23133013157106375 0.07734868314449828 0.09040892339996781 0.9938147944468413 0.1904846727152825
0 0.802734 0.434245 0.058594 0.087240 0.0 0.07091403264021515 0.08776246948289738 0.12967850855088536 0.0 0.2670002358443512 0.30827252397081645 0.24585675860896675 0.0 0.064207358988454 0.8000131944079082 0.06002627892395114 0.0
0 0.537109 0.119792 0.074219 0.085938 0.0 0.16178395563457118 0.0 0.20007263634388203 0.0 0.373226949312633 0.0 0.3598619633189838 0.0 0.04956130846020486 0.0 0.04491683800601215 0.0
0 0.988281 0.422526 0.023438 0.063802 0.0 0.0 0.0 0.17248113563738238 0.10450006958777194 0.0 0.0 0.32628867250213167 0.30608817334679017 0.0 0.0 0.06108617250115553 0.014515218255955474
0 0.829590 0.458984 0.051758 0.074219 0.0 0.11910869025282338 0.0 0.06264315523003226 0.0 0.2801755199724045 0.0 0.26083796862420877 0.0 0.04710285775944961 0.0 0.05468279426327772 0.0
0 0.588379 0.194010 0.059570 0.080729 0.0 0.21497245667539555 0.0 0.14111698734032513 0.0 0.45407503403389826 0.0 0.4446411607887729 0.0 0.047730628035164493 0.0 0.05246582272868253 0.0
0 0.813965 0.929036 0.135742 0.126302 0.0 0.0 0.09802480214279528 0.0436479972250272 0.12435275162826236 0.0 0.2154243970147158 0.22553056771737 0.21140305723985983 0.0 0.045837110019330794 0.04665968796773382 0.06515530323630085
0 0.280273 0.843099 0.085938 0.097656 0.0 0.1614836771008833 0.0 0.12327864178390278 0.0 0.1520679533232745 0.0 0.1552808529708152 0.0 0.06085339459651928 0.0 0.0781602793883533 0.0
0 0.626953 0.930339 0.078125 0.097656 0.0 0.19346162042078888 0.0 0.3011082207725482 0.0 0.29483881419285596 0.0 0.2730949374325604 0.0 0.03897580539352832 0.0 0.08515166102277855 0.0
0 0.895020 0.853516 0.065430 0.095052 0.0 0.12446417383240788 0.132234146539341 0.07854166147098471 0.0 0.23991938964226997 0.2772569762729419 0.2834494297695176 0.0 0.038186121688988724 0.05541262780362912 0.027156372998218596 0.0
0 0.982422 0.626953 0.035156 0.063802 0.0 0.1652251414502773 0.0 0.27719979158131014 0.0 0.35640470295980436 0.0 0.32664381978070084 0.0 0.04911457614299069 0.0 0.03814963835834501 0.0
0 0.933594 0.067057 0.101562 0.131510 0.0417540474745849 0.13515744680820238 0.0 0.12130518952761972 0.0 0.2901859616177251 0.0 0.3010772017858694 0.0 0.043956620478072084 0.0 0.04348840810830486 0.0
0 0.953125 0.957682 0.093750 0.084635 0.0 0.11428694390344675 0.0 0.02958925161994121 0.07730812939473984 0.2639347259374425 0.0 0.2391101131681832 0.28049118864201467 0.06115464388441217 0.0 0.02002110204527854 0.06350467418688102
0 0.989746 0.136068 0.020508 0.108073 0.0 0.09412147050583525 0.0 0.3117925728047551 0.0 0.2497756753611459 0.0 0.2385911193891902 0.0 0.04246743604273422 0.0 0.0635723613590402 0.0
0 0.130859 0.039062 0.101562 0.075521 0.0 0.25031019987374337 0.0 0.226554583103082 0.0 0.3261591944193983 0.0 0.31833658535787784 0.0 0.46679248288383174 0.0 0.4467795935056699 0.0
0 0.195801 0.063151 0.067383 0.092448 0.0 0.11452525475718288 0.0 0.06492920256765457 0.0 0.36679661118793755 0.0 0.39490665166003547 0.0 0.06931569541420196 0.0 0.05777611104738582 0.0
0 0.247559 0.116536 0.067383 0.092448 0.0 0.09581156857838326 0.0 0.1695569496737353 0.0 0.2863135096198545 0.0 0.2741261802152762 0.0 0.042063392407832606 0.0 0.050179422870516216 0.0
0 0.373047 0.945312 0.072266 0.080729 0.0 0.15919657117142447 0.0 0.14112384264781172 0.0 0.2986330636119627 0.0 0.2882241743916882 0.0 0.0761718393030607 0.0 0.07604413500150176 0.0
0 0.434082 0.970703 0.075195 0.058594 0.08348335889056581 0.3013655571377371 0.0 0.051559418027775715 0.0 0.354781113195316 0.0 0.18472979439632004 0.0 0.07205520839930328 0.0 0.06691308277308426 0.0
0 0.662109 0.970052 0.085938 0.059896 0.0 0.0 0.1881917082669759 0.0 0.08104886948291753 0.0 0.3061963743794093 0.0 0.29509131463248955 0.0 0.869285257561393 0.0 0.8635939847259048
0 0.930664 0.586589 0.068359 0.084635 0.0 0.23252736900062046 0.0 0.23152245434962487 0.0 0.2664362917796256 0.0 0.2747917667337061 0.0 0.05904388775790592 0.0 0.05453526217720568 0.0
0 0.371582 0.088542 0.077148 0.101562 0.0 0.17503889678626694 0.0 0.17339917398279353 0.0 0.4610218281766736 0.0 0.4756282398981122 0.0 0.054649723500873645 0.0 0.04897563997479671 0.0
0 0.299316 0.029948 0.077148 0.057292 0.0 0.16782041231859768 0.0 0.29783905950479 0.0 0.33183152170291597 0.0 0.34047915983050053 0.0 0.056231403808036554 0.0 0.04766970780549021 0.0
0 0.413574 0.019531 0.071289 0.036458 0.0 0.05873105553867558 0.0 0.14404059218706708 0.0 0.36415999430727947 0.0 0.4430394007369093 0.0 0.12393679409778469 0.0 0.055574058058973544 0.0
0 0.470703 0.055990 0.074219 0.085938 0.0 0.25898561832768613 0.0 0.2125663692254962 0.0 0.37935322789419046 0.0 0.3023754929496956 0.0 0.06037994865055123 0.0 0.05158097768820274 0.0
0 0.781738 0.078776 0.079102 0.087240 0.0 0.08490019393941232 0.026923123883099077 0.11746722678835503 0.0 0.3490854264368329 0.3434206913855561 0.3352076487874411 0.0 0.05158737024100301 0.037686920869612096 0.05789267960922062 0.0
0 0.702637 0.095703 0.079102 0.087240 0.0 0.07076416243980495 0.02364545458585024 0.0899989850779504 0.0 0.3585286602784026 0.37162208172344885 0.3400411493660384 0.0 0.06935713189516667 0.977909778154617 0.05325042770333539 0.0
0 0.646973 0.051432 0.079102 0.087240 0.0 0.19881285742786658 0.0 0.19725605265097698 0.0 0.28078581573375533 0.0 0.33626669503148776 0.0 0.0488350316784602 0.0 0.09119774447607369 0.0
0 0.723145 0.020182 0.055664 0.037760 0.0 0.048498712785077475 0.0 0.17784729190079077 0.0 0.5031534556029051 0.0 0.4774291628382803 0.0 0.11972412314519774 0.0 0.03232075492065607 0.0
0 0.746094 0.372396 0.083984 0.109375 0.0 0.09138383802532406 0.0 0.10435331429711263 0.08317174578765191 0.34522725933746923 0.0 0.354458125114056 0.3232843677700667 0.03443532330627619 0.0 0.033480217477761205 0.038193662724611006
