0 0.297852 0.820312 0.087891 0.111979 0.0 0.16425911845655278 0.0 0.2459915009155351 0.0 0.2873832447974281 0.0 0.3257427360961691 0.0 0.6490980486035222 0.0 0.6007895068777764 0.0
0 0.140625 0.858724 0.085938 0.123698 0.0 0.2163574607681299 0.0 0.17424599587795303 0.0 0.2858760898423504 0.0 0.28316418195109416 0.0 0.6372209784030287 0.0 0.6507998484166465 0.0
0 0.220215 0.841146 0.084961 0.132812 0.0 0.17932153692307465 0.0 0.190687116342265 0.0 0.2520284399775417 0.0 0.2570121212308415 0.0 0.6372125328648198 0.0 0.642661753911567 0.0
0 0.041016 0.694010 0.080078 0.117188 0.0 0.14406334245887104 0.0 0.10971313344070643 0.0 0.2526089567869787 0.0 0.26578775879836447 0.0 0.6588243138726112 0.0 0.6519351017476935 0.0
0 0.673828 0.503906 0.187500 0.135417 0.4151944317643497 0.0 0.0 0.0 0.0 0.0 0.0 0.0 0.0 0.0 0.0 0.0 0.0
0 0.124512 0.662760 0.104492 0.114583 0.0 0.13023386724563119 0.0 0.06276299063863561 0.0 0.3164750972975592 0.0 0.3089757650537365 0.0 0.6574763842450512 0.0 0.6522345494585668 0.0
0 0.049805 0.871094 0.097656 0.091146 0.0 0.23479002278105432 0.0 0.24471479180358177 0.0 0.29494267438580746 0.0 0.3074544651222462 0.0 0.6604611307617093 0.0 0.6620699641111312 0.0
0 0.416992 0.775391 0.171875 0.126302 0.0 0.14334137844552214 0.03497389504743277 0.17804884243457586 0.0 0.2953553172966769 0.286142296273967 0.26592145699352665 0.0 0.6431333202923408 0.6397624802729182 0.6489191178831883 0.0
0 0.044434 0.309245 0.057617 0.095052 0.14899408476802922 0.0 0.0 0.10577972398428488 0.0 0.0 0.0 0.3023729207126989 0.0 0.0 0.0 0.8980992175484555 0.0
0 0.975098 0.437500 0.049805 0.151042 0.0 0.16122840877652406 0.0 0.17750066675615647 0.0 0.26868872154613194 0.0 0.264563106084907 0.0 0.6425358305219463 0.0 0.6567121360532003 0.0
0 0.534180 0.544922 0.111328 0.110677 0.382289357252797 0.0 0.005717460966309936 0.0 0.0 0.0 0.11524576575538291 0.0 0.0 0.0 0.6415597971211379 0.0 0.0
0 0.860840 0.475260 0.184570 0.171875 0.24953993478294215 0.0 0.0 0.0 0.0 0.0 0.0 0.0 0.0 0.0 0.0 0.0 0.0
0 0.711914 0.151042 0.228516 0.218750 0.15943332154725695 0.001117721572423674 0.0 0.06052602960545839 0.0 0.1256997651449287 0.0 0.10070191584285029 0.0 0.8749721767828715 0.0 0.835450825206329 0.0
0 0.391602 0.346354 0.121094 0.177083 0.181155429048015 0.0 0.0 0.07358278628673288 0.0 0.0 0.0 0.08930248400224552 0.0 0.0 0.0 0.8429424043609711 0.0
0 0.153809 0.121745 0.067383 0.095052 0.0 0.0 0.0 0.0 0.2900359514993353 0.0 0.0 0.0 0.1616972208967708 0.0 0.0 0.0 0.2706186253369193
0 0.648438 0.781901 0.232422 0.342448 0.0 0.10234177672810583 0.0 0.1052955712261534 0.0 0.1202576383888273 0.0 0.12633189046088447 0.0 0.6335247717899543 0.0 0.6528150670255861 0.0
0 0.237793 0.421875 0.194336 0.184896 0.25548294719793446 0.0 0.0 0.0 0.0 0.0 0.0 0.0 0.0 0.0 0.0 0.0 0.0
0 0.358887 0.606771 0.229492 0.161458 0.18837669294293227 0.0 0.0 0.0 0.0 0.0 0.0 0.0 0.0 0.0 0.0 0.0 0.0
0 0.962891 0.072266 0.074219 0.141927 0.08964309579574874 0.0 0.07347049266313652 0.0 0.256358954550282 0.0 0.2921008255333627 0.0 0.28792207308177453 0.0 0.6462568355553393 0.0 0.6307359881202176
0 0.123535 0.203125 0.069336 0.083333 0.0 0.0 0.0 0.0 0.4899410670650935 0.0 0.0 0.0 0.1588005906609166 0.0 0.0 0.0 0.1532702076808012
0 0.073730 0.272135 0.069336 0.083333 0.0 0.0 0.0 0.0 0.4605691384331729 0.0 0.0 0.0 0.1590403543386006 0.0 0.0 0.0 0.03386575130252759
0 0.508789 0.250651 0.166016 0.199219 0.2199595631509426 0.0 0.0 0.0 0.0 0.0 0.0 0.0 0.0 0.0 0.0 0.0 0.0
