0 0.335286 0.955078 0.139323 0.089844 0.0 0.1198638840361371 0.1412736148885732 0.09157409037554068 0.04557869437549372 0.2981999987247434 0.43140621340658086 0.25457164045689434 0.42005345795949034 0.7319674436564437 0.731357878363728 0.7567214354823244 0.7001138009763261
0 0.658203 0.857422 0.084635 0.076172 0.0 0.21353754789381418 0.0 0.19539708829529384 0.0 0.2813747374362411 0.0 0.2661346444237328 0.0 0.7193701463152352 0.0 0.7310240629860036 0.0
0 0.669271 0.582520 0.093750 0.061523 0.0 0.2975856590990802 0.0 0.1798200050089645 0.0 0.2748966055207248 0.0 0.2314700378464803 0.0 0.3676560816306355 0.0 0.30332103225439055 0.0
0 0.393229 0.533203 0.096354 0.070312 0.0 0.1883156932566938 0.0 0.1586416095960429 0.0 0.28093973713426895 0.0 0.24869011074671132 0.0 0.31892480685033636 0.0 0.32661197732413394 0.0
0 0.916016 0.779297 0.115885 0.080078 0.0 0.12405708843988476 0.0 0.18075192968007914 0.0 0.23974486564329978 0.0 0.24413804488446675 0.0 0.721457148561628 0.0 0.7263046299424976 0.0
0 0.316406 0.158691 0.166667 0.295898 0.0 0.050371729086683505 0.19384978779254286 0.051965994580851285 0.1892706009011808 0.24725610281182694 0.24463024221476665 0.24518826474109956 0.2447834701089954 0.4465060621389861 0.44395195985860425 0.44576844034673113 0.4472501386533652
0 0.544922 0.958008 0.097656 0.048828 0.0 0.0 0.3473181851062187 0.0 0.28230064888325196 0.0 0.29615269836496433 0.0 0.2870116939942897 0.0 0.7083664750345849 0.0 0.7458149615881127
0 0.814453 0.673340 0.113281 0.065430 0.0 0.1522695948319307 0.0 0.2158913666573183 0.0732492368969285 0.27846283725015425 0.0 0.26639297356815583 0.2483633639057601 0.692251411452635 0.0 0.7806397713728289 0.7225578639002562
0 0.916016 0.654297 0.097656 0.068359 0.0 0.15683936220755593 0.0 0.27146257442520805 0.0 0.2949248430772331 0.0 0.2738543429316628 0.0 0.7331927795935439 0.0 0.7123394733835078 0.0
0 0.854167 0.894531 0.130208 0.070312 0.01505675946428107 0.0 0.0 0.0 0.0 0.0 0.0 0.0 0.0 0.0 0.0 0.0 0.0
0 0.722005 0.976562 0.087240 0.046875 0.0 0.0 0.2742175284503963 0.0 0.0 0.0 0.0888742882147491 0.0 0.0 0.0 0.6855182590322921 0.0 0.0
0 0.643880 0.723633 0.118490 0.085938 0.0 0.12921025788024526 0.01258210668549029 0.14652281434837117 0.0 0.3547842700027512 0.46373881839752573 0.3511169688819163 0.0 0.467858220067326 0.694950977949052 0.6392871851156365 0.0
0 0.980469 0.761719 0.039062 0.066406 0.0 0.14004895414239063 0.0 0.21986985073458226 0.0 0.29178897233678114 0.0 0.2864803530235299 0.0 0.7348730820203578 0.0 0.738077371668904 0.0
0 0.537109 0.886719 0.147135 0.091797 0.0 0.09821615178664905 0.1592154558436982 0.053115579813802515 0.1380249645353303 0.4229055022465979 0.20476862083390082 0.4410580329791135 0.26743441562681325 0.7199553417451239 0.6414429164774715 0.7116909853078752 0.7293060908002288
0 0.488281 0.545898 0.088542 0.076172 0.0 0.19893599138495371 0.0 0.1351604731393423 0.0 0.3098824782308777 0.0 0.25226184065544394 0.0 0.33565922566281237 0.0 0.3458991413934067 0.0
0 0.573568 0.566406 0.087240 0.060547 0.0 0.2647329856923791 0.0 0.1972179416193825 0.0 0.24975671968893978 0.0 0.2561277200054404 0.0 0.30035670991868435 0.0 0.37763569126286145 0.0
0 0.214844 0.968750 0.096354 0.062500 0.0 0.2670620980569814 0.0 0.24271962867719415 0.0 0.21410626202808633 0.0 0.19585333701300636 0.0 0.6097959258634164 0.0 0.5997122420343134 0.0
0 0.266276 0.480469 0.152344 0.162109 0.06281143151874742 0.04316528795058536 0.04326810470784698 0.08915409078483022 0.11637734996231273 0.292531891192681 0.28189692149622486 0.2780903095792216 0.2841288553249154 0.4459369555991425 0.41910462591098263 0.33282008804274 0.44440489610485306
0 0.957031 0.862305 0.085938 0.064453 0.0 0.18515483783653172 0.0 0.17604198997518483 0.0 0.18781762880243208 0.0 0.19318180223739445 0.0 0.7172969562291641 0.0 0.8061208545454324 0.0
0 0.510417 0.036621 0.109375 0.071289 0.10547813093632094 0.0 0.0 0.0 0.29254291946631183 0.0 0.0 0.0 0.22240723050570768 0.0 0.0 0.0 0.44389566755673304
0 0.980469 0.631348 0.039062 0.069336 0.0 0.2536291332146071 0.0 0.2246101975404789 0.0 0.24028032843605615 0.0 0.3145163831077088 0.0 0.7366556096117497 0.0 0.6928031591915114 0.0
0 0.548828 0.686035 0.092448 0.073242 0.0 0.19265177045050727 0.0 0.1921018080026065 0.0 0.2682529254705518 0.0 0.2745374243157614 0.0 0.3317008274748267 0.0 0.32939611421181275 0.0
0 0.691406 0.264160 0.414062 0.313477 0.3791838173474897 0.0 0.0 0.0 0.0 0.0 0.0 0.0 0.0 0.0 0.0 0.0 0.0
0 0.932292 0.120117 0.135417 0.238281 0.42375167164696814 0.0 0.0 0.0 0.0 0.0 0.0 0.0 0.0 0.0 0.0 0.0 0.0
0 0.104167 0.980957 0.119792 0.038086 0.0 0.4065659655065576 0.0 0.07221119535970402 0.0 0.25628708832553737 0.0 0.2504390587933323 0.0 0.7433330302173266 0.0 0.7637477269725069 0.0
0 0.460286 0.666504 0.092448 0.073242 0.0 0.1855646787651135 0.0 0.19833778894845466 0.0 0.26615249625099285 0.0 0.2715756798442335 0.0 0.32544300815726107 0.0 0.3590533268249437 0.0
0 0.348307 0.651367 0.136719 0.074219 0.0 0.14685380501232 0.0 0.17152634425418348 0.0 0.27059135664670825 0.0 0.2739202046904701 0.0 0.2975667294247156 0.0 0.40185576973269943 0.0
0 0.201823 0.626465 0.166667 0.090820 0.0 0.15495560951268186 0.0 0.1615200012172454 0.0 0.30738230739790695 0.0 0.30332095644995444 0.0 0.3579493203461766 0.0 0.35855707563624656 0.0
0 0.063802 0.608887 0.119792 0.063477 0.0 0.12669683426573447 0.0 0.08747991974492832 0.0 0.4062035076633136 0.0 0.4091563628005564 0.0 0.45468120299323733 0.0 0.44197571487418125 0.0
0 0.388021 0.779785 0.111979 0.083008 0.0 0.16926766408813057 0.0 0.22361734360141658 0.0 0.26167105528764373 0.0 0.24997556970894025 0.0 0.7314812100785295 0.0 0.7600114617145285 0.0
0 0.503906 0.762207 0.138021 0.073242 0.0 0.1363257124845978 0.0 0.22304218536527942 0.0 0.27976374333840454 0.0 0.29299809287247547 0.0 0.7280744635025087 0.0 0.7308797942125352 0.0
0 0.295573 0.808105 0.111979 0.083008 0.0 0.19480814263677462 0.0 0.2113037957584967 0.0 0.21502319327155392 0.0 0.23920806196701036 0.0 0.6577317112783814 0.0 0.7462292783343046 0.0
0 0.194010 0.827637 0.111979 0.083008 0.0 0.15365141912748964 0.033010700893017664 0.25079168490995407 0.03366835313433743 0.32002116273183134 0.19355454202519423 0.3145002982885836 0.2173781799450082 0.7232225236236991 0.724049974379516 0.7222907554402531 0.7351351260198992
0 0.078125 0.861816 0.111979 0.083008 0.0 0.308592524648288 0.0 0.226015756690549 0.0 0.08389247151441544 0.0 0.28364742953505684 0.0 0.728331050942329 0.0 0.730681187489669 0.0
