0 0.821289 0.810547 0.105469 0.095703 0.0 0.1556163337879409 0.0 0.1503139988642562 0.0 0.25615679112559625 0.0 0.2591192667975584 0.0 0.07421396557747657 0.0 0.05073646274282611 0.0
0 0.460938 0.503906 0.083984 0.076172 0.0 0.08194819370461372 0.0 0.2138542980391567 0.0 0.26568863719936364 0.0 0.2705878598603636 0.0 0.0509896148521407 0.0 0.07872399766785192 0.0
0 0.192871 0.564453 0.104492 0.080078 0.0 0.038332093118825364 0.11782753648255617 0.17063068463506553 0.0 0.36821647781952876 0.33938993372947224 0.28430668748123844 0.0 0.9881057605931656 0.7895427917456661 0.022696259510035805 0.0
0 0.320801 0.655762 0.075195 0.065430 0.0 0.17776717798437738 0.0 0.26541639287040625 0.0 0.21936239558025905 0.0 0.21431772812699168 0.0 0.07054896195983855 0.0 0.10758503789673139 0.0
0 0.370605 0.692871 0.077148 0.063477 0.0 0.22605057887531319 0.0 0.35183044296695015 0.0 0.29483881419285596 0.0 0.2730949374325604 0.0 0.03897580539352832 0.0 0.08515166102277855 0.0
0 0.129395 0.519531 0.069336 0.058594 0.0 0.17189592886377367 0.0 0.21986901392910474 0.0 0.27458825600452585 0.0 0.2788694320642088 0.0 0.006395120033650494 0.0 0.043396286114785694 0.0
0 0.049805 0.146484 0.072266 0.066406 0.0 0.1088559907615421 0.0 0.24938207453434638 0.0 0.29684032710055597 0.0 0.2906112720280893 0.0 0.04256370376453605 0.0 0.05497102527630172 0.0
0 0.448242 0.340820 0.097656 0.085938 0.005954051155516757 0.029689676637001443 0.0 0.09313992826938039 0.07916714952172806 0.3104261153254248 0.0 0.32775000890276573 0.32584238323012765 0.08803382883462187 0.0 0.05467915149572049 0.041003602549154215
0 0.115234 0.197266 0.078125 0.064453 0.0 0.15710856997278355 0.0 0.19548738171041152 0.0 0.2513147103829936 0.0 0.2740578106151803 0.0 0.05829066671857015 0.0 0.041071745067258 0.0
0 0.179688 0.116699 0.076172 0.077148 0.0 0.1542810296400824 0.0 0.19278982299364364 0.0 0.2770712725811436 0.0 0.2652606763290918 0.0 0.043489839470494396 0.0 0.0994118817539127 0.0
0 0.237793 0.168457 0.090820 0.079102 0.0 0.14964076777784202 0.0 0.19836719564293792 0.0 0.2992059222389157 0.0 0.28122557360919725 0.0 0.04338131535368201 0.0 0.12732868627553337 0.0
0 0.180176 0.246094 0.077148 0.070312 0.0 0.3093104092869601 0.0 0.08463366045904014 0.0 0.19608447589925368 0.0 0.1074150757445524 0.0 0.04278071210569834 0.0 0.07017988636211056 0.0
0 0.119141 0.067383 0.082031 0.076172 0.0 0.16461991483470342 0.0 0.1630777945790558 0.0 0.4610218281766736 0.0 0.4756282398981122 0.0 0.054649723500873645 0.0 0.04897563997479671 0.0
0 0.359863 0.268555 0.092773 0.082031 0.0 0.09499532572691405 0.06406499270361377 0.09586795527663983 0.0 0.2787849718864592 0.2641403862349399 0.2799727327901568 0.0 0.052506258357342024 0.04404525780446294 0.057996346702623214 0.0
0 0.707520 0.288086 0.088867 0.083984 0.03954418403358829 0.047757729998918426 0.12544597594471507 0.0 0.1453496324841161 0.28207697125067516 0.245412237547704 0.0 0.23969709492397584 0.04079536778841973 0.030732001607539923 0.0 0.14100258080353223
0 0.289551 0.095215 0.079102 0.079102 0.0 0.12368668213123137 0.0 0.15295905256834508 0.0 0.373226949312633 0.0 0.3598619633189838 0.0 0.04956130846020486 0.0 0.04491683800601215 0.0
0 0.530273 0.550781 0.076172 0.070312 0.0 0.09478310698168091 0.0 0.2227474629004878 0.0 0.27088116636600107 0.0 0.2722918423606087 0.0 0.04132091289955682 0.0 0.04672319536850801 0.0
0 0.296387 0.217285 0.084961 0.073242 0.0 0.16928974552887774 0.0 0.13783838824881414 0.0 0.2871671922966427 0.0 0.2748963251955555 0.0 0.053306946255544496 0.0 0.04998165094854888 0.0
0 0.624512 0.494629 0.083008 0.071289 0.0 0.18668554600425202 0.0 0.09824667945401404 0.0 0.2773434003458079 0.0 0.27470903666104957 0.0 0.05661898087507448 0.0 0.04711251615119889 0.0
0 0.513184 0.397461 0.090820 0.076172 0.0 0.12477039652622776 0.0 0.09615919096626638 0.0 0.28741568746400603 0.0 0.28611137864488184 0.0 0.05356304040392459 0.0 0.04609739825855349 0.0
0 0.417969 0.741211 0.068359 0.062500 0.0 0.0 0.22737163375907618 0.0 0.25844554728688773 0.0 0.32131611532360316 0.0 0.29975551898260755 0.0 0.838542424325184 0.0 0.8692055163660057
0 0.568359 0.446289 0.078125 0.070312 0.0 0.1175115021088381 0.0 0.1729806864444327 0.0 0.28405676032245214 0.0 0.26248384666847663 0.0 0.028797836947329278 0.0 0.05038159646994858 0.0
0 0.702148 0.058594 0.113281 0.097656 0.03285973501024603 0.15626971868920303 0.0 0.1631898803555823 0.0 0.2780897145546153 0.0 0.2872486685921857 0.0 0.06106693584661409 0.0 0.053401748859843695 0.0
0 0.505859 0.877441 0.091797 0.084961 0.0 0.0 0.10249016385923519 0.0 0.274067099876939 0.0 0.30887166884222084 0.0 0.3116811518445991 0.0 0.8847280876018194 0.0 0.8830109982803988
0 0.408691 0.198730 0.096680 0.086914 0.0 0.12038617158034005 0.08761201343075697 0.06339373613557028 0.0 0.23860014462668772 0.2222469939091336 0.18106268543622828 0.0 0.05135021089482205 0.05581060015926798 0.017430183620120627 0.0
0 0.449219 0.077148 0.058594 0.058594 0.0 0.10667697487800598 0.035645522788169244 0.13567347000501023 0.0 0.3585286602784026 0.37162208172344885 0.3400411493660384 0.0 0.06935713189516667 0.977909778154617 0.05325042770333539 0.0
0 0.395996 0.034180 0.075195 0.062500 0.0 0.21894427298316396 0.0 0.21722982908621186 0.0 0.28078581573375533 0.0 0.33626669503148776 0.0 0.0488350316784602 0.0 0.09119774447607369 0.0
0 0.495117 0.124512 0.068359 0.063477 0.0 0.047856887071748726 0.0996515595814034 0.06807613573302286 0.12803233992607274 0.4190564739603437 0.37686187243428537 0.4059025454895252 0.33007150094028004 0.05129731487424978 0.0473371493284965 0.020954409449865354 0.042003390461662585
0 0.058105 0.020508 0.084961 0.039062 0.0 0.12154332638952393 0.0 0.27729862342165784 0.0 0.35169391623660223 0.0 0.3340465030632066 0.0 0.06785096134669273 0.0 0.045877162603315785 0.0
0 0.356934 0.398926 0.075195 0.073242 0.0 0.10035359854463918 0.0 0.19793111867033508 0.0 0.2600494712764063 0.0 0.23002208280567815 0.0 0.045067954678225816 0.0 0.06717156748767365 0.0
0 0.736816 0.739746 0.114258 0.088867 0.0 0.12356690361068073 0.0 0.10518518561499077 0.0524072549580306 0.24919825500737802 0.0 0.23921167382618636 0.2948764387702937 0.057524246558568845 0.0 0.03140217036828024 0.060768955751318764
0 0.623047 0.392090 0.099609 0.086914 0.0 0.11859950807378178 0.0 0.16136709812731612 0.0 0.231483268059015 0.0 0.18300972911885063 0.0 0.04959796380875064 0.0 0.06795096796296289 0.0
0 0.629395 0.225098 0.135742 0.110352 0.0 0.16408677840759614 0.008700046573712289 0.14100319399397923 0.02065260766268181 0.3191812688274961 0.31302962870193823 0.3340904320053829 0.3262239006157515 0.05187469353208824 0.044109385691670396 0.05168798398519969 0.08137806498895182
0 0.456543 0.785156 0.084961 0.076172 0.0 0.0 0.05527649928502433 0.0 0.06169771744508326 0.0 0.2859496824330659 0.0 0.4224434054260051 0.0 0.9462540193439968 0.0 0.9208276960606954
0 0.804199 0.156738 0.055664 0.051758 0.0 0.1842471927557853 0.0 0.12280157617396904 0.0 0.155183883587548 0.0 0.4072439581469374 0.0 0.0656321364493187 0.0 0.04302745589960498 0.0
0 0.673340 0.789551 0.106445 0.084961 0.0 0.0 0.0 0.10891077107482962 0.1458058291085902 0.0 0.0 0.29224813933192717 0.2754301441736555 0.0 0.0 0.9989556122166423 0.05210038322070147
0 0.566895 0.695312 0.125977 0.093750 0.0 0.0 0.10672387009781241 0.04752147501494199 0.1353882550229216 0.0 0.2154243970147158 0.22553056771737 0.21140305723985983 0.0 0.045837110019330794 0.04665968796773382 0.06515530323630085
0 0.473145 0.830566 0.065430 0.055664 0.0 0.0 0.1392890386250623 0.0 0.26402588760905177 0.0 0.3099147626683116 0.0 0.303708760424255 0.0 0.9315994639256288 0.0 0.8821959290394438
0 0.408203 0.451660 0.078125 0.073242 0.0 0.07356337341211319 0.0 0.18620040778069077 0.0 0.2793932844740445 0.0 0.2963667162259298 0.0 0.0481168372872334 0.0 0.059242173207233705 0.0
0 0.251465 0.611328 0.092773 0.068359 0.0 0.13367775367219292 0.0 0.29946958153669007 0.0 0.21594002896135028 0.0 0.2916326785617645 0.0 0.11098569295756965 0.0 0.21148891119059637 0.0
0 0.832031 0.604004 0.115234 0.122070 0.0 0.0 0.08183885180131015 0.05552784669549039 0.12806812738447956 0.0 0.2573144303052287 0.3148613449068695 0.29402763964341017 0.0 0.24081963602621637 0.031352993006255915 0.05514711915988749
0 0.043457 0.471191 0.053711 0.047852 0.0 0.11078684065982468 0.0 0.27652255812384924 0.0 0.306466272177413 0.0 0.3534015615949819 0.0 0.05134664401825546 0.0 0.08166705029021967 0.0
0 0.227539 0.042969 0.082031 0.076172 0.0 0.19827104113731286 0.0 0.16273396032281578 0.0 0.37935322789419046 0.0 0.3023754929496956 0.0 0.06037994865055123 0.0 0.05158097768820274 0.0
0 0.238281 0.293457 0.072266 0.069336 0.0 0.14808530733701863 0.0 0.2790135070138789 0.0 0.2853081759832596 0.0 0.28109471712448336 0.0 0.044323274331217515 0.0 0.07633297611240267 0.0
0 0.810547 0.362793 0.166016 0.165039 0.0 0.15460135973721773 0.029062897238818174 0.06746645135759521 0.0075398641625186 0.2959908961852967 0.3761079166070962 0.34734071382912124 0.381487467299994 0.05389188040702228 0.05099520295792293 0.04790776347408714 0.06365326874682435
0 0.020020 0.441406 0.038086 0.054688 0.0 0.14959345152514067 0.0 0.17494016345745061 0.0 0.2608607337133138 0.0 0.2547629043000933 0.0 0.1111793667660349 0.0 0.08767442933821788 0.0
0 0.701660 0.548828 0.100586 0.087891 0.0 0.1194933294175494 0.03172208869948556 0.08918186945651443 0.0 0.1280264128459709 0.4080561990836432 0.38861102017579163 0.0 0.15173080699632682 0.03819474543440214 0.050290375499033264 0.0
0 0.295410 0.352539 0.086914 0.072266 0.016616623832132384 0.11802277270017413 0.0 0.10416099976577499 0.016282674203246937 0.26349040255717393 0.0 0.2697578749080498 0.2607540359295184 0.03284669719632202 0.0 0.1476987386280264 0.12522742411448903
0 0.952148 0.609375 0.095703 0.125000 0.0 0.0 0.17123385993733797 0.0 0.16136107583350567 0.0 0.35577426878102486 0.0 0.36217559015234735 0.0 0.10116150048284188 0.0 0.09818627444150431
0 0.964355 0.439453 0.071289 0.083984 0.0 0.0 0.19829877188842945 0.0 0.20531282298859838 0.0 0.2689330734340057 0.0 0.27679736297685537 0.0 0.04283468266506879 0.0 0.04515726825641132
0 0.580078 0.961914 0.085938 0.072266 0.0 0.0 0.0839690220674991 0.0 0.21721576701914283 0.0 0.2936176127557942 0.0 0.33152147609771093 0.0 0.8902746603302062 0.0 0.8834050243045175
0 0.907227 0.510742 0.105469 0.117188 0.0 0.0 0.08203690825800652 0.0 0.08084976835449377 0.0 0.3005763403916535 0.0 0.28804803000794943 0.0 0.05084980497137348 0.0 0.046733979480813384
0 0.100098 0.976562 0.081055 0.044922 0.0 0.015974116750942322 0.15093518805596587 0.0 0.1143987329712597 0.2467331354253889 0.3058204313883497 0.0 0.32629784504748993 0.9869441730883188 0.008632472450734794 0.0 0.03872180139411024
0 0.894531 0.698730 0.126953 0.096680 0.0 0.07526149724930249 0.04570411568609729 0.12945433667793987 0.0 0.33232942514780855 0.3195433040942104 0.3273251323483037 0.0 0.07848160260304829 0.09487176900365424 0.06510217195114162 0.0
0 0.912109 0.896973 0.095703 0.102539 0.0 0.1119432463154014 0.0 0.15160867575135017 0.03730133652187002 0.35335935861859347 0.0 0.2645342777163536 0.3563539940271856 0.04874198932376651 0.0 0.33101580422112836 0.057597571818532936
0 0.866699 0.855957 0.073242 0.069336 0.0 0.18081676746436354 0.0 0.11529060639131158 0.0 0.4079934998447233 0.0 0.10410083076930676 0.0 0.032419127354279216 0.0 0.2376634103459379 0.0
0 0.082031 0.666992 0.074219 0.068359 0.0 0.17087756164268084 0.02115516034105054 0.12058336198109684 0.050245398741766194 0.3251536512402252 0.37113744690830147 0.20315827575464845 0.2443659181585059 0.07668604098031784 0.06573831806337706 0.6609681534894191 0.03737418728708139
0 0.755371 0.491699 0.094727 0.084961 0.0 0.10914579796812258 0.03846533935757071 0.0636315811338454 0.05197243813839767 0.32127561246661673 0.3507280577606725 0.3275503562658585 0.3285111424132517 0.052097016189572146 0.06500490752849954 0.04610377310177872 0.07022573211215502
0 0.776367 0.122070 0.058594 0.054688 0.0 0.18036382381186475 0.0 0.1831730943119697 0.0 0.2462159545241861 0.0 0.23429769024406077 0.0 0.05915924206388839 0.0 0.053569625210547166 0.0
0 0.016602 0.597168 0.031250 0.047852 0.0 0.5033223261200959 0.0 0.03965601299946379 0.0 0.29734665056560233 0.0 0.17081207215616362 0.0 0.07034681463227743 0.0 0.137163096206481 0.0
0 0.950684 0.273438 0.063477 0.058594 0.0 0.11996743035707479 0.0587778183137685 0.13926289804965264 0.0 0.3477917645891535 0.37429007159742805 0.30950554346340664 0.0 0.0656741800582096 0.03814788274759672 0.046325678358813446 0.0
0 0.582031 0.596191 0.076172 0.069336 0.0 0.24413214252554025 0.0 0.1878079322448376 0.0 0.28765103389966773 0.0 0.26117001987378846 0.0 0.010594092662402075 0.0 0.05616190967353955 0.0
0 0.090332 0.485352 0.063477 0.056641 0.0 0.0 0.10386278620267242 0.16724962049292114 0.0 0.0 0.19792117553360192 0.31364166583122016 0.0 0.0 0.9704376270936137 0.02314371275182686 0.0
0 0.641602 0.634766 0.072266 0.070312 0.0 0.11425568209727983 0.12138836537611052 0.07209971213486979 0.0 0.23991938964226997 0.2772569762729419 0.2834494297695176 0.0 0.038186121688988724 0.05541262780362912 0.027156372998218596 0.0
0 0.125977 0.707031 0.060547 0.050781 0.0 0.22654896666702712 0.0 0.20083008376803976 0.0 0.2986330636119627 0.0 0.2882241743916882 0.0 0.0761718393030607 0.0 0.07604413500150176 0.0
0 0.612793 0.014648 0.055664 0.027344 0.0 0.0 0.0 0.08152848730153853 0.04608688135316143 0.0 0.0 0.1396280447077018 0.20077800539886903 0.0 0.0 0.9898923306429891 0.02006558175748915
0 0.341309 0.142578 0.065430 0.066406 0.0 0.17845167496627434 0.0 0.1171432059089354 0.0 0.45407503403389826 0.0 0.4446411607887729 0.0 0.047730628035164493 0.0 0.05246582272868252 0.0
0 0.894531 0.052246 0.080078 0.071289 0.0 0.229118399864195 0.0 0.197316441477587 0.015359896091000762 0.31927307571877217 0.0 0.32520278933972885 0.2798944679904836 0.1112301378388653 0.0 0.18608310149530782 0.1528884759971883
0 0.167969 0.019043 0.080078 0.036133 0.0 0.03956699984214004 0.0 0.0970398715986701 0.0 0.36415999430727947 0.0 0.4430394007369093 0.0 0.12393679409778469 0.0 0.055574058058973544 0.0
0 0.018555 0.102539 0.035156 0.080078 0.0 0.12285716222113577 0.0 0.1302730530906344 0.0 0.28914958578247446 0.0 0.2713679724662109 0.0 0.0292378529118596 0.0 0.03300984511691954 0.0
0 0.577637 0.344727 0.051758 0.052734 0.0 0.10503095224380665 0.0 0.17277106695284483 0.0 0.29874736425417875 0.0 0.25973547552852727 0.0 0.03107756436480255 0.0 0.04615067373407934 0.0
0 0.962891 0.963867 0.074219 0.072266 0.3531088512306587 0.0 0.0 0.0 0.0 0.0 0.0 0.0 0.0 0.0 0.0 0.0 0.0
0 0.177734 0.737793 0.074219 0.067383 0.055162059221169055 0.19912884353208601 0.0 0.03406815092796393 0.0 0.354781113195316 0.0 0.18472979439632004 0.0 0.07205520839930328 0.0 0.06691308277308426 0.0
0 0.553223 0.325684 0.059570 0.065430 0.0 0.06975150751496571 0.08632374047498104 0.12755263136152659 0.0 0.2670002358443512 0.30827252397081645 0.24585675860896675 0.0 0.064207358988454 0.8000131944079082 0.06002627892395114 0.0
0 0.206543 0.882812 0.067383 0.064453 0.0 0.05053537971217689 0.12742157324068007 0.0 0.13290772519282806 0.24103536218685992 0.2605261172680761 0.0 0.2655204826494962 0.015628245644664515 0.02526436253466942 0.0 0.005149573683923572
0 0.360840 0.927246 0.116211 0.104492 0.0 0.0 0.18432073190846462 0.0 0.19385080733208274 0.0 0.2792412554897457 0.0 0.2863948008858694 0.0 0.89239949045911 0.0 0.7564652505398867
0 0.965332 0.090332 0.069336 0.069336 0.0 0.21488708721554323 0.0 0.10382793765492565 0.1299372378236756 0.29978019337257805 0.0 0.3325026844215796 0.29866746830712865 0.1051905810107769 0.0 0.2428394418838646 0.9036707534299083
0 0.910156 0.237793 0.056641 0.047852 0.0 0.1888868150871354 0.0 0.17183588724797247 0.0 0.29975669001306965 0.0 0.3049631395035159 0.0 0.04966656926441383 0.0 0.06949049260188392 0.0
0 0.857910 0.202148 0.073242 0.052734 0.0 0.19263914957830697 0.0 0.2374734436253647 0.0 0.18038610245291137 0.0 0.2932840427199436 0.0 0.037925625863143526 0.0 0.051827206371018036 0.0
0 0.538086 0.053711 0.068359 0.064453 0.0 0.09973016288077721 0.031625929288653404 0.13798585276632097 0.0 0.3490854264368329 0.3434206913855561 0.3352076487874411 0.0 0.05158737024100301 0.037686920869612096 0.05789267960922062 0.0
0 0.152832 0.932617 0.067383 0.064453 0.0 0.0 0.15205604386101632 0.0 0.17906930769342785 0.0 0.2966327070749545 0.0 0.2883511531830585 0.0 0.017438825075109004 0.0 0.018193351014998093
0 0.265625 0.939453 0.076172 0.078125 0.0 0.04527722736363793 0.05672697069831717 0.06263327385075397 0.08984684460169923 0.1575663692944534 0.2540403967747613 0.2327578767339319 0.2695054003588441 0.05021806909439701 0.004741806972018341 0.9976690322499843 0.1448388590375475
0 0.260254 0.816895 0.094727 0.079102 0.09853942804537244 0.13730709430480187 0.0 0.07018529431023746 0.0 0.3245888041438794 0.0 0.30692759177955514 0.0 0.07653899991644432 0.0 0.07564176096839724 0.0
0 0.033691 0.642578 0.065430 0.068359 0.0 0.22724781852149883 0.0 0.17348380293683544 0.0 0.1520679533232745 0.0 0.1552808529708152 0.0 0.06085339459651928 0.0 0.0781602793883533 0.0
0 0.131348 0.394531 0.102539 0.072266 0.0 0.10911851184543096 0.0 0.16543619107881338 0.0 0.12584031367304818 0.0 0.1214032555432884 0.0 0.9816758205085155 0.0 0.9830695408445769 0.0
0 0.476074 0.012207 0.067383 0.022461 0.0 0.050515672485023984 0.0 0.1852435875942074 0.0 0.5031534556029051 0.0 0.4774291628382803 0.0 0.11972412314519774 0.0 0.03232075492065607 0.0
0 0.550781 0.929688 0.068359 0.058594 0.0 0.0 0.25477594528738345 0.112499714674048 0.0 0.0 0.33039334162058986 0.37496341843968045 0.0 0.0 0.8039968263503273 0.03157505004527208 0.0
