0 0.822266 0.337891 0.068359 0.123698 0.2410024719064088 0.0 0.0 0.0 0.0 0.0 0.0 0.0 0.0 0.0 0.0 0.0 0.0
0 0.819336 0.768229 0.082031 0.106771 0.0 0.2293841456544319 0.0 0.27831462330368084 0.0 0.252253975443349 0.0 0.26323733296844093 0.0 0.2453335407659602 0.0 0.265644266863775 0.0
0 0.943848 0.536458 0.112305 0.132812 0.10832563427918358 0.0943014857528646 0.0 0.09951458613732554 0.0 0.17041342225749825 0.0 0.1565847868480607 0.0 0.5956723848066733 0.0 0.5956818914164412 0.0
0 0.208496 0.195964 0.079102 0.115885 0.0 0.21215379960591335 0.0 0.11277576166269139 0.0 0.215821849677402 0.0 0.22907476611566588 0.0 0.23246295996696048 0.0 0.2285564914525875 0.0
0 0.902832 0.833984 0.073242 0.100260 0.011420728546978409 0.09174384587166233 0.0 0.24346250408504536 0.0 0.2676797508839562 0.0 0.2825796266096841 0.0 0.2472423509660064 0.0 0.2647338026474125 0.0
0 0.682617 0.611979 0.072266 0.111979 0.0 0.20700452518985257 0.0 0.19967330270947936 0.0 0.17859906360894867 0.0 0.18062401386663451 0.0 0.25123839108541784 0.0 0.2519126268834094 0.0
0 0.450195 0.478516 0.085938 0.152344 0.0 0.17676691001739886 0.0 0.27250682969583023 0.0 0.1888745617800483 0.0 0.193479745422597 0.0 0.24986908993881182 0.0 0.2394748524048162 0.0
0 0.755859 0.310547 0.070312 0.115885 0.29838063058567005 0.0 0.0 0.0 0.0 0.0 0.0 0.0 0.0 0.0 0.0 0.0 0.0
0 0.180176 0.597005 0.159180 0.227865 0.25717930837109854 0.0 0.0 0.0 0.0 0.0 0.0 0.0 0.0 0.0 0.0 0.0 0.0
0 0.613281 0.578125 0.076172 0.132812 0.0 0.1691643129768309 0.0 0.11248850898421686 0.0 0.17030177345626502 0.0 0.1585369178159488 0.0 0.24370355406603214 0.0 0.2682316184123667 0.0
0 0.966797 0.860026 0.066406 0.108073 0.012323106477263744 0.059087032811656975 0.0 0.2773880235809735 0.0 0.29535394911435336 0.0 0.2836087733443264 0.0 0.2827124858203879 0.0 0.25062134167532313 0.0
0 0.756836 0.723958 0.085938 0.125000 0.0 0.1921953836137102 0.0 0.20728354594554863 0.0 0.2704474011963111 0.0 0.2693198689941019 0.0 0.25909189437507996 0.0 0.2586700365932662 0.0
0 0.519531 0.522135 0.082031 0.140625 0.0 0.2132986716606498 0.0 0.2552005093291658 0.0 0.19638837728806316 0.0 0.19611284213930336 0.0 0.24376492308556735 0.0 0.25650744692005834 0.0
0 0.055664 0.596354 0.109375 0.236979 0.324033466384414 0.0 0.0 0.0 0.0 0.0 0.0 0.0 0.0 0.0 0.0 0.0 0.0
0 0.598633 0.129557 0.064453 0.115885 0.3725188326687781 0.0 0.0 0.0 0.0 0.0 0.0 0.0 0.0 0.0 0.0 0.0 0.0
0 0.309570 0.917318 0.105469 0.165365 0.028687876347715822 0.0 0.21112125114004965 0.0 0.17621761188095045 0.0 0.1707457881964168 0.0 0.16974993784326886 0.0 0.5426555701246659 0.0 0.5489795344470543
0 0.037598 0.091797 0.065430 0.118490 0.0 0.24561360578550745 0.0 0.10163885205090348 0.0 0.21952858764030048 0.0 0.22829878977302498 0.0 0.2563170920792669 0.0 0.23869279574484936 0.0
0 0.659668 0.115234 0.075195 0.115885 0.3516405825822362 0.0 0.0 0.0 0.0 0.0 0.0 0.0 0.0 0.0 0.0 0.0 0.0
0 0.496094 0.122396 0.136719 0.145833 0.27667811509181234 0.0 0.0 0.0 0.0 0.0 0.0 0.0 0.0 0.0 0.0 0.0 0.0
0 0.092285 0.121745 0.065430 0.118490 0.0 0.2545599928976254 0.0 0.09361097830495534 0.0 0.21970419322356835 0.0 0.2251249307204584 0.0 0.24224143823770466 0.0 0.22965288859635613 0.0
0 0.143066 0.163411 0.065430 0.118490 0.0 0.26520120631686867 0.0 0.13241288178959482 0.0 0.21449938266269525 0.0 0.22648300853152006 0.0 0.2428572177368767 0.0 0.22906200134215926 0.0
0 0.539062 0.964193 0.097656 0.071615 0.06072586422909307 0.0 0.206131720492529 0.0 0.06983909077115545 0.0 0.16295430957973478 0.0 0.15326805656274622 0.0 0.524984438299392 0.0 0.6001075984981017
0 0.271484 0.273438 0.064453 0.119792 0.0 0.038987270125826014 0.0 0.06263903787792639 0.0 0.18935200993771162 0.0 0.23195172803336866 0.0 0.23665859339211784 0.0 0.17089208814781942 0.0
0 0.313477 0.292969 0.064453 0.119792 0.0 0.13067645414803258 0.0 0.08745887226725076 0.0 0.10219741913648865 0.0 0.2360906416377871 0.0 0.2037475545493837 0.0 0.23519573888980289 0.0
0 0.351562 0.320312 0.064453 0.119792 0.1285482679390421 0.0 0.0 0.02449743165632605 0.0 0.0 0.0 0.2434473922877412 0.0 0.0 0.0 0.10702814980640293 0.0
0 0.396973 0.345052 0.067383 0.138021 0.0 0.1621872943936607 0.0 0.07850879553750297 0.0 0.2574055525247488 0.0 0.23939514420299018 0.0 0.20897409119326818 0.0 0.21569190604185925 0.0
0 0.889648 0.337891 0.068359 0.123698 0.36563043381422233 0.0 0.0 0.0 0.0 0.0 0.0 0.0 0.0 0.0 0.0 0.0 0.0
