0 0.490234 0.768229 0.240885 0.148438 0.0 0.1523600266339443 0.035080927855607465 0.14127410450364386 0.018330608743142907 0.28810609063459036 0.2775811388445955 0.2930008266647467 0.29835536761600845 0.7479711840097097 0.7536026661255979 0.7462721567440945 0.7337056433176062
0 0.211589 0.583984 0.170573 0.238281 0.33089490771972274 0.0 0.0 0.0 0.0 0.0 0.0 0.0 0.0 0.0 0.0 0.0 0.0
0 0.960286 0.561198 0.079427 0.127604 0.0 0.21133427709070376 0.0 0.20124543781585955 0.0 0.2768132173904025 0.0 0.2886114264616562 0.0 0.7442039552274939 0.0 0.7146041364393113 0.0
0 0.964844 0.315104 0.070312 0.179688 0.0 0.0 0.09533256868043762 0.0 0.26594725557269505 0.0 0.2890351416259906 0.0 0.27626484542816726 0.0 0.7510331299870913 0.0 0.7508870600657641
0 0.115885 0.402995 0.174479 0.194010 0.3943324325486866 0.0 0.0 0.0 0.0 0.0 0.0 0.0 0.0 0.0 0.0 0.0 0.0
0 0.833333 0.628906 0.229167 0.140625 0.0 0.15758128684458128 0.0 0.14228438090120119 0.03325374566050271 0.28217201275893844 0.0 0.28815086538350104 0.2705327338575444 0.7573715733643984 0.0 0.7481639673622061 0.7501164629454052
0 0.468099 0.538411 0.134115 0.180990 0.0 0.0 0.14581723700682916 0.05158208713237457 0.13758856728919447 0.0 0.28517731624327186 0.26485262794632525 0.2851767905892968 0.0 0.7469472539073466 0.7543657032375867 0.7400766919934126
0 0.332682 0.195964 0.134115 0.209635 0.0 0.0 0.16891460228931227 0.0 0.17732803732045452 0.0 0.29119288855699804 0.0 0.28734314338432376 0.0 0.7474263727048752 0.0 0.7451480315611564
0 0.929688 0.945312 0.140625 0.109375 0.0 0.207810965210433 0.0 0.11037760593748822 0.03509552413313821 0.28899508053700884 0.0 0.2845107707841676 0.2840807731876521 0.7488686708666495 0.0 0.7405791940708885 0.7390914751511338
0 0.928385 0.158854 0.109375 0.179688 0.0 0.0 0.17041353758571148 0.0 0.13651168894785662 0.0 0.2854402928081041 0.0 0.29733708956106564 0.0 0.7466464409926507 0.0 0.7447450504001257
0 0.685547 0.449870 0.118490 0.175781 0.0 0.0 0.17070776721477177 0.05329179591557952 0.1674440042963034 0.0 0.2760875556328014 0.2765630509204053 0.2877620808770392 0.0 0.7450719306069811 0.7402120334575051 0.7481988493904288
0 0.267578 0.817057 0.157552 0.149740 0.03598120783933541 0.10157857302546507 0.10979122525372624 0.07217232408385595 0.0 0.09609569343424765 0.13398037186415435 0.11872910077610936 0.0 0.7330413011759513 0.7162204336701917 0.716286433219597 0.0
0 0.066406 0.215495 0.130208 0.199219 0.44223299677267447 0.0 0.0 0.0 0.0 0.0 0.0 0.0 0.0 0.0 0.0 0.0 0.0
0 0.166667 0.867839 0.117188 0.134115 0.09339505188568466 0.1048933320242829 0.0 0.09865736658516658 0.0 0.07192758839018183 0.0 0.10167964179176259 0.0 0.7340649947505546 0.0 0.7391288217766929 0.0
0 0.060547 0.911458 0.118490 0.145833 0.34405262540915477 0.0 0.0 0.0 0.0 0.0 0.0 0.0 0.0 0.0 0.0 0.0 0.0
0 0.399089 0.375000 0.126302 0.197917 0.0 0.0 0.2035251834621305 0.0 0.19793254476002742 0.0 0.28162241160965007 0.0 0.2838071974127493 0.0 0.7462503659117806 0.0 0.7435450620539452
0 0.274089 0.054688 0.134115 0.106771 0.0 0.0 0.21044578987541748 0.0 0.18656735180624986 0.0 0.27550461872684967 0.0 0.2887793713573643 0.0 0.7467312302020973 0.0 0.7433585219986131
0 0.879557 0.047526 0.108073 0.092448 0.0 0.0 0.14790380604955636 0.0 0.20288441599542495 0.0 0.2922567883408259 0.0 0.2844960991631085 0.0 0.749715017313765 0.0 0.750496828591184
0 0.616536 0.287760 0.136719 0.182292 0.0 0.0 0.18909189527253828 0.0 0.19335643565657237 0.0 0.2837653929899212 0.0 0.2800875970391718 0.0 0.7504424893786145 0.0 0.7456838219560485
0 0.561849 0.110677 0.136719 0.182292 0.0 0.0 0.17340357554220553 0.0 0.16111737567784024 0.0 0.2908404912259807 0.0 0.2823286686639158 0.0 0.7458850836004188 0.0 0.7463976526153056
