0 0.500488 0.404297 0.081055 0.097656 0.0 0.0 0.2276435818551936 0.0 0.19978159710601656 0.0 0.3226439873761391 0.0 0.346292843957611 0.0 0.7789823968800174 0.0 0.756263481416435
0 0.677246 0.401367 0.096680 0.103516 0.0 0.0 0.18572232976142258 0.0 0.19084984136206348 0.0 0.3237621703664072 0.0 0.3299416124112438 0.0 0.7455308244554675 0.0 0.7403401855133938
0 0.541992 0.503418 0.085938 0.124023 0.0 0.0 0.19062005759344924 0.06981654245498954 0.13269479887498503 0.0 0.2756855316401617 0.2644144596111071 0.2816070764417024 0.0 0.7511666222398696 0.7351224800519743 0.7436025874249547
0 0.638672 0.301270 0.101562 0.116211 0.0 0.013971461089551876 0.19109015762481524 0.0 0.14848750408118738 0.23772563809884398 0.26915961845907677 0.0 0.27840845721099483 0.5738375601769857 0.7582862245326536 0.0 0.7494039983239822
0 0.460938 0.321777 0.074219 0.094727 0.0 0.0 0.17168452152971062 0.0 0.19697697543048218 0.0 0.34123227168179926 0.0 0.31527183989626095 0.0 0.7465292273573941 0.0 0.7394760906923962
0 0.858887 0.350098 0.100586 0.112305 0.0 0.0 0.22508490774870243 0.0 0.09069258713861775 0.0 0.3047899068802218 0.0 0.34173637843614557 0.0 0.746278960871347 0.0 0.7374495241129935
0 0.742676 0.514160 0.145508 0.120117 0.005705409921188084 0.07954455452700415 0.044257436688975436 0.11958365460366895 0.09755609471042283 0.3280403551868973 0.32038595199701025 0.3235587074573003 0.3064218366522151 0.7465526666166813 0.760704393260614 0.7506921239379911 0.7392150630484889
0 0.243164 0.324707 0.082031 0.100586 0.0 0.18285346537557592 0.0 0.1341684294063242 0.0 0.31525539117927737 0.0 0.2768702504181582 0.0 0.7406099096862331 0.0 0.752219501770503 0.0
0 0.911133 0.814453 0.119141 0.130859 0.0200009336883275 0.008791389438743535 0.16076185215777597 0.0 0.11119253109234084 0.2768759060633378 0.3068526186445228 0.0 0.31595339367020625 0.7564979921695537 0.749213188137246 0.0 0.7335146964869586
0 0.099609 0.069336 0.164062 0.136719 0.0 0.06706866212213305 0.04745174943311943 0.07513951355212158 0.06057999935107396 0.37261839746985065 0.3578553723042306 0.35873700039702877 0.3505807963371982 0.7464429831275161 0.7449963306642138 0.7402617420564644 0.7145105350201473
0 0.181641 0.368164 0.087891 0.082031 0.04584294307895764 0.1375451596400791 0.0 0.1723034108236445 0.0 0.32274591345283205 0.0 0.3144381320033126 0.0 0.7451324056086709 0.0 0.7391783975086909 0.0
0 0.414062 0.247559 0.150391 0.096680 0.0 0.1487724043420948 0.05383302133486756 0.07211431199436331 0.0 0.3193389613001245 0.2863191830847159 0.32862938397280494 0.0 0.6521831282559822 0.7434749944335367 0.7184243916358537 0.0
0 0.804688 0.237793 0.097656 0.127930 0.06488414250689514 0.0 0.16894963979869068 0.0 0.053028672593548404 0.0 0.3230803278946669 0.0 0.3165728691791836 0.0 0.7371991889511568 0.0 0.7319167408829893
0 0.319824 0.302246 0.073242 0.096680 0.0 0.15916095779696132 0.0 0.22588130114016167 0.0 0.21694375707657126 0.0 0.16831632310787495 0.0 0.7414551076505268 0.0 0.762946545782865 0.0
0 0.838379 0.690430 0.159180 0.134766 0.006140664582364678 0.07086253977433099 0.06056324545147121 0.031742063926067425 0.052562618205996024 0.34243061582715245 0.4004492257268898 0.3551824720526047 0.3980714761940213 0.7480948863246777 0.7410984301118307 0.7576575508535699 0.7434730636792779
0 0.966797 0.147461 0.066406 0.093750 0.2768090893119636 0.0 0.0 0.0 0.0 0.0 0.0 0.0 0.0 0.0 0.0 0.0 0.0
0 0.486816 0.595215 0.118164 0.079102 0.0 0.1688482083834782 0.06676957568697907 0.20235120415761865 0.0 0.28042631940781987 0.269033013300276 0.27814349234005886 0.0 0.7463163050648065 0.7560449330725697 0.7464547504679059 0.0
0 0.942871 0.928223 0.108398 0.131836 0.02200046173037033 0.0 0.13352513118386064 0.04803639406834847 0.10681813108748461 0.0 0.3044900908035635 0.31690711648599623 0.32317009151925125 0.0 0.7452636881679292 0.7494431859027587 0.744575020986504
0 0.755371 0.798340 0.124023 0.094727 0.0 0.1246699049084049 0.041102054085910646 0.1556181207429259 0.0 0.2809124530416218 0.28662260452270877 0.2753923114770894 0.0 0.7443404831199034 0.7557517282296993 0.7483349497644288 0.0
0 0.732422 0.150391 0.158203 0.099609 0.11501933992270374 0.19234759220066555 0.0 0.08077046317858359 0.007830198348209055 0.37252084272160557 0.0 0.3583500895442632 0.3573444990718329 0.7241192182115611 0.0 0.7356184880949364 0.7413953738491699
0 0.871582 0.459961 0.127930 0.103516 0.0 0.10387053443861093 0.10124677042688833 0.09963008968079863 0.03675384717343001 0.30154359167847805 0.25851979969333866 0.2974979296983905 0.2928390594005767 0.7453275933373107 0.7457214926438794 0.7267283293440104 0.739511912333315
0 0.984375 0.256348 0.031250 0.120117 0.0 0.08851405524692234 0.0 0.0 0.2964946918588442 0.31768574760360635 0.0 0.0 0.2841261300924752 0.7407081885192905 0.0 0.0 0.7405689209595983
0 0.110352 0.422363 0.115234 0.104492 0.05867652930592544 0.0849872321497346 0.0 0.10005116088834676 0.0 0.16521008970270107 0.0 0.168262297872054 0.0 0.7481685005857324 0.0 0.7561924752766023 0.0
0 0.332031 0.773926 0.091797 0.155273 0.0 0.04321076959626867 0.18927658544172368 0.0 0.1932525674935995 0.2698895845958692 0.2802364304661326 0.0 0.28461461221039197 0.7518369951889462 0.7482182652049106 0.0 0.7460693481892002
0 0.598633 0.195801 0.117188 0.118164 0.04766530587909658 0.11831401037368683 0.010977509905644445 0.04147971630344259 0.07547039419065835 0.18810917994706725 0.23620809141728574 0.2595982244300495 0.2385783269199592 0.7663223097718682 0.7347290889833169 0.7521643359895178 0.7645407763827967
0 0.856934 0.090820 0.131836 0.091797 0.041186396600287355 0.2230915218019752 0.0 0.17965648110225094 0.0 0.34589756041206116 0.0 0.3138948311212489 0.0 0.7503667984054048 0.0 0.7298980231010759 0.0
0 0.369141 0.647949 0.115234 0.098633 0.0 0.15556272871706603 0.0 0.1830868659851244 0.04553275359143798 0.28862849360507686 0.0 0.27933684090817107 0.2625022454462412 0.7480129240546377 0.0 0.7434898412401941 0.7395961309655091
0 0.395508 0.909668 0.091797 0.155273 0.0 0.0 0.20496834782519768 0.0 0.21290932940327317 0.0 0.2921254862096714 0.0 0.2880817915481808 0.0 0.748094403151198 0.0 0.7468331151203892
0 0.634277 0.848145 0.124023 0.094727 0.0 0.18860414430053873 0.0 0.1508728294972588 0.047108919384000615 0.28127012640440213 0.0 0.29016631473007387 0.2745712828321529 0.7475973449891378 0.0 0.7448385759282992 0.7464346874188051
0 0.605957 0.951660 0.124023 0.094727 0.0 0.05417397383752549 0.16568373460330252 0.0 0.11499772526978734 0.2705100075474841 0.2760358001703574 0.0 0.2806350255354881 0.7364536636852896 0.75291632697775 0.0 0.7432767115105545
0 0.211426 0.040527 0.100586 0.079102 0.24915543213207678 0.0 0.0 0.0 0.0 0.0 0.0 0.0 0.0 0.0 0.0 0.0 0.0
0 0.275391 0.028320 0.052734 0.054688 0.4564199110635765 0.0 0.0 0.0 0.0 0.0 0.0 0.0 0.0 0.0 0.0 0.0 0.0
0 0.314941 0.018555 0.045898 0.035156 0.47259398831780286 0.0 0.0 0.0 0.0 0.0 0.0 0.0 0.0 0.0 0.0 0.0 0.0
0 0.189941 0.525391 0.139648 0.091797 0.0 0.2209671318548601 0.0 0.15141564485093306 0.0 0.25598951698200717 0.0 0.2614488331826469 0.0 0.7313306498121066 0.0 0.748808813110846 0.0
0 0.168457 0.885742 0.127930 0.181641 0.4153667643918138 0.0 0.0 0.0 0.0 0.0 0.0 0.0 0.0 0.0 0.0 0.0 0.0
0 0.957031 0.057129 0.066406 0.094727 0.0 0.06801601182127216 0.0 0.06683815242013383 0.0 0.2965996814789214 0.0 0.2834300456355561 0.0 0.7252002440087766 0.0 0.7690773994728589 0.0
