0 0.273438 0.597168 0.148438 0.083008 0.4617534444583644 0.014706344061661698 0.0 0.0 0.012170928410862506 0.17389947598679026 0.0 0.0 0.21756371781510314 0.7492734398552556 0.0 0.0 0.6101813686139628
0 0.676432 0.895508 0.160156 0.160156 0.01803900213722359 0.0 0.1619796279773119 0.0268553570557467 0.14861446977511014 0.0 0.2946628623125314 0.2941262488140807 0.2902782758746422 0.0 0.7483269331469415 0.7499631909715693 0.746393099155859
0 0.915365 0.306152 0.169271 0.096680 0.0 0.07387707885837899 0.0 0.1119720645491894 0.018736714315131468 0.28346044694967854 0.0 0.2679937838188845 0.28101363567989773 0.7455803782436023 0.0 0.7446420182621846 0.7316483903395986
0 0.694010 0.362305 0.145833 0.128906 0.0 0.0 0.12414424128053064 0.048863985900109944 0.12757004869596184 0.0 0.273067841387895 0.2714437669170383 0.2836748997400562 0.0 0.747849787515173 0.7353813442215179 0.7433327190617487
0 0.774740 0.971680 0.106771 0.056641 0.0 0.14376295082009186 0.21226018767362728 0.0 0.12158683660987737 0.2747776171919659 0.27494355925118896 0.0 0.2799857452272331 0.7521845759267092 0.7543103685873496 0.0 0.726176801686492
0 0.097005 0.568359 0.170573 0.136719 0.06286519169012907 0.0 0.13161513644629422 0.0 0.13419596305625894 0.0 0.19548663306689806 0.0 0.20109570894711998 0.0 0.7712350650864535 0.0 0.7624877569160768
0 0.963542 0.937988 0.072917 0.124023 0.0 0.11745898763748157 0.03779749497835106 0.0 0.2629169585391105 0.2683862100475767 0.29414999841778106 0.0 0.29353499961154256 0.7501681523017397 0.748809353202569 0.0 0.7550899031350452
0 0.374349 0.970703 0.230469 0.058594 0.0 0.0 0.1675951432884204 0.0 0.14455027399614742 0.0 0.2760636164961756 0.0 0.31926092038946374 0.0 0.7970107760580044 0.0 0.7444323795181207
0 0.061849 0.098145 0.121094 0.194336 0.02606982493653508 0.07815422626330513 0.11847180008774466 0.06224723172684403 0.021143079822583857 0.3366028017680964 0.2905790238123827 0.3317289094674512 0.1793894650570408 0.68934354954964 0.7009757807142929 0.6973363421015687 0.8474051338808202
0 0.070312 0.377441 0.138021 0.258789 0.1764776963560084 0.0 0.023539916424220052 0.0 0.0 0.0 0.11666979034141743 0.0 0.0 0.0 0.779298593070707 0.0 0.0
0 0.580729 0.729004 0.164062 0.178711 0.01672523304025114 0.0 0.1583016413099697 0.0 0.15833965779551346 0.0 0.2951732874793889 0.0 0.2914213609606978 0.0 0.748070421598112 0.0 0.7463847511468733
0 0.500000 0.575684 0.164062 0.178711 0.01913800928496655 0.020742383254470236 0.12887143713865562 0.0 0.1078727738469428 0.2943844196687653 0.2961792575582002 0.0 0.2949479386762315 0.7407752761551382 0.74559935402014 0.0 0.7440602100993456
0 0.955729 0.464355 0.088542 0.088867 0.0 0.14131224010344037 0.0 0.06728028779574738 0.04529661125589711 0.2707085664613502 0.0 0.2823005455750298 0.26297410889586703 0.7515026953745696 0.0 0.7424927095123628 0.7362136887808352
0 0.792318 0.540527 0.149740 0.131836 0.0 0.03085537564824854 0.1133540070200747 0.0 0.0998354930491357 0.27675457821292815 0.27763953313218376 0.0 0.2779848127429424 0.7366765555252044 0.7452706132208377 0.0 0.7463703318586254
0 0.847005 0.644043 0.149740 0.131836 0.0 0.0 0.1879000237260079 0.0 0.15321431129541663 0.0 0.2786316561666131 0.0 0.28709685339591207 0.0 0.7469488286454053 0.0 0.7462745574282638
0 0.904297 0.759277 0.149740 0.131836 0.0 0.0 0.1381273581505481 0.04821391121674449 0.1333367770579019 0.0 0.27793626802805044 0.2708739959171097 0.28272645382450223 0.0 0.7463615272405225 0.7347386993116105 0.7460576609766204
0 0.634115 0.236328 0.153646 0.140625 0.0 0.0 0.23283987853482846 0.0 0.20124628055132313 0.0 0.28739655279166276 0.0 0.28619512852065887 0.0 0.7335451326089384 0.0 0.7451838521088036
0 0.555990 0.109375 0.153646 0.140625 0.0 0.0 0.18142978741785074 0.0 0.16555048661347052 0.0 0.28410196218615597 0.0 0.28824854904543873 0.0 0.7469159488736506 0.0 0.7479414271497101
0 0.473307 0.434570 0.123698 0.115234 0.0 0.0 0.140433443647503 0.060824198998959335 0.15428037370924888 0.0 0.2923444638835454 0.2696035754640905 0.2937339100474304 0.0 0.750613414862594 0.7372072814596348 0.7430368959796962
0 0.412109 0.312988 0.152344 0.143555 0.0 0.0 0.13954008080282093 0.0 0.15554215204946625 0.0 0.2915692638944919 0.0 0.29448426199871147 0.0 0.7493648562823156 0.0 0.7481475470806629
0 0.340495 0.174316 0.152344 0.143555 0.0 0.0 0.188916119253577 0.0 0.170436236994819 0.0 0.27992049910050504 0.0 0.2848696542124294 0.0 0.7473974772101365 0.0 0.746388242132449
0 0.268880 0.050293 0.149740 0.098633 0.0 0.0 0.1994307241650894 0.0 0.16704574568370714 0.0 0.2886381809875367 0.0 0.2978966075101788 0.0 0.745990187789424 0.0 0.7466787528451471
