0 0.379395 0.875488 0.166992 0.247070 0.0 0.02036182510966667 0.06127679104740137 0.020172373304582394 0.07054303303026141 0.3381451212894937 0.30232245972115057 0.33281698489551376 0.34550116364804884 0.695278916081125 0.6939999396709855 0.6878637774273595 0.6806400203085841
0 0.789062 0.250488 0.087891 0.120117 0.0 0.0 0.1902867270381191 0.04377159071359431 0.14974459295238038 0.0 0.2770658808654861 0.2848443963956624 0.27810619311039064 0.0 0.7536303283917363 0.7384208542931643 0.74011448570682
0 0.752930 0.144531 0.078125 0.087891 0.0 0.0 0.17246580200575612 0.0 0.1106004677753012 0.0 0.34215024876794 0.0 0.33224468886560066 0.0 0.7490634362396935 0.0 0.7468642304266082
0 0.928711 0.148926 0.111328 0.116211 0.0 0.0 0.10320824169217369 0.0 0.11739091319026829 0.0 0.323898138761394 0.0 0.3205378377031826 0.0 0.7426675904151292 0.0 0.7421553462308199
0 0.877441 0.055664 0.122070 0.109375 0.0 0.007236565081001032 0.1263594468199188 0.0 0.14840413410458783 0.22782520905260945 0.2720155870408031 0.0 0.26153048601608253 0.5653430815792131 0.7481852164775917 0.0 0.7410293309005357
0 0.144531 0.228027 0.130859 0.137695 0.2481687508644636 0.0 0.0 0.0 0.0 0.0 0.0 0.0 0.0 0.0 0.0 0.0 0.0
0 0.960449 0.261230 0.079102 0.133789 0.0 0.0523558589694882 0.08175487238412213 0.05708170815410113 0.15168816208477362 0.3241742437060554 0.3174136756416625 0.309394971384363 0.2975044370000411 0.7516513658255034 0.76729442539031 0.7613530107446579 0.7357650236929418
0 0.424316 0.640137 0.137695 0.172852 0.36854527196930686 0.0 0.0 0.0 0.0 0.0 0.0 0.0 0.0 0.0 0.0 0.0 0.0
0 0.716309 0.066406 0.079102 0.087891 0.0 0.0 0.234511034933996 0.0 0.06524176586253855 0.0 0.3067294001430424 0.0 0.34151243903248807 0.0 0.7553145771500708 0.0 0.7341349271330733
0 0.438477 0.115723 0.080078 0.083008 0.042660951989728774 0.18925807009555087 0.0 0.18804996359259754 0.0 0.3228196134207755 0.0 0.32772241872200425 0.0 0.7436504784845851 0.0 0.7273929067502524 0.0
0 0.616699 0.392578 0.124023 0.089844 0.0 0.1973141123470483 0.0 0.14726826627681797 0.058883229898283776 0.276829791550227 0.0 0.2776536358753737 0.2706731509381143 0.7477034405942452 0.0 0.743636538525368 0.7424484372372041
0 0.350586 0.172363 0.107422 0.094727 0.05424738891105349 0.10661829025704307 0.0 0.11818976043179684 0.0 0.16745980028377003 0.0 0.16640276802673706 0.0 0.7392780227980806 0.0 0.7449277478424632 0.0
0 0.734375 0.345703 0.130859 0.074219 0.0 0.19682950832287546 0.0658106155039541 0.11618689133002104 0.0 0.27613116786575304 0.27049757286739745 0.2814546574325168 0.0 0.7455793276533621 0.7549010850868172 0.7508895164050046 0.0
0 0.859863 0.717773 0.110352 0.150391 0.0 0.03679341531257109 0.16632006833375465 0.0 0.13387034046634766 0.27127021783705935 0.2786938640630655 0.0 0.28161620672233634 0.7497497652695811 0.7495522690840417 0.0 0.7437224951903839
0 0.044922 0.266113 0.087891 0.141602 0.13237897364496123 0.09932107802977429 0.07879269982317487 0.0 0.014352908797885694 0.2542820989396977 0.11316660303970341 0.0 0.4005360911475673 0.7349844141038291 0.7529364191175584 0.0 0.7403351767080023
0 0.883301 0.599609 0.129883 0.101562 0.0 0.17386207408612048 0.0 0.11797256034527737 0.054010059179054076 0.27868947801328126 0.0 0.29158282318172374 0.2649026689152782 0.7468252300489632 0.0 0.7449216765632009 0.7537860959134807
0 0.137207 0.538086 0.112305 0.117188 0.0 0.09916528343603595 0.1745522730175198 0.047672230582474474 0.08749995931910487 0.367764749920302 0.29734689488049165 0.39388633859887834 0.3905298702489115 0.7719264030271664 0.7532792212317334 0.8114436259347481 0.7553221352268471
0 0.567871 0.050293 0.094727 0.094727 0.0 0.13519010984056914 0.0 0.17272349467465253 0.0 0.21409660334525146 0.0 0.17264051828340338 0.0 0.7417901663748113 0.0 0.7623112622990624 0.0
0 0.501953 0.083008 0.091797 0.115234 0.017726708932812096 0.10578570089880152 0.0 0.1440860604082711 0.0 0.3113717832577078 0.0 0.3277243980154282 0.0 0.7500262069651478 0.0 0.7315606779503289 0.0
0 0.189453 0.651855 0.121094 0.149414 0.0 0.023316449067945985 0.11969814518752879 0.0 0.1342321652399529 0.34619568119353017 0.3336031759969666 0.0 0.3358158553223625 0.7600536368694808 0.7758882457168776 0.0 0.7717776967603347
0 0.587891 0.523926 0.109375 0.161133 0.0 0.037378643246077335 0.13643278435839676 0.0 0.13738030342627622 0.2649310183847876 0.2927982055755785 0.0 0.28591121211835974 0.753303740367711 0.7464291840588012 0.0 0.7457911318170084
0 0.662598 0.024414 0.120117 0.046875 0.0 0.11444603715881477 0.07744036314096536 0.13056169087335626 0.0 0.30085914621894383 0.2877837121471206 0.3386552600967634 0.0 0.7425613972601903 0.7458729220691467 0.753020769154662 0.0
0 0.967773 0.557617 0.064453 0.103516 0.0 0.20034462419396676 0.0 0.18552030305801429 0.0 0.28140924489641606 0.0 0.2809925846780983 0.0 0.7538345219572119 0.0 0.7485711225277296 0.0
0 0.915527 0.842773 0.110352 0.150391 0.0 0.0 0.1974888067856133 0.0 0.13830683205803138 0.0 0.28219457408987325 0.0 0.2933046426549766 0.0 0.7467625921540362 0.0 0.7492399220019201
0 0.952148 0.943848 0.095703 0.110352 0.0 0.0 0.18121610508784558 0.0 0.17133446638789596 0.0 0.2952969705131543 0.0 0.2875770673309119 0.0 0.7487692637866906 0.0 0.7469437641849433
0 0.638672 0.650879 0.109375 0.161133 0.0 0.0 0.1903237001522917 0.0 0.16380152993092867 0.0 0.2830890350187233 0.0 0.2848169436919204 0.0 0.7479247867868093 0.0 0.746977459784849
0 0.695312 0.782715 0.109375 0.161133 0.0 0.0 0.18446056912070433 0.0 0.15517840378757908 0.0 0.29024320075945437 0.0 0.29013484805674983 0.0 0.7480306167734491 0.0 0.7454452206810427
0 0.743164 0.911621 0.109375 0.161133 0.0 0.0 0.1706836979294686 0.0 0.16592263150007946 0.0 0.2931847906471579 0.0 0.2896203272808255 0.0 0.7465486364782856 0.0 0.746698939848694
0 0.438477 0.272949 0.148438 0.096680 0.0 0.0 0.0 0.12166316172284325 0.0 0.0 0.0 0.10136747658719016 0.0 0.0 0.0 0.8373850588882855 0.0
0 0.453125 0.349121 0.152344 0.083008 0.0 0.15251215799154397 0.0 0.17688395157611875 0.0 0.29963915673503616 0.0 0.24774763763855878 0.0 0.7350884606521856 0.0 0.7812317236072652 0.0
