0 0.321777 0.329102 0.088867 0.089844 0.0 0.1887240797023085 0.0 0.22898126198229257 0.0 0.252253975443349 0.0 0.26323733296844093 0.0 0.2453335407659602 0.0 0.265644266863775 0.0
0 0.034668 0.131836 0.067383 0.119141 0.0 0.1889406473760628 0.0 0.14367066102243306 0.0 0.19724129063199716 0.0 0.19381712253922426 0.0 0.24335893307690953 0.0 0.25425985933717954 0.0
0 0.874023 0.564941 0.099609 0.098633 0.0 0.1800090728858549 0.0 0.12662640212364357 0.0 0.1222493551350739 0.0 0.13026260253807126 0.0 0.7135471064838362 0.0 0.7232292993232035 0.0
0 0.398926 0.718262 0.110352 0.165039 0.0 0.0 0.16984864542241934 0.0 0.19280307588310566 0.0 0.15732378544477302 0.0 0.15791851073991772 0.0 0.5482433953165226 0.0 0.5414385502574154
0 0.715820 0.598633 0.119141 0.113281 0.0 0.11389458090274773 0.0 0.20022057844681754 0.0 0.2806754867030893 0.0 0.24288627002534827 0.0 0.2525292209475595 0.0 0.2506287031014286 0.0
0 0.561523 0.452637 0.078125 0.086914 0.022438779438544165 0.13037359463434545 0.0 0.18485283601171207 0.0 0.26709148684828465 0.0 0.262576440019649 0.0 0.2368811641330472 0.0 0.2445005814871021 0.0
0 0.492188 0.921387 0.121094 0.155273 0.0 0.0 0.1585784982028712 0.0 0.18561797201264432 0.0 0.18175797138991656 0.0 0.17541338904706627 0.0 0.5437543198891487 0.0 0.5436688346943969
0 0.403809 0.380371 0.088867 0.084961 0.008330770160262764 0.06692190348728684 0.0 0.17759201226362722 0.0 0.2676797508839562 0.0 0.2825796266096841 0.0 0.2472423509660064 0.0 0.2647338026474125 0.0
0 0.172363 0.215820 0.065430 0.087891 0.0 0.21847044748063382 0.0 0.21073315065391818 0.0 0.17859906360894867 0.0 0.18062401386663451 0.0 0.25123839108541784 0.0 0.2519126268834094 0.0
0 0.835449 0.948730 0.090820 0.102539 0.0 0.0 0.29903000097429006 0.0 0.15515781578432722 0.0 0.13389297527139754 0.0 0.1462301113930347 0.0 0.7651644308976415 0.0 0.7239246606441665
0 0.481445 0.400879 0.080078 0.086914 0.06412090533188924 0.14018406764882058 0.0 0.19832355096850676 0.0 0.29736972779574555 0.0 0.2843052402959804 0.0 0.241593865499201 0.0 0.248226146115381 0.0
0 0.627441 0.153809 0.084961 0.100586 0.0 0.1948118685387612 0.0 0.19918199342318862 0.0 0.15136181588720138 0.0 0.16729116619672948 0.0 0.6094884155687843 0.0 0.6058183474906842 0.0
0 0.114258 0.180664 0.074219 0.095703 0.0 0.21478621993408045 0.0 0.13273573906667327 0.0 0.17115325925328692 0.0 0.15932496915485336 0.0 0.24933944671417266 0.0 0.2618233831510793 0.0
0 0.814941 0.280762 0.071289 0.086914 0.0 0.24910152958384027 0.0 0.09360834319312696 0.02444267186153055 0.18281329307184946 0.0 0.19963064437264033 0.27301409800005805 0.8975741834383331 0.0 0.8840621922211989 0.9778241933529399
0 0.454590 0.153320 0.141602 0.101562 0.08426125265880792 0.07335254826797757 0.0 0.07740756600734938 0.0 0.17041342225749825 0.0 0.1565847868480607 0.0 0.5956723848066733 0.0 0.5956818914164412 0.0
0 0.044434 0.534668 0.086914 0.157227 0.0 0.0 0.2064445334515653 0.0 0.23736317750883767 0.0 0.15697204731802467 0.0 0.15834080787397156 0.0 0.5511826581325383 0.0 0.5451865027279739
0 0.247559 0.291992 0.094727 0.107422 0.0 0.1521711903250819 0.0 0.1641172817383313 0.0 0.2704474011963111 0.0 0.2693198689941019 0.0 0.25909189437507996 0.0 0.2586700365932662 0.0
0 0.968750 0.532227 0.062500 0.089844 0.0 0.2062725712193125 0.0 0.07475411332269559 0.0 0.12405736921046952 0.0 0.13959664860410306 0.0 0.7088199325592706 0.0 0.7512776988228337 0.0
0 0.350586 0.023926 0.134766 0.045898 0.44343594375285356 0.0 0.0 0.0 0.0 0.0 0.0 0.0 0.0 0.0 0.0 0.0 0.0
0 0.783203 0.864258 0.111328 0.171875 0.0 0.0 0.11684738516286756 0.0 0.17736878937416453 0.0 0.1482034455531589 0.0 0.1467949007795785 0.0 0.7150328155555081 0.0 0.717977962725962
0 0.878418 0.241699 0.092773 0.081055 0.0 0.16954618396119328 0.0 0.16925542312960326 0.0 0.1858759065341789 0.0 0.18530238916296543 0.0 0.8985027856014918 0.0 0.824235351025205 0.0
0 0.952637 0.456055 0.069336 0.058594 0.256217812281249 0.0 0.0 0.0 0.0 0.0 0.0 0.0 0.0 0.0 0.0 0.0 0.0
0 0.122070 0.979492 0.119141 0.041016 0.0 0.0 0.17359112608883773 0.0 0.15212552340479932 0.0 0.17480118158037192 0.0 0.17417655051504152 0.0 0.5362231825555633 0.0 0.5794034146312657
0 0.166504 0.877930 0.106445 0.166016 0.0 0.0 0.16988787268410835 0.0 0.19339143035352213 0.0 0.17482693017340709 0.0 0.17553106493197387 0.0 0.5472990600023383 0.0 0.5414339967979689
0 0.744629 0.289062 0.075195 0.083984 0.3370948826474725 0.0 0.0 0.0 0.0 0.0 0.0 0.0 0.0 0.0 0.0 0.0 0.0
0 0.817383 0.617676 0.056641 0.075195 0.0 0.06185701613197812 0.0 0.0 0.0 0.12208402297312446 0.0 0.0 0.0 0.6397065384947547 0.0 0.0 0.0
0 0.553223 0.160156 0.063477 0.091797 0.0 0.26193488684399585 0.0 0.13187352038944342 0.0 0.15793071976568485 0.0 0.16528770530779996 0.0 0.6055715297527543 0.0 0.6010508754500152 0.0
0 0.634766 0.479980 0.078125 0.086914 0.0 0.15942919055426188 0.0 0.1532890948510694 0.0 0.27100193407433426 0.0 0.24885779208903178 0.0 0.2551942089797169 0.0 0.260492350996657 0.0
0 0.694336 0.320801 0.076172 0.086914 0.3364137191321766 0.0 0.0 0.0 0.0 0.0 0.0 0.0 0.0 0.0 0.0 0.0 0.0
0 0.946777 0.016602 0.106445 0.031250 0.33986300018702476 0.0 0.0 0.0 0.0 0.0 0.0 0.0 0.0 0.0 0.0 0.0 0.0
