0 0.895020 0.680339 0.131836 0.134115 0.0 0.23645682743456495 0.0 0.1313500472273566 0.0 0.27914224319573133 0.0 0.3007715539519486 0.0 0.29697037801918275 0.0 0.27300334034851925 0.0
0 0.130859 0.541016 0.105469 0.123698 0.0 0.17716998135040996 0.0 0.18154846228546126 0.0 0.2812906255758386 0.0 0.27438333224829736 0.0 0.8882228955546779 0.0 0.8846312987610424 0.0
0 0.340332 0.772786 0.122070 0.157552 0.0 0.0673334177714838 0.04417480621080162 0.16826684099133069 0.07629497390451641 0.3177179482304076 0.32234539721784394 0.32070381700311423 0.3253258696548693 0.16948762931958034 0.1552345903220176 0.1728037822055152 0.16866651654388093
0 0.870605 0.411458 0.102539 0.125000 0.0 0.18151076745676398 0.0 0.2096120655377409 0.0 0.2852481836517901 0.0 0.29049484422484617 0.0 0.2822598201487725 0.0 0.2947069494551518 0.0
0 0.705078 0.270182 0.093750 0.194010 0.0 0.12489594373746078 0.018719404089559334 0.094862673014051 0.027690225816331647 0.29703934462443565 0.3606016555758941 0.2931355309336137 0.3518048955410671 0.2927534383818027 0.2997888277526537 0.2810900566528422 0.28643218286729627
0 0.540527 0.880208 0.116211 0.119792 0.0 0.17971012489429852 0.0 0.11250932108432016 0.0 0.30717971250834997 0.0 0.29955448361281756 0.0 0.17499877036575678 0.0 0.18968673876286235 0.0
0 0.789551 0.628906 0.096680 0.117188 0.16336718118868745 0.26051200278739994 0.0 0.0 0.0 0.29315584520436094 0.0 0.0 0.0 0.2891632441248859 0.0 0.0 0.0
0 0.132812 0.296224 0.078125 0.115885 0.0 0.2722527898520283 0.0 0.18437518353824267 0.0 0.30817404503108925 0.0 0.2800706851150235 0.0 0.2075087120523374 0.0 0.2116846501126111 0.0
0 0.043945 0.619792 0.083984 0.127604 0.0 0.1795683560071598 0.011401203849946702 0.1971098749076669 0.0 0.25731771070950055 0.17550011972326054 0.2317914804579523 0.0 0.5332083337954312 0.9823379415755178 0.6487104850710912 0.0
0 0.063965 0.250651 0.081055 0.149740 0.0 0.2244052041988978 0.00911549091255728 0.13851266823576874 0.023704662383904306 0.27652554374149907 0.3298217153067468 0.28782872909418744 0.3223687808491427 0.19094595866100114 0.18208231845654962 0.2445849888247175 0.24280154157718087
0 0.708984 0.597656 0.076172 0.117188 0.0 0.25504470415771086 0.0 0.20462734126541055 0.0 0.28667308755422277 0.0 0.2963932576458672 0.0 0.28762015260939855 0.0 0.2829710907502633 0.0
0 0.959473 0.255859 0.081055 0.113281 0.0 0.0 0.22492970104867308 0.0 0.10058210906000249 0.0 0.31082823376733104 0.0 0.23378087983250811 0.0 0.30672530225525063 0.0 0.28312713021891767
0 0.783203 0.348307 0.087891 0.165365 0.16700416744948254 0.10662969228875824 0.0 0.05956990127488917 0.0 0.2849959148265672 0.0 0.292270826801329 0.0 0.2844724662186739 0.0 0.28583124231781315 0.0
0 0.587402 0.199870 0.149414 0.329427 0.2283259463126868 0.0 0.0 0.0 0.0 0.0 0.0 0.0 0.0 0.0 0.0 0.0 0.0
0 0.625000 0.582031 0.080078 0.119792 0.0 0.2370648755676138 0.0 0.05775813161229949 0.0 0.34703497824485335 0.0 0.308507927043709 0.0 0.2926770374991914 0.0 0.2939881126690651 0.0
0 0.444336 0.842448 0.078125 0.106771 0.0 0.25263719924260664 0.0 0.19443335473423018 0.0 0.3206377033416942 0.0 0.31181958784176916 0.0 0.17433428480517904 0.0 0.15938473721616334 0.0
0 0.564941 0.557292 0.067383 0.122396 0.0 0.2335628128585399 0.0 0.11336705933778969 0.0 0.3370344270478713 0.0 0.26381186041962446 0.0 0.2768678164791867 0.0 0.27533220718252127 0.0
0 0.017090 0.211589 0.032227 0.113281 0.0 0.28795845599112674 0.0 0.2272417315912652 0.0 0.2938435003519043 0.0 0.27572268540977957 0.0 0.20716576066501197 0.0 0.2576789002537061 0.0
0 0.075195 0.940755 0.113281 0.108073 0.018296029628652476 0.0711315678301647 0.0 0.02120748635288454 0.09231229090885816 0.3048090880702572 0.0 0.17353931308086157 0.28690987237275517 0.1877922235419031 0.0 0.47546282114315724 0.17773776667156557
0 0.978027 0.738932 0.043945 0.123698 0.0 0.2685394525514094 0.0 0.05229198382865824 0.0 0.31107212498601455 0.0 0.35627720915078354 0.0 0.29501107307371216 0.0 0.33094998224799055 0.0
0 0.965820 0.133464 0.068359 0.115885 0.0 0.0 0.22251695837248991 0.0 0.259141839556608 0.0 0.31168501478607036 0.0 0.3374246858121427 0.0 0.5374599247311884 0.0 0.4495707836340877
0 0.266113 0.427083 0.151367 0.203125 0.2157146718495686 0.014979449455237468 0.0 0.020868674602052727 0.0 0.3145400061595154 0.0 0.2917488340490058 0.0 0.2448792614578357 0.0 0.20677608066328773 0.0
0 0.460938 0.507161 0.166016 0.141927 0.03322153840429114 0.08413731128583014 0.0 0.030865498045299124 0.04899834985352394 0.27467675117636037 0.0 0.3701234741089304 0.23252162369892948 0.27221102845065337 0.0 0.29106524437168246 0.2020582603885243
0 0.645996 0.927734 0.079102 0.092448 0.0 0.13011618125701416 0.0 0.1443990481127914 0.0 0.2978479777822774 0.0 0.32291757371038166 0.0 0.17310793306063266 0.0 0.16754225981488213 0.0
0 0.964355 0.333333 0.067383 0.057292 0.0 0.0 0.10653867598902267 0.0 0.10226557917505087 0.0 0.3319495421402009 0.0 0.32038767316690014 0.0 0.32249896009722584 0.0 0.3194764862898362
0 0.250488 0.069661 0.112305 0.131510 0.0 0.15785838041214864 0.0 0.17324236271440635 0.0 0.31953036945652324 0.0 0.32775879415910075 0.0 0.21194461635429745 0.0 0.213080193485228 0.0
0 0.126953 0.044922 0.146484 0.087240 0.05569787030076115 0.03423177612694876 0.0 0.21626453102019655 0.0 0.2695711634275286 0.0 0.2545024629205288 0.0 0.19777326397336428 0.0 0.18367446343457522 0.0
0 0.457520 0.072917 0.149414 0.143229 0.08345010757498993 0.0 0.008760665543078415 0.06223871747456854 0.0547599595862836 0.0 0.2109509728706321 0.1830648658831931 0.15610196845989965 0.0 0.19475116202931417 0.20217632771223812 0.19653436782812853
0 0.946289 0.042318 0.085938 0.082031 0.0 0.041256269861130436 0.20686690831273916 0.16444366018116743 0.03907720762526054 0.3058734716292908 0.33676019668235774 0.31451150172493963 0.5023431462033896 0.372106936457779 0.6627227898126443 0.23962936646203983 0.6201464628310298
0 0.863770 0.029948 0.081055 0.057292 0.0 0.0 0.0 0.47574157213146323 0.0 0.0 0.0 0.2757577956806923 0.0 0.0 0.0 0.26722887958313507 0.0
0 0.952148 0.435547 0.066406 0.144531 0.29669705670600405 0.0 0.019816725718889528 0.0 0.0 0.0 0.3081060385227537 0.0 0.0 0.0 0.30941744028935875 0.0 0.0
0 0.375488 0.625000 0.106445 0.140625 0.0 0.0135017624032743 0.12518845941136023 0.0 0.1958777536768103 0.36689403868692294 0.31034623470493977 0.0 0.3100398964710502 0.2865357462421729 0.17183449138182896 0.0 0.17449691780138543
0 0.710938 0.957031 0.072266 0.085938 0.0 0.17335560645244621 0.045209853712817556 0.2350749866572297 0.0 0.35788257078078234 0.3498498845210726 0.27537477225196255 0.0 0.1916282945590854 0.17831019470542817 0.1694000823672503 0.0
0 0.799316 0.951823 0.100586 0.096354 0.030951186695631766 0.10953088198839038 0.05501600013185608 0.0 0.15783965999773847 0.3227281722988798 0.13192705579747369 0.0 0.35904407625206347 0.17314011084072256 0.18199009193000645 0.0 0.17275653509689248
0 0.205078 0.332682 0.078125 0.115885 0.0 0.294693842590127 0.0 0.2094335656146579 0.0 0.2906314789799699 0.0 0.3062218813919788 0.0 0.21380242780854103 0.0 0.21525887204848068 0.0
