0 0.892090 0.524740 0.086914 0.122396 0.0 0.2162022916592835 0.0 0.17412102863252302 0.0 0.28587608984235047 0.0 0.28316418195109416 0.0 0.6372209784030288 0.0 0.6507998484166465 0.0
0 0.800293 0.541667 0.102539 0.091146 0.0 0.22360954550576598 0.0 0.23306170647960167 0.0 0.29494267438580746 0.0 0.3074544651222462 0.0 0.6604611307617093 0.0 0.6620699641111312 0.0
0 0.132324 0.680990 0.102539 0.106771 0.0 0.1258756578690537 0.0 0.20594487498884684 0.0 0.27976374333840454 0.0 0.29299809287247547 0.0 0.7280744635025087 0.0 0.7308797942125352 0.0
0 0.229980 0.641276 0.088867 0.097656 0.0 0.15160670257948777 0.014763005177641942 0.17192010216875553 0.0 0.3547842700027512 0.46373881839752573 0.3511169688819163 0.0 0.467858220067326 0.694950977949052 0.6392871851156365 0.0
0 0.041992 0.706380 0.078125 0.115885 0.0 0.17378463827025764 0.0 0.22958466035482517 0.0 0.26167105528764373 0.0 0.24997556970894025 0.0 0.7314812100785295 0.0 0.7600114617145285 0.0
0 0.031738 0.539714 0.061523 0.092448 0.0 0.1902930080600299 0.0 0.2150298440799412 0.0 0.26836942536690467 0.0 0.27346618213783874 0.0 0.3343378876223779 0.0 0.3474663662439613 0.0
0 0.964355 0.511719 0.071289 0.138021 0.0 0.2056473660707372 0.0 0.21868150302678466 0.0 0.2520284399775417 0.0 0.2570121212308415 0.0 0.6372125328648198 0.0 0.642661753911567 0.0
0 0.791504 0.363281 0.081055 0.114583 0.0 0.14556235861808164 0.0 0.11085472683357249 0.0 0.2526089567869787 0.0 0.26578775879836447 0.0 0.6588243138726112 0.0 0.6519351017476935 0.0
0 0.431641 0.709635 0.085938 0.093750 0.0 0.14289277642586473 0.0 0.20819564122557094 0.0 0.23974486564329978 0.0 0.24413804488446675 0.0 0.721457148561628 0.0 0.7263046299424976 0.0
0 0.874023 0.328776 0.103516 0.113281 0.0 0.13297355172249653 0.0 0.06408331379889315 0.0 0.31647509729755924 0.0 0.3089757650537366 0.0 0.6574763842450513 0.0 0.6522345494585671 0.0
0 0.156250 0.854818 0.126953 0.131510 0.0 0.07945559514682303 0.12880324234362242 0.042969816358127216 0.11166040923794962 0.4229055022465979 0.20476862083390082 0.4410580329791135 0.26743441562681325 0.7199553417451239 0.6414429164774715 0.7116909853078752 0.7293060908002288
0 0.245117 0.807292 0.056641 0.119792 0.0 0.20289268512399508 0.0 0.18565652879631553 0.0 0.2813747374362411 0.0 0.2661346444237328 0.0 0.7193701463152352 0.0 0.7310240629860036 0.0
0 0.164551 0.578125 0.069336 0.091146 0.0 0.20641261119697207 0.0 0.20582336571707838 0.0 0.2682529254705518 0.0 0.2745374243157614 0.0 0.3317008274748267 0.0 0.32939611421181275 0.0
0 0.686523 0.406901 0.132812 0.118490 0.0 0.15226685077134017 0.0 0.09643994352362181 0.00586473503844498 0.25476330159475136 0.0 0.27878264531411995 0.2470923246610985 0.7716118347649579 0.0 0.6903842097514554 0.627748463377254
0 0.510254 0.684245 0.086914 0.095052 0.0 0.1695426775005016 0.0 0.21525974578793675 0.0 0.2773468172208633 0.0 0.2976523750020936 0.0 0.7204533384266085 0.0 0.7393996204012271 0.0
0 0.576660 0.641927 0.065430 0.109375 0.0 0.2936033900710404 0.0 0.1245592825886166 0.0 0.2575447003440935 0.0 0.2776936049767963 0.0 0.7306898947176882 0.0 0.7358127086130998 0.0
0 0.443359 0.529297 0.074219 0.089844 0.0 0.1570188122787316 0.0 0.27177317233644965 0.0 0.2949248430772331 0.0 0.2738543429316628 0.0 0.7331927795935439 0.0 0.7123394733835078 0.0
0 0.893066 0.936849 0.069336 0.092448 0.0 0.27261830322727004 0.0 0.0 0.0 0.28199942921657467 0.0 0.0 0.0 0.5840363986456487 0.0 0.0 0.0
0 0.475586 0.821615 0.076172 0.072917 0.0 0.18464617069961817 0.0 0.17555835813459367 0.0 0.18781762880243208 0.0 0.19318180223739445 0.0 0.7172969562291641 0.0 0.8061208545454324 0.0
0 0.180176 0.414714 0.071289 0.092448 0.0 0.21217457506581958 0.0 0.15806354032161202 0.0 0.24975671968893978 0.0 0.2561277200054404 0.0 0.30035670991868435 0.0 0.37763569126286145 0.0
0 0.962891 0.923177 0.074219 0.098958 0.0 0.1113433098584251 0.0 0.0 0.0 0.22464361022119309 0.0 0.0 0.0 0.5831230304126386 0.0 0.0 0.0
0 0.514648 0.468099 0.085938 0.152344 0.0 0.08568799235645796 0.06332813492938293 0.08560134243664641 0.03609964758901461 0.23778814454718333 0.36387018318772046 0.3345370738922954 0.38418906218084176 0.7371007102726621 0.7188868067129309 0.7120087404456974 0.7133396942900452
0 0.113281 0.390625 0.066406 0.091146 0.0 0.22167153325751984 0.0 0.1506073843552671 0.0 0.3098824782308777 0.0 0.25226184065544394 0.0 0.33565922566281237 0.0 0.3458991413934067 0.0
0 0.249512 0.445312 0.079102 0.091146 0.0 0.2380685272792642 0.0 0.14385600400717163 0.0 0.2748966055207248 0.0 0.2314700378464803 0.0 0.3676560816306355 0.0 0.30332103225439055 0.0
0 0.041504 0.367839 0.075195 0.102865 0.0 0.16494262924078 0.0 0.1389515857188421 0.0 0.28093973713426895 0.0 0.24869011074671132 0.0 0.31892480685033636 0.0 0.32661197732413394 0.0
0 0.701660 0.569661 0.104492 0.087240 0.0 0.193194705976402 0.0 0.17865944854835233 0.029563016931787818 0.3060586354770588 0.0 0.3070580997271206 0.29063458656771474 0.6225013678664834 0.0 0.6538909643620223 0.6426915512434078
0 0.390137 0.854167 0.100586 0.104167 0.013156391764905788 0.0 0.0 0.0 0.0 0.0 0.0 0.0 0.0 0.0 0.0 0.0 0.0
0 0.360840 0.565104 0.096680 0.085938 0.0 0.13584013900754885 0.0 0.1925973027617858 0.06534585275056569 0.27846283725015425 0.0 0.26639297356815583 0.2483633639057601 0.692251411452635 0.0 0.7806397713728289 0.7225578639002562
0 0.756348 0.029948 0.071289 0.057292 0.0 0.6080045604301405 0.0 0.0 0.0 0.15709605897153373 0.0 0.0 0.0 0.8933245915187327 0.0 0.0 0.0
0 0.702637 0.067708 0.077148 0.075521 0.0 0.48046790583035087 0.0 0.0 0.0 0.1612161400046473 0.0 0.0 0.0 0.8944873932794319 0.0 0.0 0.0
0 0.648926 0.118490 0.075195 0.083333 0.0 0.40816710409075585 0.0 0.0 0.0 0.15987270819053132 0.0 0.0 0.0 0.8771470607965851 0.0 0.0 0.0
0 0.095703 0.563151 0.066406 0.087240 0.0 0.21688584601058591 0.0 0.23181490916385447 0.0 0.26615249625099285 0.0 0.2715756798442335 0.0 0.32544300815726107 0.0 0.3590533268249437 0.0
0 0.162598 0.942708 0.088867 0.057292 0.0 0.0 0.3252855130240559 0.0 0.2643924658621865 0.0 0.29615269836496433 0.0 0.2870116939942897 0.0 0.7083664750345849 0.0 0.7458149615881127
0 0.811035 0.958984 0.096680 0.082031 0.0 0.23263380009862988 0.0 0.0 0.0 0.29257082645613297 0.0 0.0 0.0 0.5583337137799738 0.0 0.0 0.0
0 0.711914 0.967448 0.101562 0.065104 0.0 0.0 0.4198144935938162 0.0 0.0 0.0 0.11436759122316899 0.0 0.0 0.0 0.9702716534967825 0.0 0.0
0 0.520996 0.792969 0.036133 0.072917 0.0 0.16492599215623985 0.0 0.06028348317166765 0.0 0.1719244170493727 0.0 0.19516236883469182 0.0 0.7415499713889993 0.0 0.7028967368559651 0.0
0 0.265625 0.114583 0.324219 0.226562 0.4352717994545158 0.0 0.0 0.0 0.0 0.0 0.0 0.0 0.0 0.0 0.0 0.0 0.0
0 0.940430 0.115234 0.119141 0.170573 0.280746489483407 0.0 0.0 0.0 0.0 0.0 0.0 0.0 0.0 0.0 0.0 0.0 0.0
0 0.287598 0.972005 0.053711 0.055990 0.0 0.0 0.37288945940654317 0.0 0.0 0.0 0.0888742882147491 0.0 0.0 0.0 0.6855182590322921 0.0 0.0
0 0.336914 0.958984 0.056641 0.082031 0.026606729528875696 0.0 0.3364506472306594 0.0 0.0 0.0 0.15311870745229167 0.0 0.0 0.0 0.7376769227381037 0.0 0.0
0 0.549316 0.782552 0.034180 0.057292 0.0 0.19525718932310437 0.0 0.05631367716901763 0.0 0.2062761427576137 0.0 0.2343972390125485 0.0 0.8610166911684822 0.0 0.7290046037214034 0.0
0 0.579590 0.773438 0.034180 0.057292 0.0 0.16794468348710392 0.0 0.07321015864569375 0.0 0.22780928402278502 0.0 0.1872650704810766 0.0 0.7433632348316561 0.0 0.7156019511860595 0.0
0 0.019043 0.043620 0.036133 0.084635 0.0 0.0 0.2876202688604271 0.07064093185789477 0.0 0.0 0.23963773960155293 0.2146948870305682 0.0 0.0 0.4398115524625098 0.4602765785425504 0.0
