0 0.137370 0.377930 0.095052 0.115234 0.0 0.0 0.19327386224755588 0.0 0.21793906011700911 0.0 0.21607376119136804 0.0 0.21542812125292127 0.0 0.33847327371881747 0.0 0.3442198410899838
0 0.102865 0.487793 0.106771 0.104492 0.0 0.0 0.1894132551328729 0.0 0.18394140212410945 0.0 0.21851484521004935 0.0 0.2199135777966139 0.0 0.3397590947755677 0.0 0.3410876741326621
0 0.441406 0.691406 0.153646 0.146484 0.0 0.0 0.17727754073896898 0.0 0.19492405349808217 0.0 0.17898964601471146 0.0 0.17967379898377212 0.0 0.5474895653619386 0.0 0.545617259991629
0 0.860026 0.211914 0.139323 0.154297 0.0 0.0 0.19186085304814518 0.0 0.21779015379981478 0.0 0.15732378544477302 0.0 0.15791851073991772 0.0 0.5482433953165226 0.0 0.5414385502574154
0 0.064453 0.594238 0.105469 0.108398 0.0 0.0 0.18299037094861947 0.0 0.2181908107928125 0.0 0.22100563154894576 0.0 0.21327979049807727 0.0 0.3404491949120796 0.0 0.3498271997978853
0 0.502604 0.534668 0.148438 0.153320 0.0 0.0 0.17659099166510217 0.0 0.18932041318972048 0.0 0.1752120183311946 0.0 0.17616524653952784 0.0 0.5468259033907725 0.0 0.5424483557807065
0 0.376302 0.051270 0.156250 0.100586 0.02088086341561686 0.0 0.16448951137779785 0.0 0.20733847392547108 0.0 0.15600682246599695 0.0 0.1583317070270285 0.0 0.5517896627359017 0.0 0.5438679946757339
0 0.884115 0.736816 0.153646 0.157227 0.0 0.0 0.17597427095307383 0.0 0.18850755121291743 0.0 0.17550388361375263 0.0 0.17202352427339884 0.0 0.5442925719980541 0.0 0.5426100035910635
0 0.221354 0.960449 0.328125 0.079102 0.23882734305320424 0.0 0.0 0.0 0.0 0.0 0.0 0.0 0.0 0.0 0.0 0.0 0.0
0 0.832031 0.972168 0.307292 0.055664 0.0 0.26334399657199165 0.0 0.0 0.0 0.06715633397440159 0.0 0.0 0.0 0.3948572341092205 0.0 0.0 0.0
0 0.551432 0.373047 0.128906 0.150391 0.0 0.0 0.20648184972035472 0.0 0.23504809159456677 0.0 0.17482693017340709 0.0 0.17553106493197387 0.0 0.5472990600023383 0.0 0.5414339967979689
0 0.389323 0.817383 0.143229 0.080078 0.04697940472091746 0.0 0.23770740056563305 0.0 0.18222987562409512 0.0 0.18494889212475146 0.0 0.1831396364836483 0.0 0.543617550094206 0.0 0.539154990344908
0 0.089844 0.020996 0.145833 0.040039 0.05272506676985126 0.0 0.0734752025292537 0.0 0.216531955582521 0.0 0.17369892139442783 0.0 0.16992266270392492 0.0 0.6632798650863954 0.0 0.5157357895007496
0 0.060547 0.171875 0.118490 0.113281 0.19502824763741738 0.0 0.0 0.0 0.0 0.0 0.0 0.0 0.0 0.0 0.0 0.0 0.0
0 0.045573 0.698730 0.088542 0.116211 0.0 0.0 0.184027036757505 0.0 0.14618314984933078 0.0 0.21725383655588545 0.0 0.21421514030988553 0.0 0.341417540597038 0.0 0.36379033976059383
0 0.933594 0.579590 0.132812 0.149414 0.0 0.0 0.2302556165207956 0.0 0.2204396188742242 0.0 0.18453274875934603 0.0 0.17983464018124065 0.0 0.5254110120721808 0.0 0.5429405847468922
0 0.961589 0.438965 0.076823 0.149414 0.0 0.0 0.045187318826261744 0.0 0.36496657441287067 0.0 0.1847683040747769 0.0 0.17708431978840666 0.0 0.5561507346199203 0.0 0.5415403959670395
