0 0.494629 0.555339 0.104492 0.199219 0.0 0.0 0.19098000553220995 0.0 0.22354431227177912 0.0 0.18175797138991656 0.0 0.17541338904706627 0.0 0.5437543198891487 0.0 0.5436688346943969
0 0.399902 0.285156 0.096680 0.213542 0.0 0.0 0.1997782447420511 0.0 0.22677755236139863 0.0 0.15732378544477302 0.0 0.15791851073991772 0.0 0.5482433953165226 0.0 0.5414385502574154
0 0.792480 0.485026 0.092773 0.217448 0.0 0.0 0.1477734595592672 0.0 0.22431310368756616 0.0 0.1482034455531589 0.0 0.14679490077957846 0.0 0.7150328155555081 0.0 0.717977962725962
0 0.125977 0.715495 0.111328 0.204427 0.0 0.0 0.17659099166510217 0.0 0.18932041318972048 0.0 0.1752120183311946 0.0 0.17616524653952784 0.0 0.5468259033907725 0.0 0.5424483557807065
0 0.452148 0.770833 0.111328 0.200521 0.0 0.0 0.20468040279240923 0.0 0.19595469880104482 0.0 0.18453274875934603 0.0 0.17983464018124065 0.0 0.5254110120721808 0.0 0.5429405847468922
0 0.161621 0.501953 0.108398 0.204427 0.0 0.0 0.18064051648800875 0.0 0.20563167524248382 0.0 0.17482693017340709 0.0 0.17553106493197387 0.0 0.5472990600023383 0.0 0.5414339967979689
0 0.630859 0.938802 0.158203 0.122396 0.3329864099249146 0.0 0.0 0.0 0.0 0.0 0.0 0.0 0.0 0.0 0.0 0.0 0.0
0 0.718750 0.128906 0.123047 0.143229 0.0 0.11629409155380127 0.0 0.2044387897676307 0.0 0.2806754867030893 0.0 0.24288627002534827 0.0 0.2525292209475595 0.0 0.2506287031014286 0.0
0 0.842773 0.619792 0.115234 0.223958 0.0 0.0 0.12758711869819178 0.0 0.13954515024107855 0.0 0.14693059850496476 0.0 0.14441344222514882 0.0 0.7158821116333038 0.0 0.720506226855566
0 0.042969 0.068359 0.083984 0.134115 0.0 0.0 0.2667597795139284 0.0 0.2321603715143154 0.0 0.15741032060624793 0.0 0.15637972584418514 0.0 0.5510760218041214 0.0 0.5428819969020114
0 0.081543 0.911458 0.118164 0.169271 0.0 0.0 0.1962496507750916 0.0 0.20678773680289345 0.0 0.17896188226212584 0.0 0.1793407814288912 0.0 0.5470709127113121 0.0 0.5471408475224867
0 0.413574 0.939453 0.098633 0.121094 0.0 0.0 0.23544748884595246 0.0 0.16384262601720326 0.0 0.17378254515097963 0.0 0.17769931815684264 0.0 0.5409297046442637 0.0 0.5474735536260571
0 0.873047 0.801432 0.115234 0.222656 0.0 0.0 0.10845311957829962 0.0 0.14269619697183128 0.0 0.14653378799432465 0.0 0.14307820267576915 0.0 0.7160397372211494 0.0 0.7141356335257042
0 0.924316 0.931641 0.102539 0.136719 0.0 0.0 0.2570137847057369 0.0 0.16521091502919052 0.0 0.1330874072437134 0.0 0.14535491078824261 0.0 0.7481056160450854 0.0 0.7219243259092423
0 0.871094 0.093099 0.101562 0.123698 0.0 0.18769771952126288 0.0 0.1320349387325684 0.0 0.1222493551350739 0.0 0.13026260253807126 0.0 0.7135471064838362 0.0 0.7232292993232035 0.0
0 0.970215 0.050130 0.059570 0.097656 0.0 0.2654716719867349 0.0 0.09620813535388671 0.0 0.12405736921046952 0.0 0.13959664860410306 0.0 0.7088199325592706 0.0 0.7512776988228337 0.0
0 0.600586 0.037109 0.115234 0.071615 0.1482869881710524 0.0 0.0 0.21632503864550703 0.0 0.0 0.0 0.25658077809748275 0.0 0.0 0.0 0.24704763491959056 0.0
