0 0.731120 0.031738 0.121094 0.061523 0.0 0.0 0.1407955333124185 0.08677680332892222 0.14469964979078925 0.0 0.27418744470668566 0.27381821727423394 0.29116771205045133 0.0 0.7343223512182427 0.7266231444307922 0.7459181733355706
0 0.649740 0.102051 0.156250 0.088867 0.0 0.14713246518344542 0.05048146615951442 0.11890228250278197 0.0 0.2864150924322728 0.2773287433031948 0.29085477021050665 0.0 0.7455493507120049 0.7486351833787337 0.745673604499829 0.0
0 0.222005 0.384277 0.175781 0.172852 0.3777298650063074 0.0 0.0 0.0 0.0 0.0 0.0 0.0 0.0 0.0 0.0 0.0 0.0
0 0.177083 0.629883 0.216146 0.222656 0.012830359560414756 0.047880543268132736 0.10704109923415066 0.03981690460193132 0.11319023162296613 0.33714023671345406 0.281156391243143 0.30088286493099764 0.34415154837121587 0.7004877696309008 0.6956499912657419 0.6576672728001463 0.6702934058548337
0 0.343099 0.863770 0.253906 0.268555 0.28389360107599954 0.0 0.0 0.0 0.0 0.0 0.0 0.0 0.0 0.0 0.0 0.0 0.0
0 0.499349 0.142578 0.165365 0.091797 0.0 0.1918583972732292 0.0 0.13032532140594755 0.05461304396173419 0.27632837239392116 0.0 0.28131751198406 0.26713019622654305 0.7485978918115538 0.0 0.7444380232789733 0.7443798629525022
0 0.444010 0.265137 0.125000 0.145508 0.0 0.050923866629084644 0.15125330377443486 0.0 0.1326780551119007 0.2700366856381149 0.2835607764721675 0.0 0.2950863162802648 0.7473063030395044 0.7471910157697254 0.0 0.7474285558340329
0 0.964193 0.310059 0.071615 0.086914 0.0 0.19389962025556917 0.0 0.15090672263510632 0.0 0.29284427890791886 0.0 0.2905802587070352 0.0 0.7540174192449867 0.0 0.75359434720732 0.0
0 0.949219 0.041992 0.101562 0.082031 0.020391778567927208 0.0 0.033652074846005464 0.04814884411069797 0.21293240020590704 0.0 0.3272027426860002 0.35214530147478873 0.29885912730384623 0.0 0.7990655246333167 0.7583281236480837 0.7373059367234113
0 0.852865 0.346191 0.151042 0.108398 0.0 0.18018101027037375 0.0 0.13552894340740243 0.06101672643842738 0.27466929615459496 0.0 0.2780948025813231 0.2609794818456454 0.7478489236235665 0.0 0.7428862042995465 0.7441867962719632
0 0.809245 0.471680 0.149740 0.150391 0.0 0.03864369477494115 0.1471483643714523 0.006513909811865985 0.1222058474466516 0.26868612783341556 0.280463783323462 0.2069748648509485 0.2904802904381067 0.7468237881201385 0.7484366525468585 0.7671941645367049 0.7445436357106009
0 0.883464 0.606445 0.149740 0.150391 0.0 0.0 0.17819688998887467 0.0 0.1627844081795751 0.0 0.2864451070447532 0.0 0.2942340866558425 0.0 0.7467953960347999 0.0 0.7483105609288537
0 0.945312 0.739258 0.109375 0.150391 0.0 0.0 0.17965158844107681 0.0 0.23188357735233064 0.0 0.2851718054752889 0.0 0.28635522896099197 0.0 0.7452988446694071 0.0 0.746295351559737
0 0.513021 0.397949 0.125000 0.145508 0.0 0.0 0.185142752441072 0.0 0.16976932809078554 0.0 0.28918634083678696 0.0 0.2955585994904466 0.0 0.7482527686762037 0.0 0.7470607880927231
0 0.592448 0.538574 0.125000 0.145508 0.0 0.0 0.1748152537297992 0.0 0.1599729368073483 0.0 0.2940037270723378 0.0 0.29886757962337346 0.0 0.7476014721933476 0.0 0.7454780055890586
0 0.662760 0.672363 0.125000 0.145508 0.0 0.0 0.17347625005612374 0.0 0.19074854003921815 0.0 0.29353295273326335 0.0 0.29359938422898685 0.0 0.7463101869852614 0.0 0.7468057943637092
0 0.736979 0.800293 0.125000 0.145508 0.0 0.0 0.16349558914951942 0.0 0.154625845209044 0.0 0.29293640538842464 0.0 0.29780977087074084 0.0 0.7487330068658464 0.0 0.7501646651975054
0 0.809896 0.925781 0.130208 0.130859 0.0 0.0 0.10761562215204086 0.044248568319152505 0.1126177362268389 0.0 0.29154737899887545 0.2741454600343925 0.29682395204437095 0.0 0.7504386189380848 0.7342802418363211 0.742671708532073
0 0.278646 0.096191 0.234375 0.100586 0.0 0.12389499370281301 0.0 0.11568402388146992 0.0 0.3003072748467586 0.0 0.2402175489116578 0.0 0.7355926803949141 0.0 0.7790998249925113 0.0
0 0.246094 0.034668 0.203125 0.067383 0.0 0.19681372979458156 0.0 0.1298534771233282 0.0 0.2579360162732138 0.0 0.2569882615440605 0.0 0.7358048716051292 0.0 0.7500114576417041 0.0
