0 0.054688 0.436849 0.107422 0.240885 0.3272750271220079 0.0 0.0 0.0 0.0 0.0 0.0 0.0 0.0 0.0 0.0 0.0 0.0
0 0.561035 0.610677 0.141602 0.208333 0.0 0.0 0.1214337590362461 0.0 0.1512932746099986 0.0 0.16943917702993266 0.0 0.1667347423169466 0.0 0.548681855515742 0.0 0.5473258697580032
0 0.432129 0.262370 0.170898 0.199219 0.27398841349339254 0.0 0.0 0.0 0.0 0.0 0.0 0.0 0.0 0.0 0.0 0.0 0.0
0 0.929199 0.291016 0.092773 0.152344 0.0 0.1185224289975908 0.0 0.11432486715637664 0.0 0.17859906360894867 0.0 0.18062401386663451 0.0 0.25123839108541784 0.0 0.2519126268834094 0.0
0 0.860352 0.250000 0.085938 0.148438 0.0 0.1341578223727738 0.0 0.0892103845173873 0.0 0.17030177345626502 0.0 0.1585369178159488 0.0 0.24370355406603214 0.0 0.2682316184123667 0.0
0 0.793457 0.707031 0.137695 0.200521 0.0 0.0 0.13623209541436304 0.0 0.15663521094796606 0.0 0.15697204731802467 0.0 0.15834080787397156 0.0 0.5511826581325383 0.0 0.5451865027279739
0 0.969238 0.403646 0.061523 0.226562 0.0 0.08932853598400768 0.0 0.12707614716344 0.0 0.2722761155091635 0.0 0.2651140008753428 0.0 0.2467605190655574 0.0 0.25414238008345524 0.0
0 0.121582 0.217448 0.124023 0.247396 0.30019607554164096 0.0 0.0 0.0 0.0 0.0 0.0 0.0 0.0 0.0 0.0 0.0 0.0
0 0.275391 0.257161 0.173828 0.222656 0.3804236485760274 0.0 0.0 0.0 0.0 0.0 0.0 0.0 0.0 0.0 0.0 0.0 0.0
0 0.779297 0.163411 0.083984 0.136719 0.0 0.24384173164196357 0.0 0.15785085323572728 0.0 0.19540564579543745 0.0 0.19833839767805483 0.0 0.24845174979504334 0.0 0.2577494029841388 0.0
0 0.511230 0.876302 0.129883 0.138021 0.2805833992518147 0.0 0.0 0.0 0.0 0.0 0.0 0.0 0.0 0.0 0.0 0.0 0.0
0 0.708496 0.138672 0.083008 0.147135 0.0 0.189483821503294 0.0 0.2921114334771752 0.0 0.1888745617800483 0.0 0.193479745422597 0.0 0.24986908993881182 0.0 0.2394748524048162 0.0
0 0.373535 0.813802 0.129883 0.138021 0.27799976011468963 0.0 0.0 0.0 0.0 0.0 0.0 0.0 0.0 0.0 0.0 0.0 0.0
