0 0.171875 0.134277 0.160156 0.180664 0.33358030920141507 0.0 0.0 0.0 0.0 0.0 0.0 0.0 0.0 0.0 0.0 0.0 0.0
0 0.132324 0.360352 0.159180 0.228516 0.0020401079974356863 0.03242967724130695 0.08975247566386488 0.0301793393449908 0.10603127791129903 0.3404443641256788 0.3021080895838168 0.2796281054171222 0.34574467618402743 0.6951543167087266 0.6922111600967094 0.5970937692279213 0.6718045992417027
0 0.932129 0.378418 0.135742 0.204102 0.1855203359451556 0.0 0.0 0.0 0.0 0.0 0.0 0.0 0.0 0.0 0.0 0.0 0.0
0 0.616699 0.813965 0.112305 0.141602 0.019096894947960883 0.026281357957967943 0.17641754847823082 0.0 0.14996000106431093 0.2967556573477028 0.2954912204699424 0.0 0.2925830505943018 0.7388377032695871 0.7462353205228589 0.0 0.7445327074079289
0 0.673340 0.935547 0.129883 0.128906 0.027661359797529293 0.0015446525140299088 0.15498001763201405 0.0 0.1541911953084728 0.06700949991012811 0.2944904781520643 0.0 0.29148034164399333 0.5615541479736348 0.7481609405773625 0.0 0.7469143184805217
0 0.449219 0.868652 0.134766 0.141602 0.36155470792496996 0.0 0.0 0.0 0.013130648477478971 0.0 0.0 0.0 0.26536437090532783 0.0 0.0 0.0 0.641617976445541
0 0.946777 0.172852 0.106445 0.128906 0.02291332492560463 0.0 0.13906547753615178 0.05002956388060897 0.11125032626813713 0.0 0.3044900908035635 0.31690711648599623 0.32317009151925125 0.0 0.7452636881679292 0.7494431859027587 0.744575020986504
0 0.836914 0.788086 0.111328 0.121094 0.0 0.033887217525400304 0.12449214480663978 0.0 0.10964530486614546 0.27675457821292815 0.27763953313218376 0.0 0.2779848127429424 0.7366765555252044 0.7452706132208377 0.0 0.7463703318586254
0 0.318848 0.816406 0.137695 0.132812 0.060124510617280295 0.0 0.12587722165337067 0.0 0.12834553412869154 0.0 0.19548663306689806 0.0 0.20109570894711998 0.0 0.7712350650864535 0.0 0.7624877569160768
0 0.756348 0.061523 0.122070 0.121094 0.0 0.09908442313333161 0.03266685188931182 0.12368126641497443 0.0 0.2809124530416218 0.28662260452270877 0.2753923114770894 0.0 0.7443404831199034 0.7557517282296993 0.7483349497644288 0.0
0 0.966797 0.717285 0.066406 0.069336 0.0 0.18111850492131087 0.0 0.08623248154102832 0.05805622006037516 0.2707085664613502 0.0 0.2823005455750298 0.26297410889586703 0.7515026953745696 0.0 0.7424927095123628 0.7362136887808352
0 0.903320 0.062988 0.128906 0.124023 0.019504608920113218 0.00857323040709731 0.15677253394627305 0.0 0.10843327954531068 0.2768759060633378 0.3068526186445228 0.0 0.31595339367020625 0.7564979921695537 0.749213188137246 0.0 0.7335146964869586
0 0.762207 0.612305 0.108398 0.148438 0.0 0.0 0.10878072920171672 0.04281680699070799 0.11178257467526667 0.0 0.273067841387895 0.2714437669170383 0.2836748997400562 0.0 0.747849787515173 0.7353813442215179 0.7433327190617487
0 0.246582 0.606445 0.237305 0.281250 0.22271046365479763 0.0 0.0 0.0 0.0 0.0 0.0 0.0 0.0 0.0 0.0 0.0 0.0
0 0.342773 0.045410 0.123047 0.088867 0.0 0.0 0.17156089648608233 0.0 0.1672518765826105 0.0 0.27892703735944596 0.0 0.2835229901159485 0.0 0.7427489263520167 0.0 0.7502869141106923
0 0.940430 0.554199 0.119141 0.081055 0.0 0.09389670204496717 0.0 0.1423148795919482 0.02381409374241971 0.2834604469496786 0.0 0.2679937838188845 0.28101363567989773 0.7455803782436025 0.0 0.7446420182621846 0.7316483903395986
0 0.388184 0.150879 0.129883 0.159180 0.0 0.0 0.14130988175632658 0.0 0.14678457665304306 0.0 0.2921254862096714 0.0 0.2880817915481808 0.0 0.748094403151198 0.0 0.7468331151203892
0 0.437988 0.280762 0.129883 0.159180 0.0 0.0 0.1531595721560566 0.0 0.13712008276484242 0.0 0.2870262371940439 0.0 0.29715298079172414 0.0 0.7472481047675379 0.0 0.745838487795254
0 0.502441 0.428223 0.129883 0.159180 0.0 0.0 0.1457816368225 0.0 0.13220498019327598 0.0 0.2895779231901017 0.0 0.29444854688558286 0.0 0.7462401585735209 0.0 0.7462660576372968
0 0.544434 0.549805 0.129883 0.160156 0.0 0.0 0.14367500803366381 0.0 0.14385757925750456 0.0 0.28351788111049214 0.0 0.29276238510620356 0.0 0.7490073527975086 0.0 0.7499003254036697
0 0.604980 0.678223 0.112305 0.114258 0.0 0.0 0.11700177653574943 0.05067553108720432 0.12853831209815533 0.0 0.2923444638835454 0.2696035754640905 0.2937339100474304 0.0 0.750613414862594 0.7372072814596348 0.7430368959796962
0 0.638184 0.085449 0.122070 0.122070 0.0 0.14869852503285352 0.0 0.11895055274091078 0.03714142578505622 0.28127012640440213 0.0 0.29016631473007387 0.2745712828321529 0.7475973449891378 0.0 0.7448385759282992 0.7464346874188051
0 0.885742 0.894531 0.111328 0.121094 0.0 0.0 0.2063630353951806 0.0 0.16826911310564116 0.0 0.2786316561666131 0.0 0.28709685339591207 0.0 0.7469488286454053 0.0 0.7462745574282638
0 0.922363 0.972168 0.096680 0.055664 0.0 0.0 0.16834924051116174 0.0 0.17714728193851748 0.0 0.2906171897982383 0.0 0.28704713639915713 0.0 0.7534016688365224 0.0 0.7396268102000811
0 0.722168 0.478027 0.098633 0.133789 0.0 0.0 0.28593013052423255 0.0 0.24713281774431475 0.0 0.28739655279166276 0.0 0.28619512852065887 0.0 0.7335451326089384 0.0 0.7451838521088036
0 0.660645 0.337402 0.116211 0.157227 0.0 0.0 0.15198872304681713 0.0 0.14972837928045182 0.0 0.29750483669027444 0.0 0.2962759177697674 0.0 0.7471569027693705 0.0 0.7476841566909728
0 0.609375 0.223633 0.091797 0.166016 0.0 0.039997122569962545 0.19497382468059268 0.0 0.1613972427378354 0.27364197546837593 0.2793778350007953 0.0 0.2834645837764361 0.7411900204197396 0.7478623095286514 0.0 0.7447837548054224
