0 0.652995 0.202474 0.102865 0.115885 0.018261366495541994 0.05491536157570271 0.0 0.1862871856981678 0.0 0.27957683097430114 0.0 0.2830916017214819 0.0 0.2851184060984044 0.0 0.2467562135150034 0.0
0 0.541016 0.169271 0.126302 0.106771 0.00829201752059345 0.06661059968680538 0.0 0.1767658990559639 0.0 0.2676797508839562 0.0 0.2825796266096841 0.0 0.2472423509660064 0.0 0.2647338026474125 0.0
0 0.529948 0.611979 0.132812 0.205729 0.0 0.0 0.201265796825015 0.0 0.2284661417311782 0.0 0.15732378544477302 0.0 0.15791851073991772 0.0 0.5482433953165226 0.0 0.5414385502574154
0 0.416016 0.113281 0.113281 0.125000 0.0 0.18917600518052283 0.0 0.2295295887590701 0.0 0.252253975443349 0.0 0.26323733296844093 0.0 0.2453335407659602 0.0 0.265644266863775 0.0
0 0.851562 0.308594 0.101562 0.106771 0.0 0.17747589692719587 0.0 0.17064076850212853 0.0 0.27100193407433426 0.0 0.24885779208903178 0.0 0.2551942089797169 0.0 0.260492350996657 0.0
0 0.655599 0.896484 0.136719 0.201823 0.0 0.0 0.19210652353719257 0.0 0.2248629146667463 0.0 0.18175797138991656 0.0 0.17541338904706627 0.0 0.5437543198891487 0.0 0.5436688346943969
0 0.067057 0.375000 0.131510 0.210938 0.0 0.0 0.18079352889790237 0.0 0.207870490803333 0.0 0.15697204731802467 0.0 0.15834080787397156 0.0 0.5511826581325383 0.0 0.5451865027279739
0 0.330729 0.067057 0.111979 0.113281 0.0 0.21639632231100622 0.0 0.25624043240072614 0.0 0.2704546743288204 0.0 0.27035209698052215 0.0 0.25528019347226816 0.0 0.26065223338139465 0.0
0 0.213542 0.837240 0.148438 0.205729 0.0 0.0 0.17477361097249217 0.0 0.19895309818181023 0.0 0.17482693017340709 0.0 0.17553106493197387 0.0 0.5472990600023383 0.0 0.5414339967979689
0 0.942708 0.462891 0.114583 0.139323 0.0 0.16771758391037078 0.0 0.3198976164476371 0.0 0.28321250606072773 0.0 0.24264646056115524 0.0 0.25123619024668514 0.0 0.24940260825442048 0.0
0 0.167318 0.973307 0.134115 0.053385 0.0 0.0 0.21062773622524375 0.0 0.18458233055320664 0.0 0.17480118158037192 0.0 0.1741765505150415 0.0 0.5362231825555633 0.0 0.5794034146312655
0 0.759115 0.281250 0.101562 0.106771 0.02497875384653447 0.1451313311126547 0.0 0.20577739093236241 0.0 0.2670914868482847 0.0 0.262576440019649 0.0 0.23688116413304722 0.0 0.2445005814871021 0.0
0 0.947266 0.072266 0.105469 0.141927 0.32532710717276137 0.0 0.0 0.0 0.0 0.0 0.0 0.0 0.0 0.0 0.0 0.0 0.0
