0 0.762370 0.252441 0.089844 0.088867 0.25524230580946305 0.0 0.0 0.0 0.0 0.0 0.0 0.0 0.0 0.0 0.0 0.0 0.0
0 0.759115 0.578613 0.096354 0.092773 0.0 0.2247507816881546 0.0 0.27269290545032054 0.0 0.252253975443349 0.0 0.26323733296844093 0.0 0.2453335407659602 0.0 0.265644266863775 0.0
0 0.571615 0.461426 0.101562 0.088867 0.0 0.18559830914457903 0.0 0.17902520406355688 0.0 0.17859906360894867 0.0 0.18062401386663451 0.0 0.25123839108541784 0.0 0.2519126268834094 0.0
0 0.674479 0.232910 0.093750 0.086914 0.29838063058567005 0.0 0.0 0.0 0.0 0.0 0.0 0.0 0.0 0.0 0.0 0.0 0.0
0 0.273438 0.361328 0.106771 0.130859 0.0 0.16563451997989975 0.0 0.25534495072335894 0.0 0.1888745617800483 0.0 0.193479745422597 0.0 0.24986908993881182 0.0 0.2394748524048162 0.0
0 0.379557 0.788574 0.149740 0.147461 0.0 0.0 0.17601340563753884 0.0 0.19395624252962515 0.0 0.15740752987679293 0.0 0.15824690520876444 0.0 0.5507696356447902 0.0 0.5448707962063376
0 0.480469 0.439453 0.093750 0.093750 0.0 0.19471517274937306 0.0 0.12947896086204128 0.0 0.17030177345626502 0.0 0.1585369178159488 0.0 0.24370355406603214 0.0 0.2682316184123667 0.0
0 0.881510 0.624512 0.101562 0.073242 0.011274308950222276 0.09056764271946154 0.0 0.2403411899301089 0.0 0.2676797508839562 0.0 0.2825796266096841 0.0 0.2472423509660064 0.0 0.2647338026474125 0.0
0 0.322917 0.087891 0.187500 0.101562 0.28968435127134184 0.0 0.0 0.0 0.0 0.0 0.0 0.0 0.0 0.0 0.0 0.0 0.0
0 0.667318 0.552734 0.108073 0.101562 0.0 0.18756687714677348 0.0 0.22210274736124108 0.0 0.2704546743288204 0.0 0.27035209698052215 0.0 0.25528019347226816 0.0 0.26065223338139465 0.0
0 0.462240 0.097168 0.083333 0.086914 0.38416004618967736 0.0 0.0 0.0 0.0 0.0 0.0 0.0 0.0 0.0 0.0 0.0 0.0
0 0.863281 0.942871 0.143229 0.114258 0.03329534258899968 0.0 0.23162551163676715 0.0 0.1955217623442788 0.0 0.1623946378408976 0.0 0.16132288120493532 0.0 0.5474051176619504 0.0 0.5472188634610063
0 0.033854 0.203125 0.065104 0.093750 0.0 0.0493188967091699 0.0 0.07923838291557687 0.0 0.18935200993771162 0.0 0.23195172803336866 0.0 0.23665859339211784 0.0 0.17089208814781942 0.0
0 0.082682 0.711914 0.144531 0.148438 0.0 0.0 0.16697861602897757 0.0 0.20803721971028732 0.0 0.16943917702993266 0.0 0.1667347423169466 0.0 0.548681855515742 0.0 0.5473258697580032
0 0.559896 0.085449 0.111979 0.086914 0.3148409867306068 0.0 0.0 0.0 0.0 0.0 0.0 0.0 0.0 0.0 0.0 0.0 0.0
0 0.090495 0.221680 0.066406 0.093750 0.0 0.16206442597770707 0.0 0.10846615040987469 0.0 0.10219741913648865 0.0 0.2360906416377871 0.0 0.2037475545493837 0.0 0.23519573888980289 0.0
0 0.145182 0.237305 0.066406 0.093750 0.12037284328249023 0.0 0.0 0.10581823259263634 0.0 0.0 0.0 0.23225385512272542 0.0 0.0 0.0 0.2560562749798837 0.0
0 0.186849 0.258789 0.092448 0.109375 0.0 0.1491747825949741 0.0 0.07220992587541455 0.0 0.2574055525247488 0.0 0.23939514420299018 0.0 0.20897409119326818 0.0 0.21569190604185925 0.0
0 0.363281 0.388672 0.106771 0.130859 0.0 0.1761053466786872 0.0 0.21070067533984274 0.0 0.19638837728806313 0.0 0.19611284213930336 0.0 0.24376492308556733 0.0 0.25650744692005834 0.0
0 0.962891 0.655273 0.074219 0.083984 0.014188415536041736 0.06803084724377642 0.0 0.31937535803570266 0.0 0.29535394911435336 0.0 0.2836087733443264 0.0 0.2827124858203879 0.0 0.25062134167532313 0.0
0 0.850911 0.250488 0.089844 0.088867 0.38723401574527455 0.0 0.0 0.0 0.0 0.0 0.0 0.0 0.0 0.0 0.0 0.0 0.0
0 0.948568 0.394531 0.097656 0.085938 0.0 0.19198542164326554 0.0 0.15830461592891376 0.0 0.16987244623651823 0.0 0.15757752089984917 0.0 0.6325500939553876 0.0 0.5828208728822789 0.0
