0 0.541992 0.319010 0.087891 0.161458 0.0 0.0 0.2065980394808805 0.04020332468568106 0.15434967340092257 0.0 0.27829661990719595 0.2817168874080764 0.27746081876692413 0.0 0.7674160027575362 0.7285673198325412 0.7315450268101589
0 0.685059 0.195312 0.088867 0.138021 0.0 0.0 0.20204956754264655 0.0 0.20762784939389325 0.0 0.3237621703664072 0.0 0.3299416124112438 0.0 0.7455308244554675 0.0 0.7403401855133938
0 0.461914 0.091146 0.078125 0.117188 0.0 0.0 0.1757858739884759 0.0 0.20168253651021031 0.0 0.34123227168179926 0.0 0.31527183989626095 0.0 0.7465292273573941 0.0 0.7394760906923962
0 0.750488 0.344401 0.135742 0.170573 0.005742382757186776 0.08006002805296308 0.04454423868410417 0.12035859398766767 0.09818828863517597 0.32804035518689734 0.32038595199701025 0.3235587074573003 0.3064218366522151 0.7465526666166813 0.760704393260614 0.7506921239379911 0.7392150630484889
0 0.907227 0.739583 0.113281 0.158854 0.023104526846861078 0.010155570558548566 0.1857076568029481 0.0 0.12844654453770407 0.2768759060633378 0.3068526186445228 0.0 0.3159533936702062 0.7564979921695537 0.749213188137246 0.0 0.7335146964869586
0 0.492188 0.471354 0.134766 0.130208 0.0 0.1199189340845268 0.04742091386290448 0.14371334434411742 0.0 0.28042631940781987 0.269033013300276 0.27814349234005886 0.0 0.7463163050648065 0.7560449330725697 0.7464547504679059 0.0
0 0.846680 0.582031 0.171875 0.161458 0.010629180138062902 0.09007633191804036 0.08989123307937834 0.05260593288314308 0.04382144621287077 0.3177093752699636 0.35521049536884214 0.32720235677627413 0.3948390217310137 0.7453909662142514 0.7446468461948863 0.7359229782227001 0.7469767925277357
0 0.880371 0.282552 0.124023 0.143229 0.0 0.10324597288579465 0.1006379852646937 0.09903102543361271 0.03653285052614524 0.30154359167847794 0.2585197996933387 0.2974979296983905 0.2928390594005767 0.7453275933373107 0.7457214926438795 0.7267283293440104 0.739511912333315
0 0.412598 0.029297 0.139648 0.055990 0.0 0.06298621139053778 0.04306749888777986 0.16548907958196704 0.0 0.33176209629174497 0.2807620819651229 0.33498449516926 0.0 0.7474139164644276 0.7708762714548031 0.7546176973188148 0.0
0 0.754395 0.733073 0.129883 0.125000 0.0 0.1202857580331015 0.03965665760372284 0.15014564766855448 0.0 0.2809124530416218 0.28662260452270877 0.2753923114770894 0.0 0.7443404831199034 0.7557517282296993 0.7483349497644288 0.0
0 0.852051 0.141927 0.114258 0.153646 0.0 0.0 0.13198411647348324 0.0 0.10327286256610302 0.0 0.3211504252118447 0.0 0.3417948309064195 0.0 0.7434831337422976 0.0 0.7132094481191529
0 0.184082 0.154948 0.084961 0.122396 0.04237865611114206 0.12715106467094617 0.0 0.15928268352002353 0.0 0.32274591345283205 0.0 0.31443813200331255 0.0 0.7451324056086709 0.0 0.7391783975086907 0.0
0 0.944824 0.897135 0.110352 0.171875 0.022102233777795615 0.0 0.13414280576496057 0.04825860586713609 0.10731226162147742 0.0 0.3044900908035635 0.31690711648599623 0.32317009151925125 0.0 0.7452636881679292 0.7494431859027587 0.744575020986504
0 0.814453 0.040365 0.091797 0.078125 0.0 0.0 0.21026126512118007 0.0 0.14188485247598695 0.0 0.3178525340385312 0.0 0.3268184801002487 0.0 0.7352673268626617 0.0 0.7365098154268506
0 0.635254 0.074870 0.098633 0.147135 0.0 0.015150337548785949 0.20721386057694854 0.0 0.1610165031550666 0.23772563809884398 0.26915961845907677 0.0 0.27840845721099483 0.5738375601769857 0.7582862245326536 0.0 0.7494039983239822
0 0.111328 0.216797 0.107422 0.136719 0.11227025469064159 0.1002622284298595 0.0 0.11006730559341502 0.0 0.16962172268106246 0.0 0.16747103665847837 0.0 0.7326957694949393 0.0 0.7514769126736256 0.0
0 0.247070 0.118490 0.083984 0.138021 0.0 0.1925832783330463 0.0 0.1514812491956506 0.0 0.31421104285512746 0.0 0.3298212831169741 0.0 0.743616483067882 0.0 0.7275058573635891 0.0
0 0.316406 0.076823 0.083984 0.138021 0.0 0.12963691439693262 0.0 0.18398076579263936 0.0 0.21694375707657126 0.0 0.16831632310787495 0.0 0.7414551076505268 0.0 0.762946545782865 0.0
0 0.495117 0.199219 0.089844 0.135417 0.0 0.0 0.19747509713608977 0.0 0.1733055242453948 0.0 0.3226439873761391 0.0 0.346292843957611 0.0 0.7789823968800174 0.0 0.756263481416435
0 0.375000 0.528646 0.134766 0.130208 0.0 0.1343475797717386 0.0 0.158118062957298 0.03932314183353318 0.28862849360507686 0.0 0.27933684090817107 0.2625022454462411 0.7480129240546377 0.0 0.7434898412401941 0.7395961309655091
0 0.333496 0.692708 0.118164 0.195312 0.0 0.03558281886423314 0.15586379316870536 0.0 0.1591378993806798 0.2698895845958692 0.2802364304661326 0.0 0.28461461221039197 0.7518369951889462 0.7482182652049106 0.0 0.7460693481892002
0 0.387207 0.869792 0.118164 0.195312 0.0 0.0 0.16878550559754293 0.0 0.1753246742292739 0.0 0.2921254862096714 0.0 0.2880817915481808 0.0 0.748094403151198 0.0 0.7468331151203892
0 0.631348 0.792969 0.129883 0.125000 0.0 0.1819716833989925 0.0 0.1455672295251199 0.04545228523586337 0.28127012640440213 0.0 0.29016631473007387 0.2745712828321529 0.7475973449891378 0.0 0.7448385759282992 0.7464346874188051
0 0.602051 0.930990 0.102539 0.138021 0.0 0.059961292336430945 0.18338346150746485 0.0 0.1272827473134331 0.2705100075474841 0.2760358001703574 0.0 0.2806350255354881 0.7364536636852896 0.75291632697775 0.0 0.7432767115105545
0 0.172852 0.851562 0.140625 0.236979 0.38617317541097884 0.0 0.0 0.0 0.0 0.0 0.0 0.0 0.0 0.0 0.0 0.0 0.0
0 0.187988 0.373047 0.133789 0.126302 0.0 0.22351118868184439 0.0 0.15315893581806325 0.0 0.25598951698200717 0.0 0.2614488331826469 0.0 0.7313306498121066 0.0 0.748808813110846 0.0
0 0.212402 0.468099 0.157227 0.149740 0.0 0.12439741838245563 0.0 0.19071190859748452 0.0 0.3003961934150135 0.0 0.20728125781241538 0.0 0.7359793449929277 0.0 0.7980654812203005 0.0
