0 0.269531 0.077148 0.151042 0.150391 0.0 0.0 0.20115143033047111 0.0 0.1925761695113716 0.0 0.18453274875934603 0.0 0.17983464018124065 0.0 0.5254110120721808 0.0 0.5429405847468922
0 0.559245 0.603516 0.178385 0.144531 0.15929791333360932 0.0 0.1605479661557092 0.0 0.0 0.0 0.06916156964928663 0.0 0.0 0.0 0.5464899956360287 0.0 0.0
0 0.495443 0.411621 0.183594 0.276367 0.0 0.0 0.14535919292021868 0.0 0.1447662968576618 0.0 0.0694922035231972 0.0 0.06823248604642031 0.0 0.6375046189471628 0.0 0.6235330224035036
0 0.218099 0.237305 0.157552 0.158203 0.0 0.0 0.17055194365710113 0.0 0.18269903366712606 0.0 0.17550388361375263 0.0 0.17202352427339884 0.0 0.5442925719980541 0.0 0.5426100035910635
0 0.589844 0.778320 0.166667 0.197266 0.13281271750161186 0.0 0.15180539343229477 0.0 0.0 0.0 0.07257159603382221 0.0 0.0 0.0 0.5581137586043511 0.0 0.0
0 0.901693 0.213379 0.128906 0.153320 0.0 0.0 0.2528509263928036 0.0 0.17047166506391634 0.0 0.1330846646150069 0.0 0.14526787743006475 0.0 0.7548578082493261 0.0 0.7346046479943618
0 0.786458 0.022949 0.177083 0.043945 0.0 0.0 0.15281786860020535 0.0 0.16665467826529426 0.0 0.1497518108557464 0.0 0.1416921019096629 0.0 0.4977133611662806 0.0 0.6698567313923642
0 0.167969 0.520020 0.294271 0.153320 0.0 0.18844423247499134 0.0 0.17697936281088272 0.0 0.07041538958533478 0.0 0.06996084933385928 0.0 0.39631828746367703 0.0 0.40714628248180956 0.0
0 0.166667 0.649414 0.164062 0.109375 0.0 0.0 0.0 0.35261692269283673 0.0 0.0 0.0 0.08704155015741671 0.0 0.0 0.0 0.40181653409046714 0.0
0 0.200521 0.935547 0.164062 0.109375 0.0 0.1314025972199368 0.0 0.11509244139778993 0.0 0.08093487111837395 0.0 0.07393032644392672 0.0 0.909491952848116 0.0 0.9305746800496195 0.0
0 0.828776 0.108398 0.128906 0.154297 0.0 0.0 0.13990327623391702 0.0 0.18407645202004935 0.0 0.14653378799432465 0.0 0.14307820267576915 0.0 0.7160397372211494 0.0 0.7141356335257042
0 0.492188 0.210449 0.221354 0.090820 0.3030052509526001 0.0 0.0 0.0 0.0 0.0 0.0 0.0 0.0 0.0 0.0 0.0 0.0
