0 0.704590 0.533203 0.057617 0.108073 0.0 0.3123170801223258 0.0 0.16602010737723957 0.0 0.215821849677402 0.0 0.22907476611566588 0.0 0.23246295996696048 0.0 0.2285564914525875 0.0
0 0.960938 0.455078 0.078125 0.108073 0.36063770807134854 0.0 0.0 0.0 0.0 0.0 0.0 0.0 0.0 0.0 0.0 0.0 0.0
0 0.098145 0.469401 0.194336 0.430990 0.0 0.0 0.18595804871053084 0.0 0.17350465285473252 0.0 0.11274258121669553 0.0 0.1149327870205218 0.0 0.2670187920812067 0.0 0.2622241710649923
0 0.421875 0.352214 0.074219 0.110677 0.0 0.11696249794002664 0.0 0.05197335780642852 0.07758767052367974 0.2340404242071491 0.0 0.2876117495136946 0.2793413067685921 0.24437503755243503 0.0 0.24020879417662905 0.23302192494157498
0 0.882812 0.251953 0.138672 0.131510 0.2790822516356853 0.0 0.0 0.0 0.0 0.0 0.0 0.0 0.0 0.0 0.0 0.0 0.0
0 0.529297 0.430339 0.058594 0.110677 0.0 0.2936286577400469 0.0 0.12150825116752129 0.0 0.21952858764030048 0.0 0.22829878977302498 0.0 0.2563170920792669 0.0 0.23869279574484936 0.0
0 0.477539 0.394531 0.066406 0.098958 0.25669689299251336 0.0 0.0 0.23017329936687575 0.0 0.0 0.0 0.24391057155707058 0.0 0.0 0.0 0.24290330380419947 0.0
0 0.603027 0.132161 0.075195 0.110677 0.0 0.240753524524403 0.0 0.13908825630259758 0.0 0.21942237340774381 0.0 0.22847668056018205 0.0 0.7543357060603092 0.0 0.8808522309842652 0.0
0 0.954102 0.805339 0.089844 0.165365 0.0 0.1557678967424802 0.0 0.24013439905411402 0.0 0.1888745617800483 0.0 0.193479745422597 0.0 0.24986908993881182 0.0 0.2394748524048162 0.0
0 0.584961 0.455078 0.068359 0.108073 0.0 0.2671346431491949 0.0 0.09823513506459772 0.0 0.21970419322356835 0.0 0.2251249307204584 0.0 0.24224143823770466 0.0 0.22965288859635613 0.0
0 0.647461 0.496094 0.064453 0.114583 0.0 0.2783973407220986 0.0 0.13900160817340904 0.0 0.21449938266269525 0.0 0.22648300853152006 0.0 0.2428572177368767 0.0 0.22906200134215926 0.0
0 0.687500 0.912109 0.150391 0.175781 0.3268289969372866 0.0 0.0 0.0 0.0 0.0 0.0 0.0 0.0 0.0 0.0 0.0 0.0
0 0.663574 0.100911 0.075195 0.110677 0.0 0.20617013564986436 0.0 0.20937485444064166 0.0 0.1768738734206316 0.0 0.1904940229918117 0.0 0.7875835491201156 0.0 0.8474493426302995 0.0
0 0.536133 0.137370 0.062500 0.102865 0.296938468416487 0.0 0.0 0.0 0.0 0.0 0.0 0.0 0.0 0.0 0.0 0.0 0.0
0 0.481445 0.164714 0.070312 0.108073 0.31047016262861526 0.0 0.0 0.0 0.0 0.0 0.0 0.0 0.0 0.0 0.0 0.0 0.0
0 0.249512 0.071615 0.125977 0.140625 0.0 0.1287194821890234 0.05040329716741512 0.09932314750933018 0.03347023066046509 0.20293433349836418 0.19070630278138623 0.19372684793701261 0.2125834054745786 0.9051849873394875 0.8716435700998167 0.849358001048364 0.9083543393047402
0 0.338867 0.045573 0.074219 0.088542 0.3788880167004778 0.0 0.0 0.0 0.0 0.0 0.0 0.0 0.0 0.0 0.0 0.0 0.0
0 0.403320 0.024740 0.089844 0.046875 0.0 0.0 0.0 0.3096459253005704 0.0 0.0 0.0 0.12366031250037586 0.0 0.0 0.0 0.8983746638994836 0.0
0 0.750977 0.270182 0.138672 0.131510 0.0 0.0 0.0 0.3083237629016289 0.0 0.0 0.0 0.07442840170412204 0.0 0.0 0.0 0.7920098355021676 0.0
0 0.375488 0.876953 0.120117 0.240885 0.31833580763875186 0.0 0.0 0.0 0.0 0.0 0.0 0.0 0.0 0.0 0.0 0.0 0.0
0 0.511230 0.906250 0.204102 0.187500 0.257962404872029 0.0 0.0 0.0 0.0 0.0 0.0 0.0 0.0 0.0 0.0 0.0 0.0
0 0.774902 0.604818 0.055664 0.123698 0.0 0.04371758157045531 0.0 0.07023900978666095 0.0 0.18935200993771162 0.0 0.23195172803336866 0.0 0.23665859339211784 0.0 0.17089208814781942 0.0
0 0.816895 0.632161 0.055664 0.123698 0.0 0.20680723870939807 0.0 0.26801831577072543 0.0 0.09542949383856221 0.0 0.2295801872619445 0.0 0.15259050013985906 0.0 0.24273482580467234 0.0
0 0.853027 0.652995 0.055664 0.123698 0.14414498299646603 0.0 0.0 0.027469696217398292 0.0 0.0 0.0 0.2434473922877412 0.0 0.0 0.0 0.10702814980640293 0.0
0 0.898438 0.674479 0.062500 0.140625 0.0 0.17162006238356975 0.0 0.08307484527796535 0.0 0.2574055525247488 0.0 0.23939514420299018 0.0 0.20897409119326818 0.0 0.21569190604185925 0.0
0 0.025879 0.024089 0.049805 0.045573 0.0 0.0 0.0 0.2540151946649027 0.0 0.0 0.0 0.31603775042638643 0.0 0.0 0.0 0.9324046395102471 0.0
0 0.087402 0.019531 0.065430 0.036458 0.2891924888488547 0.0 0.0 0.0 0.0 0.0 0.0 0.0 0.0 0.0 0.0 0.0 0.0
0 0.073730 0.947917 0.145508 0.101562 0.45697648327967133 0.0 0.0 0.0 0.0 0.0 0.0 0.0 0.0 0.0 0.0 0.0 0.0
