0 0.841309 0.293620 0.102539 0.209635 0.0 0.0 0.15318001544504586 0.0 0.16753672696201893 0.0 0.14693059850496476 0.0 0.14441344222514882 0.0 0.7158821116333038 0.0 0.720506226855566
0 0.449219 0.438151 0.105469 0.204427 0.0 0.0 0.21192316297614627 0.0 0.20288869380462035 0.0 0.18453274875934603 0.0 0.17983464018124065 0.0 0.5254110120721808 0.0 0.5429405847468922
0 0.125977 0.382812 0.111328 0.205729 0.0 0.0 0.17547332716089267 0.0 0.18812218272649442 0.0 0.1752120183311946 0.0 0.17616524653952784 0.0 0.5468259033907725 0.0 0.5424483557807065
0 0.081055 0.590495 0.119141 0.191406 0.0 0.0 0.17496445138171915 0.0 0.19238071522895367 0.0 0.17898964601471146 0.0 0.17967379898377212 0.0 0.5474895653619386 0.0 0.545617259991629
0 0.407715 0.648438 0.106445 0.190104 0.0 0.0 0.21007661176112208 0.0 0.22503873683190934 0.0 0.17550388361375263 0.0 0.17202352427339884 0.0 0.5442925719980541 0.0 0.5426100035910635
0 0.493164 0.228516 0.107422 0.204427 0.0 0.0 0.1810384291006259 0.0 0.21190758171402987 0.0 0.18175797138991656 0.0 0.17541338904706627 0.0 0.5437543198891487 0.0 0.5436688346943969
0 0.780762 0.134766 0.090820 0.188802 0.0 0.0 0.17385435193976823 0.0 0.26390266147595376 0.0 0.1482034455531589 0.0 0.1467949007795785 0.0 0.7150328155555081 0.0 0.717977962725962
0 0.400879 0.027344 0.104492 0.052083 0.0877185064249206 0.0 0.13533384234435306 0.0 0.23557515330486972 0.0 0.15685120683635545 0.0 0.15939405418422267 0.0 0.5704745653887348 0.0 0.5357228961779672
0 0.163086 0.164714 0.101562 0.204427 0.0 0.0 0.19279901279008624 0.0 0.21947226876842021 0.0 0.17482693017340709 0.0 0.17553106493197387 0.0 0.5472990600023383 0.0 0.5414339967979689
0 0.048340 0.755859 0.094727 0.110677 0.051395297826886045 0.0 0.26005103130406426 0.0 0.19935882087681478 0.0 0.18494889212475146 0.0 0.1831396364836483 0.0 0.543617550094206 0.0 0.539154990344908
0 0.608398 0.847656 0.126953 0.299479 0.0 0.0 0.17868786083318894 0.0 0.157547179060652 0.0 0.06797340595302667 0.0 0.06957226909213485 0.0 0.6327468040350703 0.0 0.6274517296033123
0 0.868652 0.466797 0.102539 0.209635 0.0 0.0 0.13957968334171375 0.0 0.2044864389558338 0.0 0.1462860983495427 0.0 0.13760713950597245 0.0 0.7153672102336234 0.0 0.6823559775734875
0 0.925293 0.612630 0.102539 0.209635 0.0 0.0 0.23247926346781106 0.0 0.15673712452460525 0.0 0.1330846646150069 0.0 0.14526787743006475 0.0 0.7548578082493261 0.0 0.7346046479943618
0 0.617188 0.610026 0.171875 0.115885 0.3237178913646961 0.0 0.0 0.0 0.0 0.0 0.0 0.0 0.0 0.0 0.0 0.0 0.0
