0 0.458333 0.899414 0.125000 0.085938 0.0 0.19419348955143773 0.0 0.12559211175496907 0.0 0.30003090028325297 0.0 0.2984289228029074 0.0 0.1927002439757811 0.0 0.18476290115714272 0.0
0 0.724609 0.731445 0.183594 0.132812 0.0 0.07190265277602474 0.041742561507469855 0.13388412605671596 0.07177875915478442 0.2784366787349605 0.28751960281281297 0.2906159846566639 0.2827569131338284 0.14138170436592346 0.1272455755226714 0.14048302348905173 0.1440027034509648
0 0.774740 0.608887 0.166667 0.116211 0.0 0.03447752030734829 0.13621696938897562 0.017563685303416808 0.1607280159088389 0.31519158506833644 0.343258727506245 0.4024981481993332 0.32434663606704606 0.16719420349525413 0.13071512189356124 0.13297429515621761 0.161578986131229
0 0.848307 0.927246 0.105469 0.069336 0.0 0.0 0.3092245510938256 0.0 0.04764822553353888 0.0 0.3221636026821847 0.0 0.3509386402582607 0.0 0.1405958838638427 0.0 0.16742342211493874
0 0.373698 0.652344 0.119792 0.078125 0.0 0.0 0.17239036035824457 0.0 0.24768034160785157 0.0 0.32776280139784 0.0 0.3149418367459835 0.0 0.1742255897997792 0.0 0.17194652516530262
0 0.533854 0.192871 0.106771 0.079102 0.0 0.11266157157619519 0.0 0.12502844409766084 0.0 0.2978479777822774 0.0 0.32291757371038166 0.0 0.17310793306063266 0.0 0.16754225981488213 0.0
0 0.550781 0.950684 0.093750 0.083008 0.0 0.10952766267637527 0.0 0.2767302784434134 0.0 0.24820032355950464 0.0 0.30893154797533584 0.0 0.1754166698062878 0.0 0.1836511850813663 0.0
0 0.124349 0.080078 0.191406 0.121094 0.0 0.05587107437972857 0.03665481368983841 0.1396223376121284 0.06330708142998742 0.3177179482304076 0.32234539721784394 0.32070381700311423 0.3253258696548693 0.16948762931958034 0.1552345903220176 0.1728037822055152 0.16866651654388093
0 0.849609 0.030762 0.191406 0.059570 0.09761029688324636 0.0 0.0 0.11341803418235491 0.0 0.0 0.0 0.2934947419067904 0.0 0.0 0.0 0.2953581700470172 0.0
0 0.654948 0.971191 0.127604 0.057617 0.013532555062788656 0.1720878290564235 0.0 0.08928517724674706 0.0 0.24844932129926323 0.0 0.32248071934587974 0.0 0.19339824528827018 0.0 0.19560659642257514 0.0
0 0.421875 0.582031 0.119792 0.082031 0.0 0.0 0.20042759387509054 0.0 0.2734365863066017 0.0 0.36128414197687175 0.0 0.33197399445130504 0.0 0.12313717879141312 0.0 0.2043612369283491
0 0.475260 0.512207 0.122396 0.075195 0.0 0.0 0.2113542105971684 0.0 0.22730487026227014 0.0 0.3400979406731711 0.0 0.3561294506179856 0.0 0.1694557271929006 0.0 0.20454125035847426
0 0.279297 0.742188 0.115885 0.078125 0.0 0.019364912887768003 0.07325552162020825 0.0 0.23748298629011652 0.2808150581371249 0.32345865306237803 0.0 0.357396082659708 0.15881986033588302 0.25721595509200107 0.0 0.1988756859727959
0 0.526693 0.432129 0.121094 0.079102 0.0 0.07024752359976191 0.11343464930025701 0.0 0.1875091577939944 0.3356455526544471 0.36245914770456844 0.0 0.36167884441512715 0.17112626750943968 0.12681390756712668 0.0 0.22174847004349657
0 0.724609 0.249512 0.128906 0.122070 0.027311945138343428 0.0895356920240566 0.1252281640909298 0.0 0.1744861365098366 0.30616274477818256 0.21000422411227246 0.0 0.3813953401321534 0.1617386278412018 0.17259603204766402 0.0 0.1752714594877553
0 0.853516 0.515137 0.154948 0.100586 0.0 0.04635718891739909 0.16691449107209105 0.02768991170516432 0.19378097800969835 0.33900308674669205 0.36325959740133634 0.33649310109893715 0.3508592885995514 0.1504196383486567 0.14503522061641863 0.15236633838902158 0.1432665447405731
0 0.804688 0.977539 0.093750 0.044922 0.057300629383842 0.0 0.35132274988468376 0.0 0.0 0.0 0.341686714640386 0.0 0.0 0.0 0.13371323342973812 0.0 0.0
0 0.620443 0.226562 0.092448 0.082031 0.0 0.14196324311095695 0.03702295867427916 0.1925060755925402 0.0 0.35788257078078234 0.3498498845210726 0.27537477225196255 0.0 0.1916282945590854 0.17831019470542817 0.1694000823672503 0.0
0 0.263672 0.128906 0.113281 0.080078 0.0 0.23231006826906356 0.0 0.17878929170963695 0.0 0.3206377033416942 0.0 0.31181958784176916 0.0 0.17433428480517907 0.0 0.15938473721616334 0.0
0 0.359375 0.862793 0.111979 0.071289 0.0 0.16547051610758684 0.0 0.1932690937366921 0.0 0.2878311931220918 0.0 0.40784008025676294 0.0 0.1741124262233379 0.0 0.17720591501657926 0.0
0 0.891276 0.834473 0.162760 0.135742 0.0 0.09796273075648325 0.05761994767244637 0.051903970597314344 0.020892581283217693 0.2937944194937948 0.27750026623211044 0.28592849209231264 0.28535415619848276 0.1433911460197412 0.13926788477225122 0.1490140210595091 0.12750202889008494
0 0.169271 0.365234 0.335938 0.316406 0.31796377736263726 0.0 0.0 0.0 0.0010245660027208545 0.0 0.0 0.0 0.08064855666048687 0.0 0.0 0.0 0.14021877865077798
0 0.240885 0.658203 0.119792 0.078125 0.4043726342925148 0.0 0.0 0.0 0.0 0.0 0.0 0.0 0.0 0.0 0.0 0.0 0.0
0 0.127604 0.621094 0.119792 0.078125 0.32742432250804376 0.0 0.0 0.0 0.0 0.0 0.0 0.0 0.0 0.0 0.0 0.0 0.0
0 0.036458 0.590332 0.070312 0.084961 0.4169444749056493 0.0 0.0 0.0 0.0 0.0 0.0 0.0 0.0 0.0 0.0 0.0 0.0
0 0.234375 0.826172 0.174479 0.097656 0.23484715159101713 0.040070927644904816 0.061241979127401334 0.07432436717583452 0.05289752023843795 0.2887225626294951 0.27117950133567575 0.2907714956262474 0.3019962020526231 0.19432303185962774 0.30361189333133454 0.18136883942471135 0.15733473284693572
0 0.655599 0.341309 0.128906 0.122070 0.0 0.0 0.16200502018643084 0.0 0.23204180370726388 0.0 0.20786894646134885 0.0 0.41439175169009423 0.0 0.18528769150894517 0.0 0.1696327606384655
0 0.433594 0.157715 0.106771 0.079102 0.0 0.3701017533913137 0.0 0.2717626507557821 0.0 0.31264330842878885 0.0 0.30401165708652345 0.0 0.23341971768769776 0.0 0.11719131950940051 0.0
0 0.929036 0.412598 0.141927 0.106445 0.0 0.03957579245638218 0.11917187770953616 0.03304108320851118 0.1540112459295022 0.3397116088131614 0.3591237635649881 0.32834522642340597 0.3498487523880529 0.14586867200405243 0.1465289450424052 0.12369214177943712 0.12925286834827573
