0 0.501465 0.400879 0.102539 0.098633 0.0 0.0 0.17816517957549335 0.0 0.156359005750112 0.0 0.3226439873761391 0.0 0.346292843957611 0.0 0.7789823968800174 0.0 0.756263481416435
0 0.681641 0.403320 0.089844 0.113281 0.0 0.0 0.18262463722979466 0.0 0.18766662624189412 0.0 0.3237621703664072 0.0 0.3299416124112438 0.0 0.7455308244554675 0.0 0.7403401855133938
0 0.539551 0.502441 0.120117 0.122070 0.0 0.0 0.1385606350350822 0.05074924738061549 0.09645509412857449 0.0 0.2756855316401617 0.2644144596111071 0.2816070764417024 0.0 0.7511666222398696 0.7351224800519743 0.7436025874249547
0 0.627441 0.309082 0.094727 0.110352 0.0 0.011232138653123357 0.20519172223798743 0.0 0.2525870363043612 0.13426144071725307 0.25851185437390006 0.0 0.26649436099213425 0.16736245382180878 0.8496751773263601 0.0 0.746632914686717
0 0.467773 0.320312 0.099609 0.093750 0.0 0.0 0.12925431910917348 0.0 0.14829598272809585 0.0 0.34123227168179926 0.0 0.31527183989626095 0.0 0.7465292273573941 0.0 0.7394760906923962
0 0.860840 0.359375 0.110352 0.109375 0.0 0.0 0.21066140425753643 0.0 0.08488098093054104 0.0 0.3047899068802218 0.0 0.34173637843614557 0.0 0.746278960871347 0.0 0.7374495241129935
0 0.746094 0.508301 0.134766 0.116211 0.006367254148435878 0.08877195535357477 0.04939142870532534 0.13345570806975035 0.10887288684435018 0.3280403551868973 0.32038595199701025 0.3235587074573003 0.3064218366522151 0.7465526666166813 0.760704393260614 0.7506921239379911 0.7392150630484889
0 0.181152 0.367188 0.077148 0.087891 0.04874439517256255 0.14625054949071697 0.0 0.18320868998969794 0.0 0.32274591345283205 0.0 0.3144381320033126 0.0 0.7451324056086709 0.0 0.7391783975086909 0.0
0 0.902832 0.811035 0.112305 0.120117 0.023115960688354753 0.01016059629159274 0.1857995587893476 0.0 0.12851010945900232 0.2768759060633378 0.3068526186445228 0.0 0.31595339367020625 0.7564979921695537 0.749213188137246 0.0 0.7335146964869587
0 0.094238 0.065918 0.145508 0.125977 0.0 0.08206934775051088 0.05806488458805312 0.09194533888694134 0.0741294201517746 0.3726183974698506 0.3578553723042306 0.35873700039702877 0.3505807963371982 0.746442983127516 0.7449963306642138 0.7402617420564644 0.7145105350201473
0 0.110352 0.416016 0.091797 0.103516 0.07435265546132222 0.10769257257351957 0.0 0.1267810073641375 0.0 0.16521008970270107 0.0 0.168262297872054 0.0 0.7481685005857324 0.0 0.7561924752766023 0.0
0 0.414062 0.247559 0.150391 0.096680 0.0 0.1487724043420948 0.05383302133486756 0.07211431199436331 0.0 0.3193389613001245 0.2863191830847159 0.32862938397280494 0.0 0.6521831282559822 0.7434749944335367 0.7184243916358537 0.0
0 0.809082 0.244629 0.112305 0.133789 0.053950001068887726 0.0 0.14047859608777197 0.0 0.04409239041418495 0.0 0.3230803278946669 0.0 0.3165728691791836 0.0 0.7371991889511568 0.0 0.7319167408829893
0 0.321289 0.305176 0.072266 0.094727 0.0 0.16463779766542738 0.0 0.2336540346845501 0.0 0.21694375707657126 0.0 0.16831632310787495 0.0 0.7414551076505268 0.0 0.762946545782865 0.0
0 0.838379 0.695801 0.172852 0.122070 0.006243078378111234 0.07204438281056728 0.06157331720611948 0.03227145699222421 0.05343925577065196 0.34243061582715245 0.4004492257268898 0.3551824720526047 0.3980714761940213 0.7480948863246777 0.7410984301118307 0.7576575508535699 0.7434730636792779
0 0.966797 0.147461 0.066406 0.093750 0.2768090893119636 0.0 0.0 0.0 0.0 0.0 0.0 0.0 0.0 0.0 0.0 0.0 0.0
0 0.490234 0.598633 0.130859 0.097656 0.0 0.12349860375869176 0.04883646353045386 0.14800329492155376 0.0 0.28042631940781987 0.269033013300276 0.27814349234005886 0.0 0.7463163050648065 0.7560449330725697 0.7464547504679059 0.0
0 0.943848 0.927246 0.108398 0.131836 0.02200046173037033 0.0 0.13352513118386064 0.04803639406834847 0.10681813108748461 0.0 0.3044900908035635 0.31690711648599623 0.32317009151925125 0.0 0.7452636881679292 0.7494431859027587 0.744575020986504
0 0.752930 0.807129 0.123047 0.096680 0.0 0.12312077589920152 0.04059132630145368 0.15368443397724094 0.0 0.2809124530416218 0.28662260452270877 0.2753923114770894 0.0 0.7443404831199034 0.7557517282296993 0.7483349497644288 0.0
0 0.726074 0.142090 0.151367 0.094727 0.1543462076357543 0.20578898508931998 0.0 0.08504737364410904 0.010721243460403953 0.4077165849487274 0.0 0.3661720439978658 0.34843753057215393 0.7346959524478822 0.0 0.7549229585515306 0.7404116748267063
0 0.878418 0.472168 0.125977 0.114258 0.0 0.08723175280999695 0.09598902842225185 0.14068691548297635 0.051188432320224374 0.3038969577694868 0.25227406213988063 0.27164445191082154 0.27587676853634624 0.7425137097546979 0.7389023296300196 0.7310430357336979 0.7282468140167772
0 0.985840 0.248535 0.028320 0.104492 0.0 0.11227564339409807 0.0 0.0 0.3760886584455078 0.31768574760360635 0.0 0.0 0.2841261300924752 0.7407081885192905 0.0 0.0 0.7405689209595983
0 0.250000 0.337891 0.083984 0.087891 0.0 0.22682030559225455 0.0 0.17841124905265515 0.0 0.31421104285512746 0.0 0.3298212831169741 0.0 0.743616483067882 0.0 0.7275058573635891 0.0
0 0.336914 0.771973 0.107422 0.155273 0.0 0.03692556674590232 0.16174544574110933 0.0 0.16514310313089414 0.2698895845958692 0.2802364304661326 0.0 0.28461461221039197 0.7518369951889462 0.7482182652049106 0.0 0.7460693481892002
0 0.607422 0.201172 0.099609 0.107422 0.061684513490595574 0.15311224871888884 0.014206189289657516 0.05367963286327865 0.09766756895261668 0.18810917994706727 0.23620809141728574 0.2595982244300495 0.23857832691995925 0.7663223097718683 0.7347290889833169 0.7521643359895177 0.7645407763827968
0 0.861328 0.086914 0.140625 0.099609 0.035583835298042384 0.19274451332155945 0.0 0.15521791565819476 0.0 0.34589756041206116 0.0 0.3138948311212489 0.0 0.7503667984054048 0.0 0.7298980231010759 0.0
0 0.214844 0.041016 0.099609 0.080078 0.24852986253920573 0.0 0.0 0.0 0.0 0.0 0.0 0.0 0.0 0.0 0.0 0.0 0.0
0 0.279297 0.028320 0.042969 0.054688 0.5601517090325712 0.0 0.0 0.0 0.0 0.0 0.0 0.0 0.0 0.0 0.0 0.0 0.0
0 0.373047 0.644531 0.130859 0.097656 0.0 0.13835795528731287 0.0 0.16283800513512778 0.04049696696289237 0.28862849360507686 0.0 0.27933684090817107 0.2625022454462411 0.7480129240546377 0.0 0.7434898412401941 0.7395961309655091
0 0.387695 0.907715 0.107422 0.155273 0.0 0.0 0.17515476995971438 0.0 0.181940699671888 0.0 0.2921254862096714 0.0 0.2880817915481808 0.0 0.748094403151198 0.0 0.7468331151203892
0 0.641602 0.844238 0.123047 0.096680 0.0 0.18626057829391823 0.0 0.1489981069886749 0.04652355121785341 0.28127012640440213 0.0 0.29016631473007387 0.2745712828321529 0.7475973449891378 0.0 0.7448385759282992 0.7464346874188051
0 0.597656 0.949707 0.101562 0.100586 0.0 0.06230108137644477 0.19053938821677405 0.0 0.13224953114250468 0.2705100075474841 0.2760358001703574 0.0 0.2806350255354881 0.7364536636852896 0.75291632697775 0.0 0.7432767115105545
0 0.179199 0.883301 0.141602 0.186523 0.36543876444018536 0.0 0.0 0.0 0.0 0.0 0.0 0.0 0.0 0.0 0.0 0.0 0.0
