0 0.312988 0.326660 0.081055 0.090820 0.0 0.20468946693454163 0.0 0.24835226393519283 0.0 0.252253975443349 0.0 0.26323733296844093 0.0 0.2453335407659602 0.0 0.265644266863775 0.0
0 0.037598 0.125977 0.073242 0.121094 0.0 0.2367624555620356 0.0 0.15326808652888357 0.0 0.19540564579543745 0.0 0.19833839767805483 0.0 0.24845174979504334 0.0 0.2577494029841388 0.0
0 0.874023 0.564941 0.099609 0.098633 0.0 0.1800090728858549 0.0 0.12662640212364357 0.0 0.1222493551350739 0.0 0.13026260253807126 0.0 0.7135471064838362 0.0 0.7232292993232035 0.0
0 0.395996 0.717285 0.096680 0.165039 0.0 0.0 0.1938676457851857 0.0 0.2200681573211206 0.0 0.15732378544477302 0.0 0.15791851073991772 0.0 0.5482433953165226 0.0 0.5414385502574154
0 0.714844 0.597656 0.121094 0.115234 0.0 0.11015829065990197 0.0 0.19365238013800992 0.0 0.2806754867030893 0.0 0.24288627002534827 0.0 0.2525292209475595 0.0 0.2506287031014286 0.0
0 0.630371 0.483398 0.077148 0.091797 0.0 0.15285966021362035 0.0 0.14697257680307219 0.0 0.27100193407433426 0.0 0.24885779208903178 0.0 0.2551942089797169 0.0 0.260492350996657 0.0
0 0.492188 0.919434 0.101562 0.161133 0.0 0.0 0.18219893185127092 0.0 0.21326596364809416 0.0 0.18175797138991656 0.0 0.17541338904706627 0.0 0.5437543198891487 0.0 0.5436688346943969
0 0.403809 0.380371 0.088867 0.084961 0.008330770160262764 0.06692190348728684 0.0 0.17759201226362722 0.0 0.2676797508839562 0.0 0.2825796266096841 0.0 0.2472423509660064 0.0 0.2647338026474125 0.0
0 0.180176 0.212402 0.073242 0.094727 0.0 0.18108272141693774 0.0 0.17466953930489715 0.0 0.17859906360894867 0.0 0.18062401386663451 0.0 0.25123839108541784 0.0 0.2519126268834094 0.0
0 0.792480 0.866699 0.122070 0.176758 0.0 0.0 0.10362103584122759 0.0 0.15729181834268446 0.0 0.1482034455531589 0.0 0.1467949007795785 0.0 0.7150328155555081 0.0 0.7179779627259623
0 0.483887 0.398926 0.077148 0.073242 0.021670154908043165 0.06516622906983388 0.0 0.22106079369515913 0.0 0.27957683097430114 0.0 0.2830916017214819 0.0 0.2851184060984044 0.0 0.2467562135150034 0.0
0 0.629395 0.159668 0.092773 0.112305 0.0 0.15979031157673582 0.0 0.163374814010544 0.0 0.15136181588720138 0.0 0.16729116619672948 0.0 0.6094884155687843 0.0 0.6058183474906842 0.0
0 0.120605 0.179199 0.079102 0.092773 0.0 0.20789184744236922 0.0 0.12847508571391586 0.0 0.17115325925328692 0.0 0.15932496915485336 0.0 0.24933944671417266 0.0 0.2618233831510793 0.0
0 0.813965 0.281250 0.073242 0.076172 0.0 0.2766517329412325 0.0 0.10396126593602494 0.02714598958707077 0.18281329307184946 0.0 0.19963064437264033 0.27301409800005805 0.8975741834383331 0.0 0.8840621922211989 0.9778241933529399
0 0.454590 0.153320 0.141602 0.101562 0.08426125265880792 0.07335254826797757 0.0 0.07740756600734938 0.0 0.17041342225749825 0.0 0.1565847868480607 0.0 0.5956723848066733 0.0 0.5956818914164412 0.0
0 0.042969 0.529785 0.083984 0.153320 0.0 0.0 0.2190892993502799 0.0 0.2519017160808869 0.0 0.15697204731802467 0.0 0.15834080787397156 0.0 0.5511826581325383 0.0 0.5451865027279739
0 0.248535 0.293945 0.081055 0.080078 0.0 0.23856400246380013 0.0 0.25729230034498896 0.0 0.2704474011963111 0.0 0.2693198689941019 0.0 0.25909189437507996 0.0 0.2586700365932662 0.0
0 0.968750 0.532227 0.062500 0.089844 0.0 0.2062725712193125 0.0 0.07475411332269559 0.0 0.12405736921046952 0.0 0.13959664860410306 0.0 0.7088199325592706 0.0 0.7512776988228337 0.0
0 0.386230 0.018555 0.067383 0.035156 0.4910075716280142 0.0 0.0 0.0 0.0 0.0 0.0 0.0 0.0 0.0 0.0 0.0 0.0
0 0.868652 0.247559 0.092773 0.081055 0.0 0.16954618396119328 0.0 0.16925542312960326 0.0 0.1858759065341789 0.0 0.18530238916296543 0.0 0.8985027856014918 0.0 0.824235351025205 0.0
0 0.960938 0.457031 0.078125 0.078125 0.17054498129970636 0.0 0.0 0.0 0.0 0.0 0.0 0.0 0.0 0.0 0.0 0.0 0.0
0 0.122070 0.979492 0.119141 0.041016 0.0 0.0 0.17359112608883773 0.0 0.15212552340479932 0.0 0.17480118158037192 0.0 0.17417655051504152 0.0 0.5362231825555633 0.0 0.5794034146312657
0 0.162598 0.876953 0.106445 0.160156 0.0 0.0 0.17610328266035624 0.0 0.20046672658596806 0.0 0.17482693017340709 0.0 0.17553106493197387 0.0 0.5472990600023383 0.0 0.5414339967979689
0 0.817383 0.617676 0.056641 0.075195 0.0 0.06185701613197812 0.0 0.0 0.0 0.12208402297312446 0.0 0.0 0.0 0.6397065384947547 0.0 0.0 0.0
0 0.841797 0.951172 0.123047 0.097656 0.0 0.0 0.16474308773156815 0.0 0.13542386407405552 0.0 0.14676163857466298 0.0 0.1457386554361447 0.0 0.7158224423418046 0.0 0.7234401725590403
0 0.738770 0.291504 0.096680 0.088867 0.247779144510108 0.0 0.0 0.0 0.0 0.0 0.0 0.0 0.0 0.0 0.0 0.0 0.0
0 0.552246 0.162598 0.061523 0.102539 0.0 0.2419383459738193 0.0 0.1218060785456537 0.0 0.15793071976568485 0.0 0.16528770530779996 0.0 0.6055715297527543 0.0 0.6010508754500152 0.0
0 0.323730 0.024902 0.063477 0.047852 0.4266794191049757 0.0 0.0 0.0 0.0 0.0 0.0 0.0 0.0 0.0 0.0 0.0 0.0
0 0.261230 0.014648 0.059570 0.027344 0.4117058237812038 0.0 0.0 0.0 0.0 0.0 0.0 0.0 0.0 0.0 0.0 0.0 0.0
0 0.564941 0.461914 0.077148 0.091797 0.021514154269113177 0.12500134578461347 0.0 0.17723568440659707 0.0 0.26709148684828465 0.0 0.262576440019649 0.0 0.2368811641330472 0.0 0.2445005814871021 0.0
