0 0.891113 0.644043 0.086914 0.090820 0.0 0.2185270474835769 0.0 0.17599329775760392 0.0 0.2858760898423504 0.0 0.28316418195109416 0.0 0.6372209784030287 0.0 0.6507998484166465 0.0
0 0.798340 0.653320 0.102539 0.068359 0.0 0.22360954550576598 0.0 0.23306170647960167 0.0 0.29494267438580746 0.0 0.3074544651222462 0.0 0.6604611307617093 0.0 0.6620699641111312 0.0
0 0.159180 0.890137 0.126953 0.098633 0.0 0.07945559514682303 0.12880324234362242 0.042969816358127216 0.11166040923794962 0.4229055022465979 0.20476862083390082 0.4410580329791135 0.26743441562681325 0.7199553417451239 0.6414429164774715 0.7116909853078752 0.7293060908002288
0 0.808594 0.967773 0.099609 0.064453 0.0 0.2155283736207895 0.0 0.0 0.0 0.29257082645613297 0.0 0.0 0.0 0.5583337137799738 0.0 0.0 0.0
0 0.125000 0.760742 0.101562 0.080078 0.0 0.12708600073317922 0.0 0.2079251141714319 0.0 0.27976374333840454 0.0 0.29299809287247547 0.0 0.7280744635025087 0.0 0.7308797942125352 0.0
0 0.229004 0.723633 0.096680 0.082031 0.0 0.12442469277356952 0.012116102734175837 0.14109604344657967 0.0 0.3547842700027512 0.46373881839752573 0.3511169688819163 0.0 0.467858220067326 0.694950977949052 0.6392871851156365 0.0
0 0.039551 0.779297 0.077148 0.085938 0.0 0.17798426704318682 0.0 0.2351327361516622 0.0 0.26167105528764373 0.0 0.24997556970894025 0.0 0.7314812100785295 0.0 0.7600114617145285 0.0
0 0.893555 0.955078 0.070312 0.072266 0.0 0.2579333458274528 0.0 0.0 0.0 0.28199942921657467 0.0 0.0 0.0 0.5840363986456487 0.0 0.0 0.0
0 0.432129 0.780762 0.086914 0.067383 0.0 0.14743016307348625 0.0 0.21480664106907957 0.0 0.23974486564329978 0.0 0.24413804488446675 0.0 0.721457148561628 0.0 0.7263046299424976 0.0
0 0.874023 0.497070 0.103516 0.087891 0.0 0.12854109999841332 0.0 0.06194720333893005 0.0 0.3164750972975592 0.0 0.3089757650537365 0.0 0.6574763842450512 0.0 0.652234549458567 0.0
0 0.710938 0.977539 0.093750 0.044922 0.0 0.0 0.49434677687677636 0.0 0.0 0.0 0.11436759122316899 0.0 0.0 0.0 0.9702716534967825 0.0 0.0
0 0.789062 0.524414 0.082031 0.085938 0.0 0.14382947339643784 0.0 0.10953502770460141 0.0 0.2526089567869787 0.0 0.26578775879836447 0.0 0.6588243138726112 0.0 0.6519351017476935 0.0
0 0.164062 0.961914 0.083984 0.054688 0.0 0.0 0.2704408625723256 0.0 0.2198146663854225 0.0 0.29615269836496433 0.0 0.2870116939942897 0.0 0.7083664750345849 0.0 0.7458149615881127
0 0.248535 0.854980 0.071289 0.090820 0.0 0.1594690481398789 0.0 0.14592182024703781 0.0 0.2813747374362411 0.0 0.2661346444237328 0.0 0.7193701463152352 0.0 0.7310240629860036 0.0
0 0.470215 0.856934 0.077148 0.055664 0.0 0.17911047604173488 0.0 0.17029511621849994 0.0 0.18781762880243208 0.0 0.19318180223739445 0.0 0.7172969562291641 0.0 0.8061208545454324 0.0
0 0.964355 0.630859 0.071289 0.103516 0.0 0.2056473660707372 0.0 0.21868150302678466 0.0 0.2520284399775417 0.0 0.2570121212308415 0.0 0.6372125328648198 0.0 0.642661753911567 0.0
0 0.688477 0.549316 0.130859 0.077148 0.0 0.1780138432973839 0.0 0.11274709437448928 0.006856410432249677 0.25476330159475136 0.0 0.27878264531411995 0.2470923246610985 0.7716118347649579 0.0 0.6903842097514554 0.627748463377254
0 0.962891 0.943848 0.074219 0.077148 0.0 0.10711508290177607 0.0 0.0 0.0 0.22464361022119306 0.0 0.0 0.0 0.5831230304126386 0.0 0.0 0.0
0 0.029785 0.654785 0.057617 0.094727 0.0 0.14872979644461193 0.0 0.1680636890738384 0.0 0.26836942536690467 0.0 0.27346618213783874 0.0 0.3343378876223779 0.0 0.3474663662439613 0.0
0 0.257812 0.266602 0.328125 0.310547 0.3622559683587625 0.0 0.0 0.0 0.0 0.0 0.0 0.0 0.0 0.0 0.0 0.0 0.0
0 0.549805 0.134766 0.328125 0.267578 0.41321561652036015 0.0 0.0 0.0 0.0 0.0 0.0 0.0 0.0 0.0 0.0 0.0 0.0
0 0.511719 0.754395 0.087891 0.081055 0.0 0.1474590061205835 0.0 0.18722122736067268 0.0 0.2773468172208633 0.0 0.2976523750020936 0.0 0.7204533384266085 0.0 0.7393996204012271 0.0
0 0.029785 0.158691 0.057617 0.293945 0.0 0.04248938967017366 0.35095855604803994 0.006610569641935631 0.0 0.24814036945899873 0.24340793408511135 0.25390764136638083 0.0 0.4457728792770807 0.44358324458362086 0.4315749093943048 0.0
0 0.361816 0.677734 0.088867 0.083984 0.0 0.1134141922150938 0.0 0.1608012747566456 0.05455785865987685 0.27846283725015425 0.0 0.26639297356815583 0.2483633639057601 0.692251411452635 0.0 0.7806397713728289 0.7225578639002562
0 0.580566 0.735840 0.075195 0.102539 0.0 0.20437846373776322 0.0 0.0867062019058422 0.0 0.2575447003440935 0.0 0.2776936049767963 0.0 0.7306898947176882 0.0 0.7358127086130998 0.0
0 0.159668 0.682617 0.067383 0.068359 0.0 0.21239558543456546 0.0 0.21178926037554444 0.0 0.2682529254705518 0.0 0.2745374243157614 0.0 0.3317008274748267 0.0 0.32939611421181275 0.0
0 0.647949 0.341797 0.069336 0.078125 0.0 0.35412807904212057 0.0 0.0 0.0 0.15987270819053132 0.0 0.0 0.0 0.8771470607965851 0.0 0.0 0.0
0 0.517578 0.603516 0.087891 0.109375 0.0 0.08752416362123921 0.06468516639215542 0.0874356569174317 0.03687321146592207 0.23778814454718333 0.36387018318772046 0.3345370738922954 0.38418906218084176 0.7371007102726621 0.7188868067129309 0.7120087404456974 0.7133396942900452
0 0.018066 0.957520 0.034180 0.084961 0.0 0.04584311860788974 0.2854619765667104 0.0194044971075237 0.14309979705354003 0.2767108693874007 0.43035173351251527 0.11076500132267017 0.4086724704001779 0.606909791484132 0.7345278071030261 0.024387869654640012 0.7099953246328242
0 0.045898 0.526367 0.070312 0.076172 0.0 0.178658478217889 0.0 0.15050614243727145 0.0 0.28093973713426895 0.0 0.24869011074671132 0.0 0.31892480685033636 0.0 0.32661197732413394 0.0
0 0.386230 0.891602 0.102539 0.076172 0.013236711616950394 0.0 0.0 0.0 0.0 0.0 0.0 0.0 0.0 0.0 0.0 0.0 0.0
0 0.179199 0.564941 0.065430 0.059570 0.0 0.2690728707037296 0.0 0.20045102262953635 0.0 0.24975671968893978 0.0 0.2561277200054404 0.0 0.30035670991868435 0.0 0.37763569126286145 0.0
0 0.700684 0.673828 0.104492 0.064453 0.0 0.19612189849119602 0.0 0.18136640988999408 0.030010941430754303 0.3060586354770588 0.0 0.3070580997271206 0.29063458656771474 0.6225013678664834 0.0 0.6538909643620223 0.6426915512434078
0 0.284668 0.978516 0.059570 0.042969 0.0 0.0 0.3285706302147819 0.0 0.0 0.0 0.0888742882147491 0.0 0.0 0.0 0.6855182590322921 0.0 0.0
0 0.340332 0.970703 0.047852 0.058594 0.03306836384303123 0.0 0.418160090129534 0.0 0.0 0.0 0.15311870745229167 0.0 0.0 0.0 0.7376769227381037 0.0 0.0
0 0.249512 0.583496 0.077148 0.067383 0.0 0.24763319568398975 0.0 0.14963557929199472 0.0 0.2748966055207248 0.0 0.2314700378464803 0.0 0.3676560816306355 0.0 0.30332103225439055 0.0
0 0.701660 0.309570 0.069336 0.078125 0.0 0.3875887226258217 0.0 0.0 0.0 0.1612161400046473 0.0 0.0 0.0 0.8944873932794319 0.0 0.0 0.0
0 0.744629 0.270508 0.069336 0.078125 0.0 0.3438222972009879 0.0 0.0 0.0 0.15709605897153373 0.0 0.0 0.0 0.8933245915187327 0.0 0.0 0.0
0 0.787598 0.239258 0.069336 0.078125 0.11297843716477145 0.0 0.0 0.08021008295780192 0.0 0.0 0.0 0.3023729207126989 0.0 0.0 0.0 0.8980992175484555 0.0
0 0.830566 0.206055 0.069336 0.078125 0.0 0.0 0.0 0.0 0.36845531074653826 0.0 0.0 0.0 0.1590403543386006 0.0 0.0 0.0 0.03386575130252759
0 0.865723 0.156250 0.069336 0.078125 0.0 0.0 0.0 0.0 0.3919528536520748 0.0 0.0 0.0 0.1588005906609166 0.0 0.0 0.0 0.1532702076808012
0 0.895020 0.102539 0.069336 0.078125 0.0 0.0 0.0 0.0 0.29459911012562195 0.0 0.0 0.0 0.15952326099519296 0.0 0.0 0.0 0.27247446362540273
0 0.115234 0.549805 0.070312 0.076172 0.0 0.18788399186356738 0.0 0.12765155796493435 0.0 0.3098824782308777 0.0 0.25226184065544394 0.0 0.33565922566281237 0.0 0.3458991413934067 0.0
0 0.091797 0.671387 0.070312 0.069336 0.0 0.19329654038032656 0.0 0.2066018634879736 0.0 0.26615249625099285 0.0 0.2715756798442335 0.0 0.32544300815726107 0.0 0.3590533268249437 0.0
0 0.434082 0.649414 0.088867 0.083984 0.0 0.10521424119469315 0.0 0.18210816710098926 0.0 0.2949248430772331 0.0 0.2738543429316628 0.0 0.7331927795935439 0.0 0.7123394733835078 0.0
0 0.523926 0.847656 0.034180 0.050781 0.0 0.18776189876248844 0.0 0.068630426995437 0.0 0.1719244170493727 0.0 0.19516236883469182 0.0 0.7415499713889993 0.0 0.7028967368559651 0.0
0 0.546875 0.838867 0.027344 0.050781 0.0 0.20652202716866805 0.0 0.059562543159537865 0.0 0.20627614275761372 0.0 0.2343972390125485 0.0 0.8610166911684823 0.0 0.7290046037214034 0.0
0 0.578125 0.827148 0.027344 0.050781 0.0 0.17763379984212913 0.0 0.07743382164448376 0.0 0.22780928402278502 0.0 0.1872650704810766 0.0 0.7433632348316561 0.0 0.7156019511860595 0.0
0 0.134277 0.033691 0.081055 0.065430 0.11630855941404783 0.0 0.0 0.0 0.32258104336763604 0.0 0.0 0.0 0.22240723050570768 0.0 0.0 0.0 0.44389566755673304
0 0.945312 0.343262 0.109375 0.133789 0.29241986411130155 0.0 0.0 0.0 0.0 0.0 0.0 0.0 0.0 0.0 0.0 0.0 0.0
