0 0.600586 0.187988 0.183594 0.229492 0.20368470838913844 0.001742547287118768 0.013193599911470214 0.004810221939428628 0.00598004781338032 0.416671995268783 0.11457270156903765 0.13761952363070792 0.23916032868377418 0.8786881032553215 0.7167329580939681 0.9435419080253749 0.7769215797388371
0 0.478516 0.044922 0.197266 0.087891 0.0 0.0 0.08361367602549656 0.0 0.15535663727490479 0.0 0.2108262281746325 0.0 0.34365867338690803 0.0 0.8827665126190936 0.0 0.8486923097356607
0 0.717285 0.361328 0.137695 0.140625 0.33884742463401035 0.0 0.013781968079313513 0.0 0.011767069240626387 0.0 0.2559032828502399 0.0 0.27880028484813024 0.0 0.8802088929374804 0.0 0.8668085998906624
0 0.192383 0.176270 0.183594 0.157227 0.11449137713163726 0.2592150393450912 0.0 0.0 0.0 0.08129977103386697 0.0 0.0 0.0 0.7516694278813086 0.0 0.0 0.0
0 0.230957 0.277344 0.208008 0.185547 0.19884498009763857 0.0 0.12233428976679986 0.0 0.0 0.0 0.07519842677069899 0.0 0.0 0.0 0.8837042409941515 0.0 0.0
0 0.947754 0.464355 0.104492 0.163086 0.3457399979726879 0.0 0.0 0.0029365324563887254 0.0 0.0 0.0 0.2461159370821184 0.0 0.0 0.0 0.9662502000134207 0.0
0 0.110352 0.086914 0.173828 0.171875 0.28597722239750983 0.0 0.0 0.0 0.0 0.0 0.0 0.0 0.0 0.0 0.0 0.0 0.0
0 0.814941 0.131836 0.204102 0.236328 0.22441556687334052 0.0 0.0 0.0 0.0 0.0 0.0 0.0 0.0 0.0 0.0 0.0 0.0
0 0.043457 0.029785 0.084961 0.057617 0.19015932539772312 0.0 0.0 0.0 0.0 0.0 0.0 0.0 0.0 0.0 0.0 0.0 0.0
0 0.773926 0.957031 0.135742 0.085938 0.29037069492972956 0.0 0.0 0.0 0.014238155595031122 0.0 0.0 0.0 0.23330811896158102 0.0 0.0 0.0 0.9318738349399919
0 0.157227 0.901367 0.144531 0.154297 0.18224443319196906 0.007100260753195324 0.10761816819124155 0.002476970846140359 0.0016970903845109156 0.14159545938733586 0.15860818564005508 0.49092696579012474 0.06969914162644862 0.9466065936700391 0.8329316515949908 0.1789104266694513 0.21501709094347696
0 0.089844 0.768066 0.173828 0.170898 0.00252088679805509 0.10970231549585564 0.05195082424948779 0.11779400856574361 0.0 0.29538643108434337 0.27751703822343543 0.31272764567320005 0.0 0.8329142680495727 0.8907745333251982 0.8647753098933575 0.0
0 0.050293 0.602051 0.098633 0.110352 0.0 0.0840864230736513 0.10443278422067473 0.13241762716308306 0.0 0.15989148927157854 0.15593000880462116 0.14498109304494827 0.0 0.8847256869176496 0.8983268045118379 0.8735595241709563 0.0
0 0.030273 0.463867 0.058594 0.119141 0.0 0.0 0.13578973493770355 0.0946012956311845 0.0 0.0 0.30869041116197327 0.30517448261885166 0.0 0.0 0.8760503322613181 0.8759695184741001 0.0
0 0.293457 0.374023 0.192383 0.164062 0.02261976476236252 0.0 0.054402129576691535 0.0684609889280472 0.05743754114530973 0.0 0.3154636041231983 0.2979984658407694 0.3109004912650768 0.0 0.879076722205314 0.8825867852641783 0.8831033964476838
0 0.352051 0.444336 0.192383 0.164062 0.0 0.15860839439773392 0.06886061459514513 0.13202160008018538 0.0 0.28070794062377186 0.2868406074712246 0.2790447179451215 0.0 0.8889784662588628 0.8749941193971665 0.8720235284631068 0.0
0 0.424316 0.559570 0.192383 0.164062 0.37191849361186907 0.0 0.0013876294627308868 0.0 0.0 0.0 0.18910895959688784 0.0 0.0 0.0 0.5145036292260871 0.0 0.0
0 0.505371 0.666016 0.192383 0.164062 0.022421403182412255 0.07623239489811198 0.0844201378039638 0.06535037050842861 0.06176779525825023 0.32878442139452463 0.3478580252474164 0.3350251060111646 0.34209356411107367 0.8764120783896642 0.8788723629526277 0.8772149950843334 0.885719436547509
0 0.629883 0.766113 0.167969 0.184570 0.1424974442209565 0.012251688390694133 0.06819472896983847 0.0 0.01441570475896903 0.07605512698608353 0.17719998676857182 0.0 0.26006522883309724 0.4612871986308199 0.8489947482351351 0.0 0.9129037578327386
0 0.720703 0.894043 0.091797 0.067383 0.05568414441548153 0.0 0.1431117739053723 0.0 0.20614152085073312 0.0 0.3220220234520567 0.0 0.31440553458234755 0.0 0.8916050635676467 0.0 0.8938291072338094
0 0.821777 0.517578 0.178711 0.201172 0.033689569870708924 0.004315257951377309 0.11434374500834736 0.01028489089862593 0.16050770158419053 0.0896356824972339 0.24634565270052822 0.35647422137406537 0.2499062438795099 0.42498132809761713 0.8435639318756799 0.879649244943949 0.8791203707471779
0 0.931641 0.640625 0.130859 0.123047 0.3038805289118003 0.0 0.0 0.0 0.004628680324712377 0.0 0.0 0.0 0.09141808620695113 0.0 0.0 0.0 0.3905693450668126
