0 0.063965 0.299805 0.125977 0.146484 0.010452604496323906 0.09078254787895233 0.060553876714303845 0.1000182026615527 0.04649485965482187 0.22489251957569237 0.2045857648319589 0.2091251610293497 0.21558324824198635 0.53795091147684 0.5197090883330797 0.5407192997563569 0.5487066304442167
0 0.196289 0.304688 0.138672 0.148438 0.01622902667228895 0.12506494863269693 0.0628065284930794 0.06590518896074762 0.04997121364863318 0.26769034821245197 0.27702389311342795 0.294060173656584 0.2771443967895149 0.5412410837268068 0.5483696859878352 0.5430563600234173 0.5388427530332682
0 0.837402 0.246094 0.116211 0.121094 0.009725277877659921 0.10314189387165607 0.07544986836517174 0.05882065083539781 0.055660835532660914 0.2892559131074941 0.2894313575098463 0.29229978569052045 0.2723191023027998 0.5388048536760227 0.5383159615271371 0.5424520532416801 0.5159274901434546
0 0.717773 0.323730 0.128906 0.223633 0.041661442238753024 0.045141188833731076 0.030905297229799657 0.014649850421614699 0.14600136256724516 0.22259162274984806 0.2092435096244939 0.1909333812958282 0.22541395300148315 0.5409506546693189 0.6744378986009479 0.5344721645864916 0.7612533249431775
0 0.853516 0.428223 0.154297 0.114258 0.0 0.11381170946505559 0.0943539285162848 0.06650185631009188 0.06583571566662366 0.3265522050414297 0.32659581193734205 0.27710547096316995 0.32330504620078715 0.881215728594171 0.8710498369334658 0.8863191143959436 0.8766542171108584
0 0.527832 0.468262 0.217773 0.178711 0.36689167130778383 0.0 0.0 0.0 0.0 0.0 0.0 0.0 0.0 0.0 0.0 0.0 0.0
0 0.377441 0.159180 0.170898 0.158203 0.0 0.06669024394036835 0.09355685283537486 0.029934493187628655 0.03498425615722365 0.34956163297786397 0.35733979417560907 0.3118981131099488 0.3351805745328659 0.44426842541119094 0.8812664338939709 0.6007390761453146 0.893617976040639
0 0.946289 0.245117 0.107422 0.167969 0.20874849578396543 0.006161391565582267 0.0 0.0 0.0 0.22365015171282454 0.0 0.0 0.0 0.5325905031252234 0.0 0.0 0.0
0 0.454102 0.348145 0.216797 0.204102 0.15505065649589075 0.0 0.0 0.0 0.0 0.0 0.0 0.0 0.0 0.0 0.0 0.0 0.0
0 0.948730 0.529297 0.102539 0.140625 0.1685922649638584 0.0 0.0 0.0 0.0 0.0 0.0 0.0 0.0 0.0 0.0 0.0 0.0
0 0.668945 0.680664 0.212891 0.167969 0.1717115147493388 0.0 0.0 0.0 0.0 0.0 0.0 0.0 0.0 0.0 0.0 0.0 0.0
0 0.082031 0.586426 0.162109 0.157227 0.23781609427711342 0.0 0.0 0.0 0.0 0.0 0.0 0.0 0.0 0.0 0.0 0.0 0.0
0 0.728027 0.774414 0.215820 0.183594 0.1936857693403156 0.0 0.1191602172634637 0.0 0.0 0.0 0.07519842677069899 0.0 0.0 0.0 0.8837042409941515 0.0 0.0
0 0.463379 0.946777 0.194336 0.106445 0.2856194268499282 0.0 0.0 0.0 0.0 0.0 0.0 0.0 0.0 0.0 0.0 0.0 0.0
0 0.608398 0.586426 0.203125 0.190430 0.22088497098789908 0.0 0.0 0.0 0.0 0.0 0.0 0.0 0.0 0.0 0.0 0.0 0.0
0 0.178223 0.665039 0.118164 0.080078 0.0 0.12359809677123133 0.04444856990110073 0.09774460141315257 0.0 0.37188292249694416 0.35480868531396786 0.3707147100938817 0.0 0.8802306635338736 0.8844248764738418 0.8821900753151933 0.0
0 0.794434 0.869629 0.188477 0.163086 0.02322682307639074 0.0 0.05586214763644265 0.07029831186009276 0.05897902211365365 0.0 0.3154636041231983 0.2979984658407694 0.3109004912650768 0.0 0.879076722205314 0.8825867852641783 0.8831033964476838
0 0.846680 0.930664 0.210938 0.138672 0.0 0.15856604337075023 0.07089984380228166 0.14341547792817802 0.0 0.2802505948308964 0.2854181555628578 0.27818680280425 0.0 0.8895159262555521 0.8772400641207174 0.8725880815435036 0.0
0 0.385254 0.870117 0.206055 0.191406 0.2652460407348539 0.0 0.0 0.0 0.0 0.0 0.0 0.0 0.0 0.0 0.0 0.0 0.0
0 0.026855 0.452148 0.051758 0.117188 0.24987276276300618 0.0 0.0 0.0 0.0 0.0 0.0 0.0 0.0 0.0 0.0 0.0 0.0
0 0.287598 0.779297 0.188477 0.173828 0.09331084009048476 0.08534636406332047 0.02194673954923925 0.07407703638329709 0.02794505230285886 0.200882085701116 0.21856476016055432 0.26504535211745894 0.43007651200725716 0.8123572523676782 0.864668454765106 0.8525773099140509 0.9262572414112886
