0 0.642090 0.517578 0.131836 0.121094 0.0 0.03394265618641342 0.1222145111750669 0.020274507035256815 0.14188610797281198 0.33900308674669205 0.36325959740133634 0.33649310109893715 0.3508592885995514 0.1504196383486567 0.14503522061641863 0.15236633838902158 0.1432665447405731
0 0.705566 0.415527 0.141602 0.120117 0.0 0.0263638906741955 0.07938778127653487 0.02201071542474468 0.10259644591468547 0.3397116088131614 0.3591237635649881 0.32834522642340597 0.34984875238805296 0.14586867200405243 0.1465289450424052 0.12369214177943712 0.12925286834827576
0 0.537109 0.729492 0.138672 0.140625 0.0 0.06742983517376028 0.03914589981745118 0.12555565342642727 0.06731364855008538 0.2784366787349605 0.28751960281281297 0.2906159846566639 0.2827569131338284 0.14138170436592346 0.1272455755226714 0.14048302348905173 0.1440027034509648
0 0.582520 0.611816 0.129883 0.120117 0.0 0.033821346862786865 0.06218670933397738 0.016964735501338986 0.13007156504059844 0.3711439307029829 0.3191275786270596 0.3203508498301238 0.32526873759641606 0.14122488617807533 0.1379343282823015 0.12069399229776473 0.17087345179872265
0 0.633789 0.926270 0.083984 0.063477 0.0 0.0 0.3181306607049358 0.0 0.04902056261956746 0.0 0.3221636026821847 0.0 0.3509386402582607 0.0 0.1405958838638427 0.0 0.16742342211493874
0 0.346680 0.904297 0.095703 0.089844 0.0 0.18195947201980323 0.0 0.11767992015372436 0.0 0.300030900283253 0.0 0.2984289228029074 0.0 0.19270024397578112 0.0 0.18476290115714272 0.0
0 0.088867 0.068848 0.134766 0.114258 0.0 0.06307555702921419 0.04138139130053106 0.15762640715928877 0.0714704248919739 0.31771794823040767 0.32234539721784394 0.32070381700311423 0.3253258696548693 0.16948762931958036 0.1552345903220176 0.1728037822055152 0.16866651654388093
0 0.670898 0.830078 0.146484 0.134766 0.0 0.08222717134753124 0.04836456960428772 0.04356673860523366 0.017536647333135626 0.2937944194937948 0.27750026623211044 0.28592849209231264 0.28535415619848276 0.1433911460197412 0.13926788477225122 0.1490140210595091 0.12750202889008494
0 0.121094 0.364258 0.240234 0.308594 0.30834041681845986 0.0 0.0 0.0 0.0 0.0 0.0 0.0 0.0 0.0 0.0 0.0 0.0
0 0.852051 0.107910 0.143555 0.118164 0.01452643467374915 0.17519685367405216 0.0 0.1268902984009989 0.0 0.34940587868011447 0.0 0.2076349477873942 0.0 0.30250958554507246 0.0 0.29401672089402664 0.0
0 0.277344 0.652344 0.097656 0.091797 0.0 0.0 0.13497798428049787 0.0 0.19392843768444548 0.0 0.32776280139784 0.0 0.3149418367459835 0.0 0.1742255897997792 0.0 0.17194652516530262
0 0.394531 0.191406 0.091797 0.083984 0.0 0.09256533379627516 0.0 0.10272624019008698 0.0 0.2978479777822774 0.0 0.32291757371038166 0.0 0.17310793306063266 0.0 0.16754225981488213 0.0
0 0.949219 0.979980 0.082031 0.040039 0.0 0.28678281235728287 0.0 0.08211801031636576 0.0 0.28560507439984245 0.0 0.2788001836427156 0.0 0.14758548929805532 0.0 0.15672536511732366 0.0
0 0.412109 0.951660 0.078125 0.083008 0.0 0.09857489640873776 0.0 0.24905725059907208 0.0 0.2482003235595046 0.0 0.30893154797533584 0.0 0.1754166698062878 0.0 0.1836511850813663 0.0
0 0.750488 0.060547 0.096680 0.097656 0.0 0.20640508379828967 0.0 0.07788183513854167 0.0 0.3312524586343029 0.0 0.37177963336600567 0.0 0.31795932166565977 0.0 0.3074815281508175 0.0
0 0.189453 0.786133 0.173828 0.171875 0.09131557572955051 0.05199422618790046 0.04814528694423015 0.057040013975237974 0.1024417745516972 0.24843080732821565 0.2988485484918886 0.3578249627993097 0.3808845789014892 0.07789005395042718 0.23113683193931947 0.2444225655485825 0.1216345928290808
0 0.502930 0.967773 0.113281 0.064453 0.01022011930159927 0.1299649722576072 0.0 0.06743036766466712 0.0 0.24844932129926323 0.0 0.32248071934587974 0.0 0.19339824528827018 0.0 0.19560659642257514 0.0
0 0.352539 0.506836 0.103516 0.089844 0.0 0.0 0.1568685168480625 0.0 0.16870720374880144 0.0 0.3400979406731711 0.0 0.3561294506179856 0.0 0.1694557271929006 0.0 0.20454125035847426
0 0.959473 0.129883 0.081055 0.107422 0.0 0.15852499195646716 0.02169270037464107 0.1586699349766756 0.0370969310892796 0.30149502192848443 0.24681474904650255 0.30011518765300504 0.24609188286593345 0.29597203203549927 0.19008608590795195 0.28779047321871776 0.39111105495898546
0 0.387695 0.433105 0.109375 0.092773 0.0 0.04973445444332768 0.08031045236643196 0.0 0.13275436895321052 0.3356455526544471 0.36245914770456844 0.0 0.36167884441512715 0.17112626750943968 0.12681390756712668 0.0 0.22174847004349657
0 0.313965 0.575684 0.098633 0.096680 0.0 0.0 0.15490593514018397 0.0 0.21133292719046085 0.0 0.36128414197687175 0.0 0.33197399445130504 0.0 0.12313717879141312 0.0 0.2043612369283491
0 0.930664 0.400391 0.138672 0.103516 0.0 0.08600233384530816 0.06850389417451198 0.1118031204756837 0.06496663112633695 0.3334910005513318 0.31166162427387356 0.3347219000768904 0.33843735340224973 0.148288065555037 0.14472695141187916 0.1401192020792624 0.1387535421753836
0 0.191406 0.130371 0.078125 0.083008 0.0 0.24372059221051462 0.0 0.18757100103772795 0.0 0.3206377033416942 0.0 0.31181958784176916 0.0 0.17433428480517907 0.0 0.15938473721616334 0.0
0 0.604492 0.970703 0.076172 0.056641 0.041949532387109786 0.0 0.25720180097658546 0.0 0.0 0.0 0.341686714640386 0.0 0.0 0.0 0.13371323342973812 0.0 0.0
0 0.794922 0.332520 0.126953 0.118164 0.0 0.11347982192202237 0.07267763935325106 0.06102207248880261 0.10946106831836847 0.34378287654881545 0.34172795274512785 0.34965665732778006 0.35094429123334536 0.14223851365180618 0.1541114036585043 0.1379649604150403 0.1348907757522233
0 0.461426 0.220215 0.071289 0.083008 0.0 0.1364494410819899 0.03558500008596308 0.18502920787009022 0.0 0.35788257078078234 0.3498498845210726 0.27537477225196255 0.0 0.1916282945590854 0.17831019470542817 0.1694000823672503 0.0
0 0.976562 0.305176 0.046875 0.098633 0.0 0.0 0.0 0.0463634227268075 0.13702884709221558 0.0 0.0 0.33317289558030244 0.3431471434577131 0.0 0.0 0.10692524162290813 0.1328158498954064
0 0.282715 0.864258 0.088867 0.083984 0.0 0.2359338337924724 0.0 0.24146368668251514 0.0 0.282871793917705 0.0 0.40045896423501887 0.0 0.18628039728980178 0.0 0.2259060744906593 0.0
0 0.835449 0.941895 0.151367 0.102539 0.0 0.08624034500442064 0.020249262827895877 0.07964662887668643 0.0728278544599227 0.30561853816297313 0.3078803927629374 0.30205475971937773 0.3068862604243519 0.13434805144963516 0.15853027043303441 0.12813301014916764 0.14271392264557412
0 0.547852 0.245117 0.105469 0.119141 0.02565158781777474 0.08409260692150125 0.11761524974387191 0.0 0.16387871427665668 0.30616274477818256 0.21000422411227246 0.0 0.38139534013215337 0.1617386278412018 0.17259603204766408 0.0 0.17527145948775524
0 0.645996 0.032227 0.151367 0.062500 0.08823301735403932 0.0 0.0 0.10252212827753794 0.0 0.0 0.0 0.2934947419067904 0.0 0.0 0.0 0.2953581700470172 0.0
0 0.497070 0.336914 0.105469 0.119141 0.0 0.0 0.15215635434176394 0.0 0.21793543722506 0.0 0.20786894646134885 0.0 0.41439175169009423 0.0 0.1852876915089452 0.0 0.1696327606384655
0 0.313477 0.167480 0.078125 0.083008 0.0 0.17907110830893627 0.0 0.18856781178617524 0.0 0.30629830868935626 0.0 0.28350132029543046 0.0 0.17584251313133348 0.0 0.18472959606032063 0.0
0 0.187012 0.656250 0.094727 0.083984 0.35677086890348947 0.0 0.0 0.0 0.0 0.0 0.0 0.0 0.0 0.0 0.0 0.0 0.0
0 0.098145 0.622070 0.094727 0.083984 0.28888072568439255 0.0 0.0 0.0 0.0 0.0 0.0 0.0 0.0 0.0 0.0 0.0 0.0
0 0.030273 0.579590 0.058594 0.081055 0.3933343660856909 0.0 0.0 0.0 0.0 0.0 0.0 0.0 0.0 0.0 0.0 0.0 0.0
