0 0.284180 0.620605 0.166016 0.131836 0.3409566473187783 0.0 0.0 0.0 0.0 0.0 0.0 0.0 0.0 0.0 0.0 0.0 0.0
0 0.248047 0.779297 0.138672 0.177734 0.08616604343443804 0.019051156455932715 0.037832861152235706 0.052585559463353845 0.07984877988243667 0.25570933175538807 0.15178557803036993 0.23563562834315793 0.16780922422713493 0.1687652228953478 0.4737598491996136 0.170652829634157 0.4465971469057204
0 0.470703 0.617188 0.152344 0.169922 0.3068870375339366 0.0 0.0 0.0 0.0 0.0 0.0 0.0 0.0 0.0 0.0 0.0 0.0
0 0.381348 0.896973 0.116211 0.124023 0.0 0.10160251040423421 0.015859972619942635 0.17945355516262712 0.009537460665574668 0.2747568121267939 0.27038537353266007 0.21651471512564935 0.2907746672360519 0.18248113008428982 0.19329985869426727 0.15588826295911648 0.17222593859767893
0 0.052734 0.569336 0.103516 0.111328 0.049319827601340405 0.0195118143539702 0.2311206965985111 0.018577720883033166 0.11501968716935856 0.3579570178855513 0.23159820797953798 0.3975527710338782 0.2759151052274253 0.471067422394352 0.44021717042619496 0.5034881497815901 0.464263094358078
0 0.052734 0.678711 0.103516 0.107422 0.050688548474531796 0.009078377894304815 0.2006945496489082 0.017211000576337104 0.11116875489896336 0.31361430738307106 0.24424153263944032 0.22486013325605667 0.31438032194151005 0.4819389586052705 0.4735948489431214 0.5792136063294817 0.4811240167585661
0 0.938477 0.624023 0.123047 0.132812 0.28693927712990935 0.0 0.0 0.0 0.030505701776755698 0.0 0.0 0.0 0.0924475005824682 0.0 0.0 0.0 0.34656744504981163
0 0.454102 0.938965 0.101562 0.108398 0.05418066402799962 0.1313487640692674 0.02618813855823617 0.13034529361784075 0.009172852957724707 0.28366609545741917 0.2608723536638965 0.298102150778705 0.29563638547787463 0.1725486923495902 0.2469356096992423 0.17480241782122571 0.15590150011305343
0 0.083984 0.382324 0.107422 0.213867 0.06714461201236942 0.015496325873618242 0.15894466163176044 0.0 0.06970769097461582 0.07307822841989826 0.0672204508914555 0.0 0.10136151687095474 0.40720894820427167 0.4805355178165712 0.0 0.47522703181276865
0 0.628418 0.816895 0.151367 0.155273 0.04175780961923983 0.051838756808331034 0.01398762926647417 0.044986236682315286 0.0022541797534221496 0.2250130224936286 0.23716644064116582 0.256144147413566 0.1949219333278176 0.27834987205268596 0.32578706350833675 0.3155804386340568 0.31973148001885016
0 0.305176 0.861816 0.118164 0.141602 0.0 0.06157720914408951 0.01291400319478236 0.11437516329244302 0.0059448838352412076 0.25430271529319465 0.20881319702543327 0.2935083164613061 0.1891851721563037 0.1746920001828229 0.2842263555652658 0.17982858016231848 0.03059151039640508
0 0.526855 0.469238 0.133789 0.135742 0.012250426677393655 0.03402468455249201 0.07577245284907691 0.0 0.0958856348603217 0.2282744004719207 0.23198380908126015 0.0 0.22975700650339634 0.3107066697464501 0.30745552430004863 0.0 0.30898716027705403
0 0.050293 0.799805 0.098633 0.134766 0.09184759050830751 0.02987880996221468 0.14660219162327068 0.1172685149410069 0.062241919280801764 0.3049342421583915 0.32467246104165864 0.28992381002674505 0.3393598802916159 0.4999716445969843 0.46001539906620226 0.506364797787027 0.48238302461984717
0 0.541992 0.942871 0.126953 0.112305 0.0 0.11724406619156018 0.0 0.15755001691357107 0.0 0.2653719449252842 0.0 0.2811728472422249 0.0 0.16887131850045536 0.0 0.1672676862102476 0.0
0 0.209961 0.976562 0.183594 0.046875 0.0 0.11173116394103165 0.01944554920167082 0.0 0.02623842484481406 0.30734959859447075 0.09029573114491625 0.0 0.35484517711959007 0.2824697054082302 0.14142755264231383 0.0 0.4707109902382033
