0 0.418457 0.077637 0.081055 0.088867 0.0 0.17865530753718553 0.0 0.18143233447822055 0.0 0.1768738734206316 0.0 0.1904940229918117 0.0 0.7875835491201156 0.0 0.8474493426302995 0.0
0 0.452148 0.397461 0.072266 0.076172 0.0 0.26497171541216724 0.0 0.14085247155688535 0.0 0.215821849677402 0.0 0.22907476611566588 0.0 0.23246295996696048 0.0 0.2285564914525875 0.0
0 0.701660 0.604492 0.071289 0.119141 0.0 0.20435572709848854 0.0 0.31503821227804496 0.0 0.1888745617800483 0.0 0.193479745422597 0.0 0.24986908993881182 0.0 0.2394748524048162 0.0
0 0.633301 0.190918 0.139648 0.096680 0.28272922603369344 0.0 0.0 0.0 0.0 0.0 0.0 0.0 0.0 0.0 0.0 0.0 0.0
0 0.558105 0.942383 0.096680 0.115234 0.0336828378689668 0.0 0.2478804212152817 0.0 0.20689956895729464 0.0 0.1707457881964168 0.0 0.16974993784326886 0.0 0.5426555701246659 0.0 0.5489795344470543
0 0.056152 0.829102 0.110352 0.187500 0.306971183717407 0.0 0.0 0.0 0.0 0.0 0.0 0.0 0.0 0.0 0.0 0.0 0.0
0 0.922363 0.711426 0.067383 0.084961 0.0 0.20936248990357673 0.0 0.09251457013440294 0.0 0.17835248540797852 0.0 0.1786248268409213 0.0 0.24956696790452482 0.0 0.24518807797255956 0.0
0 0.430176 0.700195 0.145508 0.138672 0.3467265228890058 0.0 0.0 0.0 0.0 0.0 0.0 0.0 0.0 0.0 0.0 0.0 0.0
0 0.285156 0.316406 0.070312 0.078125 0.0 0.25998370737399984 0.0 0.10758543072124281 0.0 0.21952858764030048 0.0 0.22829878977302498 0.0 0.2563170920792669 0.0 0.23869279574484936 0.0
0 0.171387 0.264160 0.071289 0.079102 0.0 0.12778246857645395 0.0 0.056781310913162235 0.08476515332030629 0.2340404242071491 0.0 0.2876117495136946 0.2793413067685921 0.24437503755243503 0.0 0.24020879417662905 0.23302192494157498
0 0.868652 0.687500 0.069336 0.091797 0.0 0.23969549986050806 0.0 0.1481294253174382 0.0 0.17115325925328692 0.0 0.15932496915485336 0.0 0.24933944671417266 0.0 0.2618233831510793 0.0
0 0.077637 0.582031 0.096680 0.119141 0.21592056237536433 0.0 0.0 0.0 0.0 0.0 0.0 0.0 0.0 0.0 0.0 0.0 0.0
0 0.229004 0.299316 0.067383 0.084961 0.2209910949500765 0.0 0.0 0.19815685675962252 0.0 0.0 0.0 0.24391057155707058 0.0 0.0 0.0 0.24290330380419947 0.0
0 0.976074 0.784180 0.047852 0.115234 0.0 0.1693565222166538 0.0 0.24092160588129186 0.0 0.2722761155091635 0.0 0.2651140008753428 0.0 0.2467605190655574 0.0 0.25414238008345524 0.0
0 0.742188 0.339844 0.142578 0.083984 0.34551711091427334 0.0 0.0 0.0 0.0 0.0 0.0 0.0 0.0 0.0 0.0 0.0 0.0
0 0.847168 0.347168 0.063477 0.086914 0.3782498916329131 0.0 0.0 0.0 0.0 0.0 0.0 0.0 0.0 0.0 0.0 0.0 0.0
0 0.272461 0.686523 0.179688 0.185547 0.33121667664064997 0.0 0.0 0.0 0.0 0.0 0.0 0.0 0.0 0.0 0.0 0.0 0.0
0 0.115723 0.666992 0.125977 0.185547 0.29554187282006517 0.0 0.0 0.0 0.0 0.0 0.0 0.0 0.0 0.0 0.0 0.0 0.0
0 0.769043 0.639160 0.079102 0.100586 0.0 0.2319364196698328 0.0 0.2774995829598696 0.0 0.19638837728806313 0.0 0.19611284213930336 0.0 0.24376492308556735 0.0 0.25650744692005834 0.0
0 0.341309 0.340332 0.063477 0.077148 0.0 0.3022497130860413 0.0 0.11114822487347863 0.0 0.21970419322356835 0.0 0.2251249307204584 0.0 0.24224143823770466 0.0 0.22965288859635613 0.0
0 0.522949 0.454102 0.038086 0.089844 0.0 0.06597845713601325 0.0 0.10600452563956773 0.0 0.18935200993771162 0.0 0.23195172803336866 0.0 0.23665859339211784 0.0 0.17089208814781942 0.0
0 0.500488 0.203613 0.139648 0.096680 0.0 0.0 0.0 0.3123528577760233 0.0 0.0 0.0 0.07442840170412204 0.0 0.0 0.0 0.7920098355021676 0.0
0 0.915527 0.338379 0.081055 0.090820 0.3121897800798114 0.0 0.0 0.0 0.0 0.0 0.0 0.0 0.0 0.0 0.0 0.0 0.0
0 0.357422 0.100098 0.066406 0.081055 0.0 0.27918706910209384 0.0 0.16129210444728934 0.0 0.21942237340774381 0.0 0.22847668056018205 0.0 0.7543357060603092 0.0 0.8808522309842652 0.0
0 0.291992 0.100098 0.066406 0.081055 0.2660029936771365 0.0 0.0 0.0 0.0 0.0 0.0 0.0 0.0 0.0 0.0 0.0 0.0
0 0.229492 0.132324 0.066406 0.081055 0.328733113371475 0.0 0.0 0.0 0.0 0.0 0.0 0.0 0.0 0.0 0.0 0.0 0.0
0 0.155273 0.019043 0.076172 0.036133 0.0 0.0 0.0 0.3553524963948334 0.0 0.0 0.0 0.12366031250037586 0.0 0.0 0.0 0.8983746638994836 0.0
0 0.089844 0.036621 0.072266 0.071289 0.3624756146442187 0.0 0.0 0.0 0.0 0.0 0.0 0.0 0.0 0.0 0.0 0.0 0.0
0 0.030762 0.041504 0.059570 0.081055 0.0 0.07732795091415004 0.12187440595290612 0.10524851291287286 0.0 0.18170784524645975 0.19104046833275865 0.19107140804543382 0.0 0.857075411555641 0.880353806784371 0.8768985759832036 0.0
0 0.562012 0.465820 0.038086 0.089844 0.0 0.22114476855820897 0.0 0.14800732229842434 0.0 0.10219741913648865 0.0 0.2360906416377871 0.0 0.2037475545493837 0.0 0.23519573888980289 0.0
0 0.601074 0.484375 0.038086 0.089844 0.2175432226660712 0.0 0.0 0.04145719203378254 0.0 0.0 0.0 0.2434473922877412 0.0 0.0 0.0 0.10702814980640293 0.0
0 0.643066 0.502441 0.043945 0.088867 0.0 0.289679577825454 0.0 0.14022303554610416 0.0 0.2574055525247488 0.0 0.23939514420299018 0.0 0.20897409119326818 0.0 0.21569190604185925 0.0
0 0.395996 0.369629 0.063477 0.077148 0.0 0.31488447028509226 0.0 0.1572193457197974 0.0 0.21449938266269525 0.0 0.22648300853152006 0.0 0.2428572177368767 0.0 0.22906200134215926 0.0
0 0.785645 0.976074 0.090820 0.047852 0.0732921336976107 0.0 0.24878746164338594 0.0 0.08429120018462916 0.0 0.16295430957973478 0.0 0.15326805656274622 0.0 0.524984438299392 0.0 0.6001075984981017
0 0.986816 0.481445 0.026367 0.085938 0.2888017762347308 0.0 0.0 0.0 0.0 0.0 0.0 0.0 0.0 0.0 0.0 0.0 0.0
