0 0.951823 0.240234 0.096354 0.108073 0.0 0.115930385238024 0.04382918938001474 0.1284587273121431 0.0 0.3296451301276505 0.328625016503206 0.3106868022084191 0.0 0.10393466100439315 0.09878015502871701 0.11646549807360063 0.0
0 0.562500 0.567708 0.135417 0.117188 0.0 0.2225560574686237 0.0 0.19052663022046015 0.0 0.31477227831890614 0.0 0.30163958959727727 0.0 0.05610853807110219 0.0 0.04699594758936377 0.0
0 0.869141 0.187500 0.074219 0.091146 0.0 0.1727331190858186 0.06995948569953114 0.19734714479480905 0.0 0.32612389520130913 0.32502144206826455 0.3031121558537884 0.0 0.09839477045958654 0.10061444027581956 0.10881629333111265 0.0
0 0.074870 0.402995 0.123698 0.121094 0.0 0.18642255538331257 0.0 0.1800705561945996 0.0 0.25615679112559625 0.0 0.2591192667975584 0.0 0.07421396557747657 0.0 0.05073646274282611 0.0
0 0.481771 0.506510 0.140625 0.117188 0.0 0.18194723692225392 0.0 0.16216001872891028 0.0 0.32141857299272625 0.0 0.30266345572247805 0.0 0.048645873383946284 0.0 0.04947120814457643 0.0
0 0.800130 0.129557 0.089844 0.092448 0.0 0.21370611062422729 0.11625206735313154 0.22518333309244493 0.0 0.32428117792599603 0.2779432675706368 0.31090062577308925 0.0 0.10117996982113624 0.2050799258741885 0.1321491302277653 0.0
0 0.625651 0.623698 0.108073 0.117188 0.0 0.07308429628565213 0.0 0.12850086084608003 0.0 0.44943917439202696 0.0 0.32303098832551325 0.0 0.03484824618709889 0.0 0.046278625944531075 0.0
0 0.720052 0.238932 0.091146 0.108073 0.0 0.04954249292178195 0.0 0.06193110775629546 0.0 0.3009699470515497 0.0 0.3304610411325978 0.0 0.06714377114912864 0.0 0.07128637700765271 0.0
0 0.146484 0.464193 0.095052 0.087240 0.0 0.19686143666892983 0.0 0.1255208503442515 0.0 0.4079934998447233 0.0 0.10410083076930676 0.0 0.032419127354279216 0.0 0.2376634103459379 0.0
0 0.663411 0.447917 0.121094 0.109375 0.0 0.1341828815604684 0.0 0.07734270412277024 0.0 0.19495881532988624 0.0 0.22667173380527478 0.0 0.08146887867737797 0.0 0.11448125222872092 0.0
0 0.774089 0.278646 0.097656 0.117188 0.0 0.1849119615448171 0.0 0.07152133194659188 0.0 0.2662523896106792 0.0 0.16818253611739595 0.0 0.03686865408908402 0.0 0.08221392076976536 0.0
0 0.921875 0.412109 0.109375 0.115885 0.0 0.15289002020800196 0.0 0.20867847681404622 0.0 0.29435610246849153 0.0 0.2522450284822167 0.0 0.06198234739952554 0.0 0.05892403817389259 0.0
0 0.656250 0.190755 0.122396 0.115885 0.0 0.1994337191340266 0.0 0.11634351432153221 0.0 0.315341618422037 0.0 0.32710571193524296 0.0 0.05797731577351305 0.0 0.058746149691509056 0.0
0 0.721354 0.500000 0.114583 0.109375 0.10343386703389326 0.1425952878513778 0.0 0.0 0.0 0.19915196941751592 0.0 0.0 0.0 0.1552372487879832 0.0 0.0 0.0
0 0.865885 0.870443 0.125000 0.128906 0.0 0.1770178928188833 0.041126963615675895 0.09803444939343911 0.13809344658910852 0.3257658294282631 0.3083760260738301 0.3468591174130232 0.32368275181233 0.9850983524106182 0.9817550228753527 0.9155958756790847 0.9857223205451795
0 0.864583 0.361328 0.104167 0.113281 0.0 0.036922301989151286 0.02031655768157844 0.070629969076898 0.0 0.2661582908427277 0.27817129067160784 0.2803830151423171 0.0 0.0372024606120207 0.9617851055075463 0.08109283376628801 0.0
0 0.384115 0.046224 0.125000 0.087240 0.0 0.0 0.15325803361426993 0.0 0.2729862999048887 0.0 0.2477690222470679 0.0 0.2373326639364081 0.0 0.12430142248093716 0.0 0.10980880330012073
0 0.108073 0.139323 0.164062 0.158854 0.0 0.0 0.07852739162563913 0.05328101345033069 0.12288608371851899 0.0 0.2573144303052287 0.3148613449068695 0.29402763964341017 0.0 0.2408196360262164 0.031352993006255915 0.05514711915988749
0 0.720052 0.078776 0.091146 0.084635 0.0 0.26387198442797705 0.0 0.22548556565019406 0.0 0.3183319159625323 0.0 0.3145755944089669 0.0 0.10032346409921662 0.0 0.09736971576870312 0.0
0 0.798177 0.552083 0.111979 0.098958 0.0 0.18117420644216403 0.01841460783939558 0.24941457390204386 0.017026266454523542 0.2111631212611447 0.43498044971243943 0.23461399623718482 0.4421375494730907 0.043882588107150663 0.02947084837150808 0.06749759518405558 0.06426449478654964
0 0.019531 0.347656 0.036458 0.119792 0.0 0.36102102037674727 0.0 0.21653532714633583 0.0 0.26315723934668805 0.0 0.248808883537837 0.0 0.0492970560303162 0.0 0.04723120966077532 0.0
0 0.201172 0.250651 0.160156 0.105469 0.0 0.09722126564273041 0.05903964356921329 0.1672264692406992 0.0 0.3323294251478086 0.3195433040942104 0.3273251323483037 0.0 0.07848160260304829 0.09487176900365424 0.06510217195114162 0.0
0 0.816406 0.322917 0.088542 0.109375 0.0 0.14290475360682348 0.0 0.12963138304534041 0.0 0.23070497728440548 0.0 0.2585998350258277 0.0 0.03420461469431133 0.0 0.0714181237676431 0.0
0 0.380859 0.401693 0.134115 0.180990 0.019140049452022596 0.055448451582358664 0.02743560418802097 0.14940840008887873 0.09031210876333462 0.3111815541395711 0.11267610006625686 0.2669984975168275 0.3009735303528878 0.05007782254343943 0.22861465948435125 0.44728352834423857 0.07880232476194951
0 0.924479 0.778646 0.088542 0.109375 0.0 0.30251220973797416 0.0 0.16903680738332694 0.0 0.31549726409754225 0.0 0.3746012716242678 0.0 0.9624576622118222 0.0 0.9002305983252283 0.0
0 0.619141 0.393229 0.089844 0.096354 0.0 0.17693449223975513 0.0 0.06940709970433835 0.0 0.28493489391047855 0.0 0.2760641583465876 0.0 0.07460514568944135 0.0 0.059591727110756665 0.0
0 0.540365 0.798177 0.091146 0.096354 0.0 0.17088912867800576 0.0 0.10467976682558751 0.0 0.3493316102269495 0.0 0.1594260640358455 0.0 0.06365749081477258 0.0 0.04117465325075279 0.0
0 0.574219 0.106120 0.114583 0.141927 0.0 0.06237317373536432 0.0694868896186652 0.08217204787783525 0.17820205211699078 0.3261989792785996 0.32016568919885635 0.29352331517000435 0.3255933683533248 0.05723301488145864 0.09678795241964402 0.03911223968537204 0.1314894933275383
0 0.460938 0.280599 0.174479 0.123698 0.0 0.12757335656497437 0.014388957042790095 0.007932847841795793 0.10264007903107447 0.10930582392137368 0.11585391007853096 0.11535552393251133 0.11412527352509949 0.05736365318277927 0.05215474140601878 0.06001626131316837 0.05149353817837243
0 0.296224 0.145833 0.152344 0.145833 0.0 0.0 0.1263915863422049 0.0 0.1647763735617935 0.0 0.3617660731246985 0.0 0.3430108755749007 0.0 0.10269635782583021 0.0 0.08832443872031445
0 0.712891 0.706380 0.170573 0.154948 0.0 0.06807719193895444 0.0 0.1182368238959502 0.015532265185285185 0.3418313981361059 0.0 0.3469902776458312 0.35716767101229585 0.046877916862783864 0.0 0.23909158324461816 0.007655886945483795
0 0.207682 0.535156 0.149740 0.143229 0.0 0.09105897269450436 0.0 0.12332436944516942 0.030342352000793864 0.35335935861859347 0.0 0.2645342777163536 0.3563539940271856 0.04874198932376651 0.0 0.3310158042211283 0.057597571818532936
0 0.605469 0.853516 0.127604 0.123698 0.0 0.12828066010096142 0.0 0.1417106885951847 0.0 0.23911973319954968 0.0 0.21948161639201896 0.0 0.06507744919772283 0.0 0.38222923958476673 0.0
0 0.319661 0.637370 0.154948 0.144531 0.3055173107691635 0.0 0.0 0.0 0.0 0.0 0.0 0.0 0.0 0.0 0.0 0.0 0.0
0 0.485026 0.748698 0.118490 0.104167 0.0 0.2099279185890399 0.0 0.15113262088576757 0.0 0.24969368971354436 0.0 0.09836712499919575 0.0 0.06487220201316402 0.0 0.0057473727177861315 0.0
0 0.729818 0.962240 0.141927 0.075521 0.3103994380797839 0.0 0.0 0.0 0.0 0.0 0.0 0.0 0.0 0.0 0.0 0.0 0.0
0 0.785807 0.660807 0.126302 0.102865 0.0 0.0 0.0 0.1258530800812382 0.15994728538129818 0.0 0.0 0.16691753588253286 0.12982956792408337 0.0 0.0 0.9620275114500512 0.00111636027015057
0 0.967448 0.470703 0.065104 0.113281 0.0 0.06587335366594896 0.0 0.10083485944872041 0.0 0.2507351746005725 0.0 0.4023129704573186 0.0 0.2833154638304933 0.0 0.04778657993128819 0.0
0 0.638021 0.033203 0.125000 0.063802 0.0 0.1889411218528984 0.03814833816387495 0.07785024546465331 0.15941956439399146 0.2967182537100305 0.33205488110315423 0.2637557804018592 0.35865089198969374 0.1116539131313692 0.0956535979906486 0.11464775706248752 0.11435194157205014
0 0.123047 0.936849 0.087240 0.082031 0.0 0.15711161510503574 0.0 0.12779852605558886 0.0 0.203332544625286 0.0 0.195393337907941 0.0 0.05338940181702472 0.0 0.09411909227507888 0.0
0 0.210286 0.048177 0.147135 0.093750 0.0 0.0 0.03766231279619251 0.0 0.07364508470373735 0.0 0.25239030568130716 0.0 0.23951487037005603 0.0 0.014174146433824338 0.0 0.08079795425544553
0 0.876953 0.615234 0.113281 0.092448 0.0 0.13674330778457638 0.0 0.1400449773204959 0.0 0.2480603685469782 0.0 0.30694373417225257 0.0 0.018520375412220288 0.0 0.6728403634221907 0.0
0 0.732422 0.722005 0.134115 0.121094 0.0 0.042699361178167895 0.0 0.15118996594101825 0.0 0.35702063623592295 0.0 0.3515492874227536 0.0 0.06065368087799381 0.0 0.40001777676239025 0.0
0 0.985026 0.029297 0.029948 0.055990 0.0 0.3052912047419454 0.0 0.347545589784721 0.19374734260956125 0.1615745470853416 0.0 0.24411836960651645 0.18630623428549725 0.10361914421023388 0.0 0.09460509818002076 0.7481616628049476
0 0.981120 0.725260 0.037760 0.085938 0.0 0.3142059566274552 0.0 0.04673400774725771 0.0 0.28398711089377926 0.0 0.29159475143739105 0.0 0.9620176253853298 0.0 0.8800868323967747 0.0
0 0.413411 0.694010 0.118490 0.104167 0.36986424991542216 0.0 0.0 0.0 0.0 0.0 0.0 0.0 0.0 0.0 0.0 0.0 0.0
0 0.494141 0.934245 0.095052 0.108073 0.0 0.09869532938837508 0.0 0.11162194607127067 0.0 0.3942825797742451 0.0 0.4107438574147635 0.0 0.831267802895854 0.0 0.911635817682522 0.0
0 0.416667 0.940755 0.072917 0.100260 0.2883546380579653 0.0 0.0 0.0 0.0 0.0 0.0 0.0 0.0 0.0 0.0 0.0 0.0
0 0.340495 0.940104 0.087240 0.101562 0.0 0.0 0.0 0.10474786914708367 0.15039397030836382 0.0 0.0 0.374055824759539 0.369434936375511 0.0 0.0 0.47158592987926734 0.14777478925659074
0 0.233073 0.921875 0.151042 0.127604 0.0 0.09098604681724567 0.08513091661073308 0.15491371109438862 0.010364855247509143 0.22321513934311288 0.42297449410608895 0.3761716747502741 0.32380673310114283 0.4127182544654059 0.12302144503047682 0.476838041787044 0.0741492963353737
0 0.557943 0.357422 0.087240 0.092448 0.0 0.18304535860256493 0.0 0.11380108908943673 0.0 0.23671504052656572 0.0 0.25761487409426026 0.0 0.06278630018613751 0.0 0.05600481532262904 0.0
