0 0.606934 0.833984 0.077148 0.152344 0.0 0.0 0.18012128631401564 0.0 0.2031079805093494 0.0 0.21607376119136804 0.0 0.21542812125292124 0.0 0.33847327371881747 0.0 0.3442198410899838
0 0.559570 0.285807 0.107422 0.201823 0.0 0.0 0.16523537886456952 0.0 0.2058653355397049 0.0 0.16943917702993266 0.0 0.1667347423169466 0.0 0.548681855515742 0.0 0.5473258697580032
0 0.514160 0.559245 0.141602 0.175781 0.21171066755836965 0.0 0.0 0.0 0.0 0.0 0.0 0.0 0.0 0.0 0.0 0.0 0.0
0 0.782227 0.379557 0.111328 0.207031 0.0 0.0 0.16862367808098105 0.0 0.18581320487294173 0.0 0.15740752987679293 0.0 0.15824690520876444 0.0 0.5507696356447902 0.0 0.5448707962063376
0 0.437988 0.828125 0.176758 0.132812 0.0 0.17002140079121825 0.0 0.16530230486564962 0.0 0.25932704424287195 0.0 0.2673490177684959 0.0 0.3443266382817828 0.0 0.3276929308177982 0.0
0 0.263672 0.776042 0.169922 0.132812 0.0 0.16070238637487244 0.0 0.16400051263064436 0.0 0.2601287574055825 0.0 0.2670240345182371 0.0 0.3439244516894791 0.0 0.3299196857168877 0.0
0 0.915039 0.830729 0.105469 0.200521 0.0 0.0 0.18927502891032516 0.0 0.21546075062835285 0.0 0.17482693017340709 0.0 0.17553106493197387 0.0 0.5472990600023383 0.0 0.5414339967979689
0 0.872559 0.971354 0.106445 0.057292 0.0 0.0 0.18546307966622277 0.0 0.16252943743248366 0.0 0.17480118158037192 0.0 0.1741765505150415 0.0 0.5362231825555633 0.0 0.5794034146312655
0 0.975586 0.072266 0.048828 0.139323 0.0 0.18303166569283968 0.0 0.26037546265525785 0.0 0.2722761155091635 0.0 0.2651140008753428 0.0 0.2467605190655574 0.0 0.25414238008345524 0.0
0 0.370605 0.486328 0.141602 0.175781 0.20021663438553738 0.0 0.0 0.0 0.0 0.0 0.0 0.0 0.0 0.0 0.0 0.0 0.0
0 0.057617 0.129557 0.113281 0.256510 0.2937718422127287 0.0 0.0 0.0 0.0 0.0 0.0 0.0 0.0 0.0 0.0 0.0 0.0
0 0.589355 0.953125 0.071289 0.093750 0.0 0.0 0.16916138496519562 0.0 0.15924524853774882 0.0 0.2210849304355754 0.0 0.21875266413697692 0.0 0.3403740584465892 0.0 0.35568409931748113
