0 0.821777 0.340495 0.067383 0.118490 0.25524230580946305 0.0 0.0 0.0 0.0 0.0 0.0 0.0 0.0 0.0 0.0 0.0 0.0
0 0.819824 0.768229 0.081055 0.106771 0.0 0.23214781005990698 0.0 0.2816678115362553 0.0 0.252253975443349 0.0 0.26323733296844093 0.0 0.2453335407659602 0.0 0.265644266863775 0.0
0 0.943848 0.536458 0.112305 0.132812 0.10832563427918358 0.0943014857528646 0.0 0.09951458613732554 0.0 0.17041342225749825 0.0 0.1565847868480607 0.0 0.5956723848066733 0.0 0.5956818914164412 0.0
0 0.204102 0.194010 0.078125 0.104167 0.0 0.2389713658373483 0.0 0.12703132278536594 0.0 0.215821849677402 0.0 0.22907476611566588 0.0 0.23246295996696048 0.0 0.2285564914525875 0.0
0 0.906250 0.833984 0.068359 0.100260 0.012236494871762581 0.0982969777196382 0.0 0.26085268294826286 0.0 0.2676797508839562 0.0 0.2825796266096841 0.0 0.2472423509660064 0.0 0.2647338026474125 0.0
0 0.680664 0.613281 0.072266 0.127604 0.0 0.18165703230946248 0.0 0.17522351054097168 0.0 0.17859906360894867 0.0 0.18062401386663451 0.0 0.25123839108541784 0.0 0.2519126268834094 0.0
0 0.401855 0.345703 0.069336 0.154948 0.0 0.14039979538350505 0.0 0.06796228317686076 0.0 0.2574055525247488 0.0 0.23939514420299018 0.0 0.20897409119326818 0.0 0.21569190604185925 0.0
0 0.755859 0.310547 0.070312 0.115885 0.29838063058567005 0.0 0.0 0.0 0.0 0.0 0.0 0.0 0.0 0.0 0.0 0.0 0.0
0 0.183594 0.590495 0.150391 0.212240 0.2922492140580665 0.0 0.0 0.0 0.0 0.0 0.0 0.0 0.0 0.0 0.0 0.0 0.0
0 0.609863 0.578125 0.069336 0.125000 0.0 0.1974576399711952 0.0 0.13130260819812636 0.0 0.17030177345626502 0.0 0.1585369178159488 0.0 0.24370355406603214 0.0 0.2682316184123667 0.0
0 0.970215 0.860026 0.059570 0.108073 0.0924263020170112 0.20206662565694108 0.0 0.2858710793932772 0.0 0.29736972779574555 0.0 0.2843052402959804 0.0 0.241593865499201 0.0 0.248226146115381 0.0
0 0.756348 0.725260 0.084961 0.127604 0.0 0.19043708664891199 0.0 0.2053872151240904 0.0 0.2704474011963111 0.0 0.2693198689941019 0.0 0.25909189437507996 0.0 0.2586700365932662 0.0
0 0.522949 0.517578 0.083008 0.149740 0.0 0.1979586239698634 0.0 0.2368469586326539 0.0 0.19638837728806316 0.0 0.19611284213930336 0.0 0.24376492308556735 0.0 0.25650744692005834 0.0
0 0.057617 0.600260 0.113281 0.208333 0.35587813463253737 0.0 0.0 0.0 0.0 0.0 0.0 0.0 0.0 0.0 0.0 0.0 0.0
0 0.595215 0.131510 0.057617 0.106771 0.45228929787027744 0.0 0.0 0.0 0.0 0.0 0.0 0.0 0.0 0.0 0.0 0.0 0.0
0 0.308105 0.917318 0.108398 0.165365 0.027912528338318098 0.0 0.20541527137950777 0.0 0.17145497372200583 0.0 0.1707457881964168 0.0 0.16974993784326886 0.0 0.5426555701246659 0.0 0.5489795344470543
0 0.037109 0.094401 0.064453 0.118490 0.0 0.24933502405498487 0.0 0.10317883465773536 0.0 0.21952858764030048 0.0 0.22829878977302498 0.0 0.2563170920792669 0.0 0.23869279574484936 0.0
0 0.091797 0.125651 0.064453 0.118490 0.0 0.25841696248698337 0.0 0.09502932646109104 0.0 0.21970419322356835 0.0 0.2251249307204584 0.0 0.24224143823770466 0.0 0.22965288859635613 0.0
0 0.146484 0.163411 0.064453 0.118490 0.0 0.26921940641257885 0.0 0.13441913757428567 0.0 0.21449938266269525 0.0 0.22648300853152006 0.0 0.2428572177368767 0.0 0.22906200134215926 0.0
0 0.539062 0.964844 0.099609 0.070312 0.06063766399056135 0.0 0.2058323280154157 0.0 0.06973765418325255 0.0 0.16295430957973478 0.0 0.15326805656274622 0.0 0.524984438299392 0.0 0.6001075984981017
0 0.453613 0.469401 0.083008 0.149740 0.0 0.18618845069454104 0.0 0.2870312346340939 0.0 0.1888745617800483 0.0 0.193479745422597 0.0 0.24986908993881182 0.0 0.2394748524048162 0.0
0 0.361328 0.322917 0.056641 0.122396 0.10809710944810566 0.0 0.0 0.09502679141114223 0.0 0.0 0.0 0.23225385512272542 0.0 0.0 0.0 0.2560562749798837 0.0
0 0.321289 0.299479 0.056641 0.122396 0.0 0.205403741308032 0.0 0.26619940937242814 0.0 0.09542949383856221 0.0 0.2295801872619445 0.0 0.15259050013985906 0.0 0.24273482580467234 0.0
0 0.273438 0.273438 0.056641 0.122396 0.0 0.043420892187090145 0.0 0.06976233272097743 0.0 0.18935200993771162 0.0 0.23195172803336866 0.0 0.23665859339211784 0.0 0.17089208814781942 0.0
0 0.661133 0.117839 0.072266 0.108073 0.392346615505709 0.0 0.0 0.0 0.0 0.0 0.0 0.0 0.0 0.0 0.0 0.0 0.0
0 0.498535 0.119792 0.141602 0.145833 0.26713749043347396 0.0 0.0 0.0 0.0 0.0 0.0 0.0 0.0 0.0 0.0 0.0 0.0
0 0.889160 0.333984 0.067383 0.118490 0.38723401574527455 0.0 0.0 0.0 0.0 0.0 0.0 0.0 0.0 0.0 0.0 0.0 0.0
