0 0.562988 0.554688 0.104492 0.095703 0.0 0.1570706920476413 0.0 0.15171880259195952 0.0 0.25615679112559625 0.0 0.2591192667975584 0.0 0.07421396557747657 0.0 0.05073646274282611 0.0
0 0.184570 0.860840 0.105469 0.094727 0.0 0.0 0.2444951308352164 0.0 0.14108382117656706 0.0 0.34968747272332945 0.0 0.3551353151247233 0.0 0.8694784339118453 0.0 0.8720792622714699
0 0.219238 0.250488 0.069336 0.065430 0.0 0.11555780604804473 0.0 0.30156288233059975 0.0 0.26568863719936364 0.0 0.2705878598603636 0.0 0.0509896148521407 0.0 0.07872399766785192 0.0
0 0.923828 0.677246 0.083984 0.081055 0.0 0.29183590612304816 0.0 0.2498359847104941 0.0 0.31477227831890614 0.0 0.30163958959727727 0.0 0.05610853807110219 0.0 0.04699594758936377 0.0
0 0.121094 0.445801 0.085938 0.075195 0.0 0.1713060393336383 0.0 0.2666247527501902 0.0 0.29483881419285596 0.0 0.2730949374325604 0.0 0.03897580539352832 0.0 0.08515166102277855 0.0
0 0.919922 0.107910 0.083984 0.077148 0.0 0.0 0.07724769990466795 0.032063344982817994 0.26192483555298185 0.0 0.1929752140711642 0.20563541992933845 0.26128246171410646 0.0 0.07167781262012467 0.9570280027050785 0.09014924213910074
0 0.857422 0.630859 0.091797 0.076172 0.0 0.24120664796567218 0.0 0.21497482024618222 0.0 0.32141857299272625 0.0 0.30266345572247805 0.0 0.048645873383946284 0.0 0.04947120814457643 0.0
0 0.197754 0.090820 0.096680 0.085938 0.006014193086380563 0.02998957236060752 0.0 0.09408073562563675 0.0799668176987152 0.3104261153254248 0.0 0.32775000890276573 0.32584238323012765 0.08803382883462187 0.0 0.05467915149572049 0.041003602549154215
0 0.722656 0.187012 0.082031 0.077148 0.0 0.0 0.2270702136019278 0.0 0.23580119715810746 0.0 0.27496540582973866 0.0 0.2762501348195582 0.0 0.03732309945982277 0.0 0.06627348109442278
0 0.065430 0.409180 0.076172 0.066406 0.0 0.17290740407643346 0.0 0.2581604771527953 0.0 0.21936239558025905 0.0 0.21431772812699168 0.0 0.07054896195983855 0.0 0.10758503789673139 0.0
0 0.332031 0.722656 0.074219 0.078125 0.0 0.0 0.08993524205650558 0.0 0.2326495188862924 0.0 0.29361761275579423 0.0 0.33152147609771093 0.0 0.8902746603302064 0.0 0.8834050243045175
0 0.783691 0.284180 0.084961 0.070312 0.0 0.0 0.157368402331894 0.0 0.2803077715498474 0.0 0.2477690222470679 0.0 0.2373326639364081 0.0 0.12430142248093716 0.0 0.10980880330012073
0 0.375000 0.244629 0.083984 0.071289 0.0 0.18451478384141184 0.0 0.09710427620454874 0.0 0.2773434003458079 0.0 0.27470903666104957 0.0 0.05661898087507448 0.0 0.04711251615119889 0.0
0 0.263184 0.147949 0.090820 0.077148 0.04123516940432176 0.08811397384045427 0.0 0.04277521517283825 0.0 0.29032157505183687 0.0 0.27805810830856587 0.0 0.04930058179802649 0.0 0.0513948929788152 0.0
0 0.275879 0.299805 0.077148 0.070312 0.0 0.09358332081735583 0.0 0.21992787476250694 0.0 0.27088116636600107 0.0 0.2722918423606087 0.0 0.04132091289955682 0.0 0.04672319536850801 0.0
0 0.259277 0.631348 0.081055 0.077148 0.0 0.0 0.12782744548434122 0.0 0.3418210679874344 0.0 0.30887166884222084 0.0 0.3116811518445991 0.0 0.8847280876018194 0.0 0.8830109982803988
0 0.551270 0.108398 0.137695 0.140625 0.0 0.21875970573533615 0.04112377057088486 0.09546449702047431 0.010668848374170576 0.29599089618529667 0.3761079166070962 0.34734071382912124 0.381487467299994 0.05389188040702228 0.05099520295792293 0.04790776347408714 0.06365326874682435
0 0.965332 0.711426 0.069336 0.088867 0.0 0.08449770828878216 0.0 0.14856855448385975 0.0 0.44943917439202696 0.0 0.32303098832551325 0.0 0.03484824618709889 0.0 0.046278625944531075 0.0
0 0.166992 0.493164 0.074219 0.072266 0.0 0.0 0.181121073833688 0.0 0.20587412017163176 0.0 0.32131611532360316 0.0 0.29975551898260755 0.0 0.838542424325184 0.0 0.8692055163660057
0 0.318359 0.196289 0.078125 0.070312 0.0 0.1175115021088381 0.0 0.1729806864444327 0.0 0.28405676032245214 0.0 0.26248384666847663 0.0 0.028797836947329278 0.0 0.05038159646994858 0.0
0 0.483398 0.485840 0.115234 0.092773 0.0 0.11736100113674557 0.0 0.09990246844271244 0.04977520459751577 0.24919825500737802 0.0 0.23921167382618636 0.2948764387702937 0.057524246558568845 0.0 0.03140217036828024 0.060768955751318764
0 0.427734 0.539551 0.125000 0.088867 0.0 0.0 0.0 0.0886676547134795 0.1187050718953263 0.0 0.0 0.29224813933192717 0.2754301441736555 0.0 0.0 0.9989556122166423 0.05210038322070147
0 0.360840 0.781250 0.081055 0.093750 0.0 0.0 0.27711904618448746 0.0 0.148716509930056 0.0 0.2797572323646632 0.0 0.35643406935840605 0.0 0.8795712568329643 0.0 0.8857465649339796
0 0.103516 0.141602 0.062500 0.058594 0.0 0.15092240406127377 0.0 0.29766984643780864 0.0 0.2600494712764063 0.0 0.23002208280567815 0.0 0.045067954678225816 0.0 0.06717156748767365 0.0
0 0.372559 0.142578 0.100586 0.083984 0.0 0.12154508176719245 0.0 0.16537486078118935 0.0 0.231483268059015 0.0 0.18300972911885063 0.0 0.04959796380875064 0.0 0.06795096796296289 0.0
0 0.316895 0.443359 0.116211 0.085938 0.0 0.0 0.12620974095600737 0.056198046847311084 0.16010773015697682 0.0 0.21542439701471577 0.22553056771737004 0.21140305723985983 0.0 0.04583711001933079 0.04665968796773383 0.06515530323630085
0 0.219238 0.578613 0.063477 0.067383 0.0 0.0 0.1186053151636818 0.0 0.22481936784369425 0.0 0.3099147626683116 0.0 0.303708760424255 0.0 0.9315994639256288 0.0 0.8821959290394438
0 0.203125 0.531250 0.074219 0.068359 0.0 0.0 0.07050870754664945 0.0 0.07869938168840883 0.0 0.2859496824330659 0.0 0.4224434054260051 0.0 0.9462540193439968 0.0 0.9208276960606954
0 0.458008 0.040527 0.089844 0.079102 0.041528822362702895 0.05015458869720016 0.13174184215557438 0.0 0.15264442080256208 0.28207697125067516 0.24541223754770394 0.0 0.23969709492397584 0.04079536778841973 0.030732001607539916 0.0 0.14100258080353223
0 0.165527 0.196289 0.061523 0.062500 0.0 0.10946930567278748 0.0 0.2770839401498374 0.0 0.2793932844740445 0.0 0.2963667162259298 0.0 0.0481168372872334 0.0 0.059242173207233705 0.0
0 0.583984 0.354492 0.107422 0.105469 0.0 0.0 0.10160968552772093 0.06894240225239759 0.15900714469032606 0.0 0.2573144303052287 0.3148613449068695 0.29402763964341017 0.0 0.24081963602621637 0.031352993006255915 0.05514711915988749
0 0.648926 0.443848 0.122070 0.075195 0.0 0.1006353734647816 0.06111293183169579 0.17309894161507386 0.0 0.3323294251478086 0.3195433040942104 0.3273251323483037 0.0 0.07848160260304829 0.09487176900365424 0.06510217195114162 0.0
0 0.715820 0.359375 0.095703 0.093750 0.0 0.0 0.17604542383378538 0.0 0.22950994888964094 0.0 0.3617660731246985 0.0 0.34301087557490073 0.0 0.10269635782583021 0.0 0.08832443872031447
0 0.451172 0.298828 0.099609 0.087891 0.0 0.12066483264713322 0.03203308956908837 0.09005620151000969 0.0 0.1280264128459709 0.4080561990836432 0.38861102017579163 0.0 0.15173080699632682 0.03819474543440214 0.050290375499033264 0.0
0 0.671387 0.235840 0.073242 0.073242 0.0 0.0 0.09746560335440882 0.0 0.14538547845851288 0.0 0.29030161796842474 0.0 0.30176414259886003 0.0 0.04710863112432874 0.0 0.05038175584354481
0 0.963867 0.255371 0.072266 0.065430 0.0 0.11382399563382863 0.011560817009576415 0.009694147476670065 0.12562451503723998 0.304058549360637 0.32322302766387956 0.30140373995973263 0.3683854590386879 0.10493031285790401 0.014464581255531862 0.13770951134008177 0.0911194325652057
0 0.853027 0.460449 0.139648 0.090820 0.0 0.12211510858501573 0.013773323043440705 0.0075934395838830335 0.09824860561437537 0.10930582392137368 0.11585391007853096 0.11535552393251133 0.1141252735250995 0.05736365318277927 0.05215474140601878 0.06001626131316837 0.05149353817837243
0 0.800293 0.091309 0.079102 0.065430 0.0 0.0 0.13739912500169638 0.0 0.15044072316489937 0.0 0.29361754599633394 0.0 0.27254686973963804 0.0 0.045854119569654336 0.0 0.05897641054914402
0 0.974121 0.393555 0.051758 0.105469 0.0 0.16249025563781466 0.0 0.009600835755396095 0.050071214940959535 0.31808680340171136 0.0 0.31618510628158375 0.325687941584406 0.09092337830849115 0.0 0.06445193794215621 0.982499989076749
0 0.041992 0.092285 0.070312 0.059570 0.0 0.12651337695172374 0.0 0.17336635274695708 0.0 0.2671139893609973 0.0 0.2642192188760589 0.0 0.041938475837012136 0.0 0.08325744009401974 0.0
0 0.875977 0.154785 0.054688 0.051758 0.0 0.0 0.18030945183233418 0.0 0.3309916910273126 0.0 0.19971550650641853 0.0 0.23996908417019133 0.0 0.011328196334157306 0.0 0.1122318508536782
0 0.662598 0.644043 0.090820 0.090820 0.0 0.1331825649884935 0.0 0.1803738320593587 0.04437862791190224 0.35335935861859347 0.0 0.2645342777163537 0.35635399402718565 0.04874198932376651 0.0 0.33101580422112836 0.05759757181853294
0 0.794434 0.545410 0.120117 0.102539 0.02121781556365525 0.06146771051526357 0.030413902064258324 0.165627569808167 0.10011602486756964 0.3111815541395711 0.11267610006625685 0.2669984975168275 0.3009735303528878 0.05007782254343943 0.22861465948435122 0.4472835283442385 0.07880232476194951
0 0.405273 0.843750 0.095703 0.091797 0.0 0.0 0.11289852303744138 0.0 0.09370679780535054 0.0 0.2661126785873456 0.0 0.28219855532640126 0.0 0.9200836132030058 0.0 0.8745567419077382
0 0.504395 0.241211 0.092773 0.085938 0.0 0.11017719964748642 0.03882882761226546 0.06423288435269393 0.05246356524520789 0.32127561246661673 0.3507280577606725 0.3275503562658585 0.3285111424132517 0.052097016189572146 0.06500490752849954 0.04610377310177872 0.07022573211215502
0 0.978516 0.584961 0.042969 0.099609 0.0 0.09361747870886186 0.0 0.07948983263628719 0.0 0.18665815288144685 0.0 0.19655351068025137 0.0 0.04791246284906844 0.0 0.055785793923244065 0.0
0 0.612793 0.602051 0.073242 0.069336 0.0 0.18081676746436354 0.0 0.11529060639131158 0.0 0.4079934998447233 0.0 0.10410083076930676 0.0 0.032419127354279216 0.0 0.2376634103459379 0.0
0 0.500977 0.972168 0.083984 0.055664 0.0 0.2463752902438523 0.0 0.16961812670408494 0.14659157031501469 0.25126612588841185 0.0 0.2059302459615844 0.19453331742184518 0.1906640995212519 0.0 0.3444061379318327 0.9817636946842216
0 0.291992 0.958496 0.103516 0.061523 0.0 0.0 0.1130314588633392 0.0 0.173128443216788 0.0 0.23606163699142294 0.0 0.2527474609324845 0.0 0.8859566868515232 0.0 0.8937020657152471
0 0.104980 0.029785 0.106445 0.057617 0.0 0.015676910197771822 0.08599591384863305 0.11255422653278038 0.0 0.2834072322264027 0.2648251157036808 0.27160941782749504 0.0 0.047655533899789757 0.04832384008254027 0.054031649562403396 0.0
0 0.955566 0.548828 0.071289 0.070312 0.0 0.17188499189044704 0.0 0.06742630347989946 0.0 0.28493489391047855 0.0 0.2760641583465876 0.0 0.07460514568944135 0.0 0.059591727110756665 0.0
0 0.158691 0.757812 0.084961 0.064453 0.0 0.011652787995834522 0.045360479429009885 0.025107778748171054 0.08658548591586544 0.3299763100626719 0.26597407019216107 0.4013031148957023 0.2603421151306708 0.9200632642995171 0.9087599660788221 0.9053832727888151 0.8701622565736572
0 0.988281 0.754883 0.023438 0.070312 0.0 0.0 0.0 0.18186492130573567 0.0 0.0 0.0 0.342827399251357 0.0 0.0 0.0 0.053991123773328 0.0
0 0.930176 0.329102 0.088867 0.115234 0.0 0.05571647257120642 0.06207098577223287 0.07340233593259411 0.15918365467556114 0.3261989792785996 0.32016568919885635 0.29352331517000435 0.3255933683533248 0.05723301488145864 0.09678795241964402 0.03911223968537204 0.1314894933275383
0 0.905762 0.849121 0.065430 0.069336 0.0 0.18608486158336549 0.0 0.11398805805266832 0.0 0.3493316102269495 0.0 0.1594260640358455 0.0 0.06365749081477258 0.0 0.04117465325075279 0.0
0 0.339844 0.348145 0.076172 0.069336 0.0 0.24413214252554025 0.0 0.1878079322448376 0.0 0.28765103389966773 0.0 0.26117001987378846 0.0 0.010594092662402075 0.0 0.05616190967353955 0.0
0 0.390625 0.391113 0.072266 0.071289 0.0 0.11269053576718012 0.11972551105588983 0.07111204484535102 0.0 0.23991938964226997 0.2772569762729419 0.2834494297695176 0.0 0.038186121688988724 0.05541262780362912 0.027156372998218596 0.0
0 0.958496 0.038574 0.083008 0.075195 0.1296034667792142 0.15651186379825063 0.1202312328097809 0.0 0.0 0.3010975882625401 0.29062028871238466 0.0 0.0 0.10222214285199398 0.1389103243692009 0.0 0.0
0 0.864746 0.812500 0.083008 0.076172 0.0 0.23050908707816148 0.0 0.1659495445020193 0.0 0.24969368971354436 0.0 0.09836712499919575 0.0 0.06487220201316402 0.0 0.0057473727177861315 0.0
0 0.393555 0.016602 0.113281 0.031250 0.0 0.0 0.02744774757640712 0.20052874806962234 0.0 0.0 0.325937897535409 0.33692430620876035 0.0 0.0 0.023279395725377426 0.04919602741201585 0.0
0 0.016113 0.848633 0.030273 0.070312 0.02438039433728957 0.0 0.2474946475938413 0.0 0.0 0.0 0.24691570911867797 0.0 0.0 0.0 0.8902320058169974 0.0 0.0
0 0.448242 0.935547 0.060547 0.060547 0.0 0.0 0.2073026350398399 0.0 0.15463485784644895 0.0 0.24842232485045732 0.0 0.27281555378242955 0.0 0.8812298923819112 0.0 0.8721818092423341
0 0.109863 0.677246 0.118164 0.141602 0.0 0.0 0.13376779021889312 0.0 0.14068408833054485 0.0 0.2792412554897457 0.0 0.2863948008858694 0.0 0.89239949045911 0.0 0.7564652505398866
0 0.477051 0.848145 0.067383 0.063477 0.1454865573321413 0.0 0.0 0.0 0.2451657216722612 0.0 0.0 0.0 0.11936908835667853 0.0 0.0 0.0 0.8837764348133849
0 0.697754 0.030273 0.081055 0.058594 0.0 0.09395039726758868 0.04603082157102352 0.1090613057015352 0.0 0.3477917645891535 0.37429007159742805 0.30950554346340664 0.0 0.0656741800582096 0.03814788274759672 0.046325678358813446 0.0
0 0.824707 0.235352 0.073242 0.056641 0.0 0.03644216019688064 0.12534589235725185 0.0 0.08141247719791117 0.3409576377469806 0.30479272015997627 0.0 0.29928323275513724 0.4920791732483355 0.1219636081591847 0.0 0.4834518779961555
0 0.021484 0.366699 0.041016 0.081055 0.0 0.15579324786031168 0.0 0.23664785931725843 0.0 0.21868435976052336 0.0 0.27647035625093036 0.0 0.09384950723991542 0.0 0.10515789222967208 0.0
0 0.337891 0.983887 0.109375 0.032227 0.0 0.0 0.17927376371765377 0.0 0.07590522131273107 0.0 0.3787330712501693 0.0 0.38358853014550665 0.0 0.8908274085851455 0.0 0.9167059910578688
0 0.327637 0.095215 0.051758 0.051758 0.0 0.1070126683238785 0.0 0.17603089840478534 0.0 0.29874736425417875 0.0 0.25973547552852727 0.0 0.03107756436480255 0.0 0.04615067373407934 0.0
0 0.011719 0.059082 0.021484 0.055664 0.0 0.151294453759597 0.0 0.23494172038235991 0.0 0.3036148694827774 0.0 0.27862118105927175 0.0 0.019763963132602667 0.0 0.062202984321443305 0.0
0 0.025879 0.693848 0.049805 0.098633 0.03339523706748624 0.0 0.04868134042362658 0.06554916957460316 0.07591913466479458 0.0 0.1714337034630132 0.2851371164122125 0.2736674703688665 0.0 0.2714335466419266 0.9868272706576228 0.015219334868392782
0 0.302734 0.075195 0.058594 0.064453 0.0 0.07198848768021841 0.0890922038690019 0.13164333443802 0.0 0.2670002358443512 0.30827252397081645 0.24585675860896675 0.0 0.064207358988454 0.8000131944079082 0.06002627892395114 0.0
0 0.984375 0.587891 0.031250 0.093750 0.0 0.13676928530122787 0.0 0.11612967736707581 0.0 0.18665815288144685 0.0 0.19655351068025137 0.0 0.04791246284906844 0.0 0.055785793923244065 0.0
0 0.757812 0.140137 0.068359 0.053711 0.0 0.0 0.10386929726629746 0.0 0.25713573298762016 0.0 0.3873137043356769 0.0 0.25905916130915574 0.0 0.038868240032060915 0.0 0.02613974487737241
0 0.644531 0.300293 0.058594 0.057617 0.0 0.0 0.1715560048015397 0.0 0.17391601781962107 0.0 0.24513373549058998 0.0 0.2515096617313755 0.0 0.02840404871414282 0.0 0.13906159282339622
0 0.297852 0.683105 0.058594 0.063477 0.0 0.0 0.2743740949248745 0.12115353887974402 0.0 0.0 0.33039334162058986 0.37496341843968045 0.0 0.0 0.8039968263503273 0.03157505004527208 0.0
0 0.435547 0.889648 0.068359 0.064453 0.0 0.0 0.2586399390916673 0.0 0.3014250806688914 0.0 0.12871189361964394 0.0 0.228144351743217 0.0 0.84657677584587 0.0 0.9685330111339807
0 0.025879 0.564941 0.049805 0.098633 0.07936834977367913 0.15840207137053408 0.0 0.030107867762683784 0.0 0.32545603756904434 0.0 0.29196978832868165 0.0 0.07435011401493215 0.0 0.140391650736155 0.0
0 0.586426 0.960938 0.069336 0.078125 0.0 0.07920298111507959 0.0 0.10436790621303468 0.0 0.2175614533122237 0.0 0.2007647928883418 0.0 0.04591394949792268 0.0 0.1608199876337557 0.0
0 0.673828 0.946289 0.097656 0.107422 0.0 0.09402994365622261 0.08797893273007397 0.16009627888372815 0.010711606768516721 0.22321513934311288 0.42297449410608895 0.3761716747502741 0.32380673310114283 0.4127182544654059 0.12302144503047682 0.476838041787044 0.0741492963353737
0 0.745605 0.958984 0.061523 0.082031 0.0 0.0 0.0 0.10344148982665519 0.1485183085471484 0.0 0.0 0.374055824759539 0.369434936375511 0.0 0.0 0.47158592987926734 0.14777478925659074
0 0.808105 0.958984 0.061523 0.082031 0.23495563101019395 0.0 0.0 0.0 0.0 0.0 0.0 0.0 0.0 0.0 0.0 0.0 0.0
0 0.878418 0.948730 0.075195 0.077148 0.0 0.09830593469738035 0.0 0.11118155042673501 0.0 0.3942825797742451 0.0 0.4107438574147635 0.0 0.831267802895854 0.0 0.911635817682522 0.0
0 0.810059 0.776855 0.098633 0.090820 0.2866615287324895 0.0 0.0 0.0 0.0 0.0 0.0 0.0 0.0 0.0 0.0 0.0 0.0
0 0.739746 0.733398 0.125977 0.117188 0.26069626343345487 0.0 0.0 0.0 0.0 0.0 0.0 0.0 0.0 0.0 0.0 0.0 0.0
0 0.955566 0.886230 0.088867 0.118164 0.0 0.1084636223358415 0.0 0.11981895475625916 0.0 0.23911973319954968 0.0 0.21948161639201896 0.0 0.06507744919772283 0.0 0.38222923958476673 0.0
0 0.849121 0.197266 0.073242 0.056641 0.0 0.07485701382799875 0.15719829295673513 0.0 0.15661567785615355 0.3094153866921252 0.36256892666955653 0.0 0.2846569982822168 0.1014345840951961 0.03399119781088905 0.0 0.08326146119788946
