0 0.895996 0.271973 0.118164 0.100586 0.0 0.04559095438983878 0.16415557386428792 0.02723222721416987 0.19057798663763725 0.33900308674669205 0.36325959740133634 0.33649310109893715 0.3508592885995514 0.1504196383486567 0.14503522061641863 0.15236633838902158 0.14326654474057307
0 0.782715 0.478027 0.133789 0.137695 0.0 0.07137781589444792 0.04143787127748832 0.13290686966214138 0.07125482660620935 0.2784366787349605 0.28751960281281297 0.2906159846566639 0.2827569131338284 0.14138170436592346 0.1272455755226714 0.14048302348905173 0.1440027034509648
0 0.889648 0.682617 0.087891 0.072266 0.0 0.0 0.2670195785796683 0.0 0.04114488664315047 0.0 0.3221636026821847 0.0 0.3509386402582607 0.0 0.1405958838638427 0.0 0.16742342211493874
0 0.829590 0.358398 0.112305 0.097656 0.0 0.04566622515839383 0.18042233719416317 0.023263483003621282 0.21288775115855946 0.31519158506833644 0.343258727506245 0.40249814819933327 0.32434663606704595 0.16719420349525413 0.13071512189356124 0.13297429515621761 0.16157898613122898
0 0.595215 0.651855 0.088867 0.094727 0.0 0.18585551146828433 0.0 0.12019963295638142 0.0 0.30003090028325297 0.0 0.2984289228029074 0.0 0.19270024397578112 0.0 0.18476290115714272 0.0
0 0.922363 0.581543 0.143555 0.131836 0.0 0.08576983859379675 0.0504483038956289 0.04544376362450676 0.018292194497148268 0.2937944194937948 0.27750026623211044 0.28592849209231264 0.28535415619848276 0.1433911460197412 0.13926788477225122 0.1490140210595091 0.12750202889008494
0 0.662109 0.708984 0.076172 0.095703 0.0 0.08769090732331461 0.0 0.22155799373020543 0.0 0.2482003235595046 0.0 0.30893154797533584 0.0 0.1754166698062878 0.0 0.1836511850813663 0.0
0 0.531738 0.401367 0.088867 0.078125 0.0 0.0 0.17428475992262085 0.0 0.2504021036035422 0.0 0.32776280139784 0.0 0.3149418367459835 0.0 0.1742255897997792 0.0 0.17194652516530262
0 0.735840 0.735352 0.088867 0.083984 0.0 0.09697130497487333 0.0 0.26028223361658503 0.0 0.26885699808296804 0.0 0.30645356926721146 0.0 0.1052790680922305 0.0 0.18189233547909744 0.0
0 0.461426 0.494141 0.102539 0.074219 0.0 0.017277967388584985 0.06536081628269208 0.0 0.21188958175258518 0.2808150581371249 0.32345865306237803 0.0 0.357396082659708 0.15881986033588302 0.25721595509200107 0.0 0.1988756859727959
0 0.735840 0.093750 0.125977 0.121094 0.0 0.0 0.1253320908231484 0.0 0.17951471123264506 0.0 0.20786894646134885 0.0 0.41439175169009423 0.0 0.1852876915089452 0.0 0.1696327606384655
0 0.602051 0.256836 0.104492 0.089844 0.0 0.0 0.15540245594294042 0.0 0.1671305009100276 0.0 0.3400979406731711 0.0 0.3561294506179856 0.0 0.1694557271929006 0.0 0.20454125035847426
0 0.563965 0.327148 0.098633 0.093750 0.0 0.0 0.15974674561331473 0.0 0.21793708116516275 0.0 0.36128414197687175 0.0 0.33197399445130504 0.0 0.12313717879141312 0.0 0.2043612369283491
0 0.637695 0.183105 0.109375 0.092773 0.0 0.04973445444332768 0.08031045236643196 0.0 0.13275436895321052 0.3356455526544471 0.36245914770456844 0.0 0.36167884441512715 0.17112626750943968 0.12681390756712668 0.0 0.22174847004349657
0 0.946289 0.169922 0.107422 0.113281 0.0 0.03684952901052325 0.11096246701152031 0.03076497724140449 0.14340185053984444 0.3397116088131614 0.3591237635649881 0.32834522642340597 0.34984875238805296 0.14586867200405243 0.1465289450424052 0.12369214177943712 0.12925286834827576
0 0.852539 0.728027 0.058594 0.057617 0.053610080372679295 0.0 0.3286951829429584 0.0 0.0 0.0 0.341686714640386 0.0 0.0 0.0 0.13371323342973812 0.0 0.0
0 0.514648 0.616699 0.080078 0.081055 0.0 0.15263354394996043 0.0 0.1782755466469223 0.0 0.2878311931220917 0.0 0.40784008025676294 0.0 0.17411242622333784 0.0 0.17720591501657926 0.0
0 0.810547 0.766602 0.082031 0.070312 0.34767924960789015 0.05081253081231728 0.0 0.0 0.0 0.25457807333977883 0.0 0.0 0.0 0.21491142285677872 0.0 0.0 0.0
0 0.040527 0.038086 0.079102 0.074219 0.0727968372136721 0.032155513186279606 0.1414314507644276 0.03041358950381891 0.28058364295643234 0.342987254024776 0.3203330662350165 0.37164926431517203 0.32105014715844643 0.17813882273029177 0.15139655524540546 0.1944821955032094 0.20256550430456205
0 0.949707 0.858887 0.100586 0.124023 0.3346201418737664 0.012930154072553249 0.0 0.0 0.0 0.15464622252537336 0.0 0.0 0.0 0.1318025917279529 0.0 0.0 0.0
0 0.362305 0.126465 0.292969 0.250977 0.37513826390200844 0.0 0.0 0.0 0.0 0.0 0.0 0.0 0.0 0.0 0.0 0.0 0.0
0 0.033203 0.152832 0.064453 0.151367 0.15355203541612497 0.0 0.0 0.0 0.03700611805159435 0.0 0.0 0.0 0.07281604213031515 0.0 0.0 0.0 0.1637299593757588
0 0.098145 0.231445 0.100586 0.099609 0.0 0.1366272292645845 0.0 0.1722826050052093 0.0 0.1990422916160166 0.0 0.2055245817274853 0.0 0.18583750839876703 0.0 0.17196002617004638 0.0
0 0.177246 0.275391 0.100586 0.099609 0.23104148152112305 0.0 0.03457838740124452 0.0 0.0 0.0 0.08370281523837261 0.0 0.0 0.0 0.8623614189087603 0.0 0.0
0 0.262695 0.325195 0.101562 0.099609 0.2108120438527311 0.0 0.0 0.0 0.0 0.0 0.0 0.0 0.0 0.0 0.0 0.0 0.0
0 0.345215 0.370117 0.100586 0.099609 0.22937778542349155 0.0 0.0 0.0 0.0 0.0 0.0 0.0 0.0 0.0 0.0 0.0 0.0
0 0.435059 0.409180 0.100586 0.099609 0.2832840841797934 0.0 0.0 0.0 0.0 0.0 0.0 0.0 0.0 0.0 0.0 0.0 0.0
0 0.434570 0.573730 0.134766 0.094727 0.23509277090390182 0.0401128365786437 0.061306030203733604 0.07440210071389382 0.05295284410541376 0.2887225626294951 0.27117950133567575 0.2907714956262474 0.3019962020526231 0.19432303185962774 0.30361189333133454 0.18136883942471135 0.15733473284693572
0 0.785645 0.020996 0.112305 0.040039 0.0485275247675288 0.0 0.09016057057554325 0.0 0.1676144151610536 0.0 0.12141766848168384 0.0 0.3419714598483682 0.0 0.1725955651543561 0.0 0.168239550959112
