0 0.276693 0.621582 0.154948 0.131836 0.4503398509541643 0.0 0.0 0.0 0.016355074760930857 0.0 0.0 0.0 0.2653643709053278 0.0 0.0 0.0 0.641617976445541
0 0.500000 0.582031 0.153646 0.183594 0.019892004061159336 0.021559586777928897 0.13394868362527593 0.0 0.1121227199496397 0.2943844196687653 0.2961792575582002 0.0 0.2949479386762315 0.7407752761551382 0.74559935402014 0.0 0.7440602100993456
0 0.667318 0.890137 0.154948 0.166992 0.01788209499789052 0.0 0.16057069416474204 0.026621763355866256 0.14732178899717535 0.0 0.2946628623125314 0.2941262488140807 0.2902782758746422 0.0 0.7483269331469415 0.7499631909715693 0.746393099155859
0 0.690755 0.367188 0.139323 0.132812 0.0 0.0 0.12612345128445332 0.04964301591171147 0.12960387575048787 0.0 0.273067841387895 0.2714437669170383 0.2836748997400562 0.0 0.747849787515173 0.7353813442215179 0.7433327190617487
0 0.776693 0.969727 0.134115 0.060547 0.0 0.10706805419673611 0.15808165558655987 0.0 0.09055230111440286 0.2747776171919659 0.27494355925118896 0.0 0.2799857452272331 0.7521845759267092 0.7543103685873496 0.0 0.726176801686492
0 0.269531 0.058594 0.148438 0.115234 0.0 0.0 0.17219654037894097 0.0 0.14423404223284708 0.0 0.28863818098753663 0.0 0.2978966075101788 0.0 0.745990187789424 0.0 0.7466787528451471
0 0.097005 0.568359 0.170573 0.136719 0.06286519169012907 0.0 0.13161513644629422 0.0 0.13419596305625894 0.0 0.19548663306689806 0.0 0.20109570894711998 0.0 0.7712350650864535 0.0 0.7624877569160768
0 0.904297 0.756348 0.134115 0.141602 0.0 0.0 0.14358401307581248 0.050118578616669456 0.13860418237856895 0.0 0.27793626802805044 0.2708739959171097 0.28272645382450223 0.0 0.7463615272405225 0.7347386993116105 0.7460576609766204
0 0.374349 0.970703 0.230469 0.058594 0.0 0.0 0.1675951432884204 0.0 0.14455027399614742 0.0 0.2760636164961756 0.0 0.31926092038946374 0.0 0.7970107760580044 0.0 0.7444323795181207
0 0.916667 0.300293 0.166667 0.102539 0.0 0.0707438991746531 0.0 0.10722324931161216 0.017942076877659374 0.28346044694967854 0.0 0.2679937838188845 0.28101363567989773 0.7455803782436023 0.0 0.7446420182621846 0.7316483903395986
0 0.584635 0.726562 0.171875 0.167969 0.016986012308056325 0.0 0.16076987514646238 0.0 0.16080848438376277 0.0 0.2951732874793889 0.0 0.2914213609606978 0.0 0.748070421598112 0.0 0.7463847511468733
0 0.067708 0.101074 0.132812 0.200195 0.023073852228620503 0.06917265736274453 0.104856891641506 0.05509371198319955 0.018713294035225224 0.3366028017680964 0.2905790238123827 0.3317289094674512 0.17938946505704081 0.6893435495496401 0.7009757807142929 0.6973363421015688 0.8474051338808202
0 0.072266 0.368164 0.141927 0.275391 0.16127459465938826 0.0 0.021512012894669183 0.0 0.0 0.0 0.11666979034141742 0.0 0.0 0.0 0.779298593070707 0.0 0.0
0 0.345052 0.180664 0.164062 0.158203 0.0 0.0 0.15483049699563872 0.0 0.14041111922447724 0.0 0.2895779231901017 0.0 0.29444854688558286 0.0 0.7462401585735209 0.0 0.7462660576372968
0 0.398438 0.296875 0.164062 0.158203 0.0 0.0 0.15352926098521824 0.0 0.1537243542408725 0.0 0.28351788111049214 0.0 0.29276238510620356 0.0 0.7490073527975086 0.0 0.7499003254036697
0 0.470052 0.430176 0.135417 0.116211 0.0 0.0 0.12720256167489566 0.05509367087737025 0.13974490863612476 0.0 0.2923444638835454 0.2696035754640905 0.2937339100474304 0.0 0.750613414862594 0.7372072814596348 0.7430368959796962
0 0.955729 0.470215 0.088542 0.094727 0.0 0.1325712767980729 0.0 0.06311862050941248 0.0424947590132643 0.2707085664613502 0.0 0.2823005455750298 0.26297410889586703 0.7515026953745696 0.0 0.7424927095123628 0.7362136887808352
0 0.850911 0.653809 0.134115 0.141602 0.0 0.0 0.17206707381666586 0.0 0.1767540649367761 0.0 0.2824788794938365 0.0 0.2859267688009159 0.0 0.7458632649405702 0.0 0.7463970454873794
0 0.789714 0.544434 0.134115 0.141602 0.0 0.03207430243984323 0.1178320026104225 0.0 0.10377944623956023 0.27675457821292815 0.27763953313218376 0.0 0.2779848127429424 0.7366765555252044 0.7452706132208377 0.0 0.7463703318586254
0 0.626953 0.238281 0.152344 0.146484 0.0 0.0 0.2254367644480801 0.0 0.19484768086199905 0.0 0.28739655279166276 0.0 0.28619512852065887 0.0 0.7335451326089384 0.0 0.7451838521088036
0 0.554036 0.102539 0.152344 0.146484 0.0 0.0 0.16592318774096693 0.0 0.163455613597389 0.0 0.29750483669027444 0.0 0.2962759177697674 0.0 0.7471569027693705 0.0 0.7476841566909728
0 0.965495 0.929688 0.069010 0.140625 0.0 0.10945601678167831 0.035222193957813515 0.0 0.24500332928854218 0.2683862100475767 0.29414999841778106 0.0 0.29353499961154256 0.7501681523017397 0.748809353202569 0.0 0.7550899031350452
