0 0.273926 0.712891 0.159180 0.209635 0.0 0.0 0.14035070442490744 0.0 0.17979520764078918 0.0 0.27978599310872604 0.0 0.31770541100873706 0.0 0.793753164004525 0.0 0.7894006754116873
0 0.907227 0.461589 0.121094 0.126302 0.0 0.12795722620573677 0.0 0.12107349832184904 0.02434547404617469 0.2608262519691037 0.0 0.2652988331897346 0.2514481330713659 0.7463896916528887 0.0 0.7446843654350384 0.7609488394050822
0 0.209961 0.160807 0.123047 0.175781 0.4253209703455996 0.0 0.0 0.0 0.015446459496434698 0.0 0.0 0.0 0.2653643709053278 0.0 0.0 0.0 0.641617976445541
0 0.752930 0.577474 0.123047 0.175781 0.0 0.048227840639960766 0.13311578917656464 0.0 0.10908619124938873 0.26769657621861864 0.27629372301726757 0.0 0.28842293233734057 0.7504188961352701 0.7483625639671118 0.0 0.7519809528068373
0 0.841797 0.267578 0.123047 0.115885 0.0 0.13705659087468028 0.0 0.10737536796439126 0.022916159439241145 0.25643039135168477 0.0 0.2629288274762543 0.2452736152362584 0.7483616431572622 0.0 0.7406901466994061 0.7365375915294752
0 0.810547 0.796224 0.103516 0.131510 0.0 0.0 0.14967190921225676 0.0 0.18407083951684125 0.0 0.2895753781911592 0.0 0.2780976642547086 0.0 0.7542148929766178 0.0 0.7530593637857913
0 0.067383 0.094401 0.132812 0.186198 0.059283608370884755 0.0 0.12411670107080602 0.0 0.1265504916933252 0.0 0.19548663306689806 0.0 0.20109570894711998 0.0 0.7712350650864535 0.0 0.7624877569160768
0 0.683105 0.350260 0.104492 0.169271 0.0 0.0 0.15416443100555427 0.05381171614952972 0.14881764657253252 0.0 0.27793626802805044 0.2708739959171097 0.28272645382450223 0.0 0.7463615272405225 0.7347386993116105 0.7460576609766204
0 0.859863 0.924479 0.110352 0.151042 0.0 0.0 0.2467650572319133 0.0 0.23235577622593584 0.0 0.2785486425438835 0.0 0.2795273844959463 0.0 0.7451807772605042 0.0 0.7455839494121846
0 0.497559 0.524740 0.102539 0.205729 0.02193386082652647 0.0 0.19695316790586712 0.03265378315422076 0.18070229561805434 0.0 0.2946628623125314 0.2941262488140807 0.2902782758746422 0.0 0.7483269331469415 0.7499631909715693 0.746393099155859
0 0.318359 0.886068 0.142578 0.170573 0.371727251239389 0.0 0.0 0.0 0.0 0.0 0.0 0.0 0.0 0.0 0.0 0.0 0.0
0 0.346680 0.970052 0.144531 0.059896 0.42253001741905555 0.0 0.0 0.0 0.0 0.0 0.0 0.0 0.0 0.0 0.0 0.0 0.0
0 0.436523 0.311849 0.119141 0.230469 0.017859147144674948 0.0 0.1690339559750524 0.0 0.1690745498494466 0.0 0.2951732874793889 0.0 0.2914213609606978 0.0 0.748070421598112 0.0 0.7463847511468733
0 0.373535 0.100260 0.124023 0.197917 0.02285972949092202 0.024776102003811373 0.15393273920136352 0.0 0.1288505190303982 0.2943844196687653 0.2961792575582002 0.0 0.2949479386762315 0.7407752761551382 0.74559935402014 0.0 0.7440602100993456
0 0.641113 0.188802 0.104492 0.169271 0.0 0.0 0.2097158783857853 0.0 0.17100303255653082 0.0 0.2786316561666131 0.0 0.28709685339591207 0.0 0.7469488286454053 0.0 0.7462745574282638
0 0.598145 0.061849 0.094727 0.121094 0.0 0.05310161921506027 0.1950804743361778 0.0 0.17181532308921763 0.27675457821292815 0.27763953313218376 0.0 0.2779848127429424 0.7366765555252044 0.7452706132208377 0.0 0.7463703318586254
0 0.949707 0.211589 0.100586 0.126302 0.0 0.13724416787565485 0.0 0.14344339579398818 0.0 0.2667019870704317 0.0 0.25454727208151456 0.0 0.7454504647510212 0.0 0.7514592300727738 0.0
0 0.589355 0.678385 0.106445 0.192708 0.0 0.04122367058198648 0.1344427703700016 0.0 0.11923020813196478 0.2757087614680729 0.2843068217621951 0.0 0.2831012165471992 0.7614307547881368 0.7334564160407189 0.0 0.7477885826942832
0 0.637207 0.842448 0.106445 0.192708 0.0 0.0 0.17744115356957765 0.0 0.13816382652669104 0.0 0.27552343798581236 0.0 0.2959872880969299 0.0 0.7465875306110593 0.0 0.7459549045751074
0 0.675293 0.955078 0.088867 0.089844 0.0 0.0 0.1696368544741736 0.0 0.17200061108369816 0.0 0.292510586583701 0.0 0.29718797295981175 0.0 0.7466490402590849 0.0 0.7519123473511741
0 0.789551 0.699219 0.084961 0.111979 0.0 0.0 0.17305379581637267 0.0 0.17935107781309922 0.0 0.2812821066091138 0.0 0.2794723054158107 0.0 0.7469256060022271 0.0 0.8029120038458252
0 0.980469 0.424479 0.039062 0.114583 0.0 0.12009275828258424 0.0 0.14937305495852013 0.0 0.28039739513359685 0.0 0.2665834955410217 0.0 0.7312853354313317 0.0 0.7653389333761476 0.0
