0 0.607910 0.182617 0.213867 0.218750 0.1834391392822924 0.0015693439975723088 0.011882200833511785 0.004332102195123059 0.005385651345302157 0.416671995268783 0.11457270156903765 0.13761952363070792 0.23916032868377413 0.8786881032553215 0.7167329580939681 0.9435419080253749 0.776921579738837
0 0.495605 0.043945 0.163086 0.085938 0.0 0.0 0.10592470315171848 0.0 0.16705216437956402 0.0 0.2344601718389428 0.0 0.35683376624376634 0.0 0.8828239727774849 0.0 0.9335266220358682
0 0.730469 0.352539 0.156250 0.136719 0.3084969780812829 0.0 0.07318401943356692 0.0 0.004954638843147807 0.0 0.35589447163694715 0.0 0.37319327213089265 0.0 0.8763912515571212 0.0 0.8600703660240862
0 0.170410 0.181152 0.217773 0.153320 0.18389920188058634 0.0 0.0 0.0 0.0 0.0 0.0 0.0 0.0 0.0 0.0 0.0 0.0
0 0.217285 0.285645 0.215820 0.182617 0.21439194333669273 0.0 0.10466643307440246 0.048240155115082735 0.004529035757566531 0.0 0.0752379321141809 0.29214133444996776 0.3432202213992088 0.0 0.8886503275931837 0.8826446623499534 0.9079134126483205
0 0.939453 0.465820 0.121094 0.195312 0.24911403321669184 0.0 0.0 0.0021158426799681497 0.0 0.0 0.0 0.2461159370821184 0.0 0.0 0.0 0.9662502000134207 0.0
0 0.100586 0.089844 0.199219 0.177734 0.24130290948257882 0.0 0.0 0.0 0.0 0.0 0.0 0.0 0.0 0.0 0.0 0.0 0.0
0 0.828125 0.141602 0.177734 0.216797 0.2380741512797904 0.0 0.0 0.0 0.0 0.0 0.0 0.0 0.0 0.0 0.0 0.0 0.0
0 0.286133 0.373535 0.197266 0.157227 0.023018994359976317 0.0 0.05536230491575496 0.06966929738523614 0.05845129025721575 0.0 0.3154636041231983 0.2979984658407694 0.3109004912650768 0.0 0.879076722205314 0.8825867852641783 0.8831033964476838
0 0.029785 0.461426 0.057617 0.137695 0.0 0.0 0.11948321429787113 0.08324095252076819 0.0 0.0 0.30869041116197327 0.30517448261885166 0.0 0.0 0.8760503322613181 0.8759695184741001 0.0
0 0.176758 0.887695 0.158203 0.164062 0.14439890013306858 0.0 0.12666810402957224 0.0 0.025588841902451503 0.0 0.15702411903258834 0.0 0.3284753042463941 0.0 0.8441788482102601 0.0 0.9083244382543736
0 0.353516 0.451660 0.197266 0.157227 0.0 0.16140776769532628 0.07007597628192987 0.13435172733084724 0.0 0.28070794062377186 0.2868406074712246 0.2790447179451215 0.0 0.8889784662588628 0.8749941193971665 0.8720235284631068 0.0
0 0.419922 0.558105 0.214844 0.172852 0.3161020663733545 0.0 0.0011793781381238169 0.0 0.0 0.0 0.18910895959688784 0.0 0.0 0.0 0.5145036292260871 0.0 0.0
0 0.501953 0.676758 0.201172 0.167969 0.020943180168353913 0.07120646143452002 0.07885439378979411 0.06104187915858413 0.05769549988335543 0.3287844213945247 0.3478580252474164 0.3350251060111646 0.3420935641110736 0.8764120783896643 0.8788723629526279 0.8772149950843334 0.8857194365475087
0 0.617188 0.781738 0.205078 0.200195 0.13844868658798465 0.0 0.05004582712199609 0.003661163210171836 0.012944141267525192 0.0 0.16951605215029797 0.41190305551394446 0.3572972337379368 0.0 0.8759599375796199 0.8056346968585091 0.8712920632664539
0 0.719238 0.890625 0.102539 0.068359 0.04913841641888615 0.0 0.12628883885037345 0.0 0.1819093747262388 0.0 0.3220220234520567 0.0 0.31440553458234755 0.0 0.8916050635676467 0.0 0.8938291072338094
0 0.760742 0.950195 0.138672 0.097656 0.2756010413404699 0.0 0.007899282926057917 0.008767933129759903 0.023734726885646217 0.0 0.4632840010619576 0.3662149860262785 0.23601555764012194 0.0 0.8842843150332456 0.9154426544042467 0.9213653943276698
0 0.103027 0.758789 0.204102 0.205078 0.0 0.08007422843836774 0.051592383799125445 0.08334953107858388 0.05260937678803083 0.3011704398457145 0.27263851540961254 0.31267002757782664 0.286518560684745 0.8502467198832565 0.8936560050640763 0.8662370277943341 0.8805612370980873
0 0.055176 0.596680 0.108398 0.103516 0.0 0.08156368745024496 0.1012996231778481 0.12844487326298376 0.0 0.15989148927157854 0.15593000880462116 0.14498109304494827 0.0 0.8847256869176496 0.8983268045118379 0.8735595241709563 0.0
0 0.661621 0.036133 0.163086 0.070312 0.24586981147721387 0.0 0.0 0.0 0.0 0.0 0.0 0.0 0.0 0.0 0.0 0.0 0.0
0 0.825684 0.505859 0.194336 0.195312 0.0319102865574368 0.004087351614347281 0.10830478641519294 0.009741703947145736 0.152030636540724 0.0896356824972339 0.24634565270052822 0.35647422137406537 0.2499062438795099 0.42498132809761713 0.8435639318756798 0.879649244943949 0.8791203707471779
0 0.942871 0.641602 0.114258 0.123047 0.3480341100357371 0.0 0.0 0.0 0.005301223619756056 0.0 0.0 0.0 0.09141808620695113 0.0 0.0 0.0 0.3905693450668126
