0 0.450195 0.364583 0.099609 0.143229 0.009445320359680109 0.02234343322618029 0.05898319542045156 0.052557309566436144 0.043794631034458825 0.18341854759065604 0.26671990740469886 0.2729199074224327 0.18501723397267936 0.359849175409311 0.35268503057140227 0.4082269125154003 0.3407224727220779
0 0.261719 0.423177 0.181641 0.257812 0.0 0.0 0.15248162734922924 0.08666697294220127 0.14293220657665606 0.0 0.28775765018916144 0.29073380831229595 0.2851220300186024 0.0 0.3103609740049529 0.3094540108921264 0.3096241660850653
0 0.727539 0.656250 0.150391 0.119792 0.0 0.0 0.1089699268154 0.09493979475168961 0.14064222603568066 0.0 0.24716123755732677 0.21637004809569133 0.24662236894197095 0.0 0.5557152353903624 0.5546936668175305 0.5593198337225272
0 0.547852 0.384766 0.083984 0.139323 0.0 0.1084343573460116 0.18326076936074778 0.0 0.11144616099595019 0.29068493731908923 0.24396771249532836 0.0 0.25757689768631997 0.3981405819342364 0.5584565676960688 0.0 0.5062563976246612
0 0.711426 0.535156 0.139648 0.119792 0.0 0.0 0.12430150526141712 0.0 0.12015252742337307 0.0 0.14583493788885488 0.0 0.1640588250323841 0.0 0.5606235021284984 0.0 0.5589443251001581
0 0.697754 0.418620 0.124023 0.121094 0.0 0.04335037564100658 0.18668370708418025 0.03296237669324948 0.11376334848943598 0.28272185273190764 0.2286791591262374 0.29253052226513965 0.33540044233084587 0.5548490271564239 0.5584185225937545 0.5781875002223147 0.5528329644514351
0 0.559082 0.507812 0.092773 0.104167 0.0 0.0 0.19995432413830314 0.0 0.1975326032939079 0.0 0.31336308491021053 0.0 0.15530379114106896 0.0 0.5268903290678867 0.0 0.5726710321661235
0 0.889648 0.490234 0.152344 0.173177 0.0 0.03473442332228764 0.05006052212810183 0.06436538195817111 0.04989829143070929 0.33989134651160513 0.33058180212722477 0.3224088122276138 0.302530131698007 0.1428600076943272 0.24318147642204696 0.13660186444829533 0.4976141789737081
0 0.160156 0.719401 0.101562 0.141927 0.0 0.2243776463383657 0.0 0.22128073290182224 0.0 0.2817181279815673 0.0 0.28282658032837615 0.0 0.2884699799241296 0.0 0.2861532758845726 0.0
0 0.697266 0.285156 0.130859 0.145833 0.016595672295474196 0.0 0.09781381386274414 0.0 0.1443426756510191 0.0 0.33189090191729403 0.0 0.31309073463725673 0.0 0.2019291717876926 0.0 0.24055673519782883
0 0.567383 0.691406 0.099609 0.093750 0.07316034517256326 0.0 0.15489807290372026 0.0 0.04235109354410886 0.0 0.12758507487593862 0.0 0.2596210565611561 0.0 0.5780538796847103 0.0 0.55180689573852
0 0.569336 0.603516 0.082031 0.082031 0.0 0.032909903372623596 0.09372545001065063 0.02895660414500174 0.1691349722656359 0.40499584298735397 0.35040655882515936 0.45162496434363764 0.22814381081808252 0.5520516093453591 0.5388344186511168 0.525921602546534 0.5374826564721256
0 0.945312 0.802083 0.109375 0.210938 0.0 0.100838347415938 0.036011516745549234 0.11654758992922012 0.09992183803008146 0.20337672140691046 0.201811205929875 0.19031846626134727 0.20061440051317878 0.25768929680941566 0.2635154252389891 0.23779704923498104 0.2652950768349663
0 0.567871 0.786458 0.106445 0.096354 0.0 0.0 0.14477169525854802 0.0 0.1546166109767096 0.0 0.09343997387640615 0.0 0.089302755396957 0.0 0.5682349605894483 0.0 0.5750585627359969
0 0.728027 0.180990 0.102539 0.096354 0.0 0.0 0.13445120374898467 0.0 0.1540892431169472 0.0 0.22978506653015252 0.0 0.25844658455264913 0.0 0.2595017917342318 0.0 0.1938457920098996
0 0.062988 0.680339 0.096680 0.128906 0.0 0.09512496680186511 0.0 0.2243419714665717 0.0 0.2825440653557238 0.0 0.23651532845025228 0.0 0.299898123412024 0.0 0.28336263518068194 0.0
0 0.763184 0.113281 0.108398 0.085938 0.07617687505410853 0.0 0.05698860557702268 0.0 0.15142575102807942 0.0 0.2675864368071287 0.0 0.20618341376526142 0.0 0.18204940368767403 0.0 0.18929019685174353
0 0.196777 0.923828 0.084961 0.121094 0.0 0.10203805030627748 0.05338696844810765 0.09077057491673932 0.0 0.2502582458869437 0.2442029423334436 0.2404387393461627 0.0 0.29970609645474533 0.3205199127852148 0.3078062657003563 0.0
0 0.292969 0.143229 0.201172 0.255208 0.03523535621152779 0.09174404747024631 0.11403655249248856 0.0778908914173651 0.09118131116566353 0.2150744879451994 0.183468368719035 0.25407140130710704 0.20515228720587425 0.3814161807325432 0.37193217930978506 0.3663715317655435 0.3738659985319548
0 0.361328 0.812500 0.121094 0.096354 0.0 0.015273662140420287 0.09838995577549979 0.16341483576418836 0.09444837373123585 0.34760123716829744 0.26102604803555596 0.33490187303385266 0.30758925940033344 0.358739573233147 0.32805920170268404 0.37013910330282823 0.33995339342153463
0 0.059082 0.867188 0.077148 0.117188 0.02754787596304163 0.18683173551711546 0.0 0.23993574394554246 0.0 0.3880255722821921 0.0 0.37011193521758756 0.0 0.3136452224038981 0.0 0.27701023287961185 0.0
0 0.121094 0.894531 0.076172 0.119792 0.04236363137714176 0.21800817304065126 0.0 0.11300904592161057 0.007127751853002797 0.3844293948219416 0.0 0.3422232323464992 0.4500635803825398 0.29094045934692314 0.0 0.29766854826073685 0.9497449821110542
0 0.404297 0.582031 0.099609 0.083333 0.10254357438973451 0.0 0.06020432264345638 0.0 0.0606075273593858 0.0 0.10842382945144667 0.0 0.20154313367782134 0.0 0.25607279012516526 0.0 0.34264939078346157
0 0.381348 0.656250 0.081055 0.075521 0.0 0.0 0.07254489362468325 0.0 0.10715571272014962 0.0 0.28685469670288344 0.0 0.34101830586495435 0.0 0.24957992837273932 0.0 0.3087538914789742
0 0.375488 0.732422 0.112305 0.084635 0.0 0.012045958624903652 0.14798079795475566 0.049479881421934414 0.15140279830541903 0.44691205746424284 0.21598415913538066 0.40205209955305454 0.33839552177032767 0.39246970353934724 0.42238320540310814 0.359458660606688 0.30883567727677363
0 0.544922 0.167318 0.199219 0.235677 0.0 0.07580153328170779 0.06285535721213817 0.08719182446809004 0.07003194143092233 0.14612924841613883 0.2062806878375172 0.13762235413376395 0.2008352499020406 0.1836799275309508 0.20678284381625456 0.26418905711560875 0.20994696563158566
0 0.579102 0.880208 0.117188 0.091146 0.15443651426639612 0.0 0.07447157809266128 0.09482993126727077 0.013718253960160484 0.0 0.6012872163482578 0.6149953696005103 0.5746891066912208 0.0 0.5560040934108372 0.3627685698022822 0.9964203699511798
0 0.396484 0.955729 0.091797 0.088542 0.0 0.31234838591576947 0.0 0.11138112747110022 0.0 0.3466025171795847 0.0 0.1400818147945811 0.0 0.391044341408671 0.0 0.3629362893680953 0.0
0 0.737305 0.921875 0.138672 0.148438 0.036964246299366926 0.09210152357681795 0.0036253552483480364 0.04342009635636559 0.27283504941171094 0.24687740260371172 0.38804094999368954 0.1183149231925083 0.2294130555907422 0.4134015313483873 0.21454876890255908 0.6670612386836038 0.5795296065999532
0 0.312500 0.943359 0.091797 0.113281 0.0 0.0683286074205092 0.1183979155992318 0.0 0.13999855564953698 0.24919367986131552 0.254782480959704 0.0 0.24634569833395872 0.3691644909633374 0.3294904555681367 0.0 0.2961375781139212
0 0.895508 0.043620 0.093750 0.084635 0.0 0.10863390719100888 0.038931330101031905 0.13873540804060802 0.029912917241508116 0.2014325690307517 0.18741395154266954 0.18597435620057184 0.18704808449527396 0.2940599585228496 0.29949698894761684 0.29552217047808826 0.2462477514684063
0 0.254395 0.688151 0.090820 0.243490 0.0 0.00903366058513555 0.14335798391196528 0.03242438727226617 0.07727472574263151 0.3451016585594047 0.44147530484023756 0.3381640770510642 0.45037814205953136 0.2947561065812555 0.3072701805962885 0.29921214223169207 0.317982496245382
0 0.792969 0.054036 0.103516 0.069010 0.0 0.0 0.13308763103208807 0.0 0.19897406416647043 0.0 0.23721074200620557 0.0 0.2361055091281113 0.0 0.21703340199513263 0.0 0.20571255191014062
0 0.017090 0.839844 0.032227 0.114583 0.0 0.11587504704647729 0.0 0.11419535096036672 0.0 0.17654790549075253 0.0 0.15358395791265533 0.0 0.2935452658233937 0.0 0.28550273831162437 0.0
0 0.887207 0.938802 0.184570 0.122396 0.0 0.16416918247450044 0.06091898034630551 0.107910191449148 0.0 0.2957151689329855 0.24934573705042326 0.2852044666850242 0.0 0.23559338744555888 0.3797573093665273 0.28009101800883396 0.0
0 0.011719 0.648438 0.021484 0.114583 0.0 0.24750860046305537 0.0 0.050900287770819105 0.0 0.2796743611590559 0.0 0.2931241644075257 0.0 0.38115420503237785 0.0 0.043131881902915364 0.0
0 0.427734 0.489583 0.107422 0.101562 0.006688447033562822 0.006363922100614212 0.12604106787858854 0.0 0.11005320118277781 0.06684605452344068 0.22114801690073227 0.0 0.29341246998027326 0.5792840289121446 0.36282400601634723 0.0 0.3190868086443195
0 0.770508 0.764323 0.205078 0.104167 0.023001642607890543 0.08554964619484741 0.0 0.049802778383914156 0.049037267677906185 0.19143222243593833 0.0 0.26420496793850345 0.08221941112054454 0.3606890904180025 0.0 0.39167663606737185 0.4781006477922309
0 0.479980 0.963542 0.073242 0.072917 0.0 0.3429786151447374 0.0 0.0 0.0 0.30591993645165116 0.0 0.0 0.0 0.372763393528008 0.0 0.0 0.0
0 0.579590 0.977214 0.120117 0.045573 0.0 0.3994205361068741 0.024222016742559256 0.0 0.0 0.5263567565932804 0.491188625052302 0.0 0.0 0.36861192865948345 0.687239978967323 0.0 0.0
