0 0.633789 0.406901 0.101562 0.139323 0.0 0.015538353922024984 0.2125208295079721 0.0 0.16514030827720838 0.23772563809884398 0.26915961845907677 0.0 0.27840845721099483 0.5738375601769857 0.7582862245326534 0.0 0.7494039983239822
0 0.680664 0.533203 0.091797 0.149740 0.0 0.0 0.18029325888218023 0.0 0.18527088207710396 0.0 0.3237621703664072 0.0 0.3299416124112438 0.0 0.7455308244554675 0.0 0.7403401855133938
0 0.501953 0.533854 0.101562 0.132812 0.0 0.0 0.17811479349529666 0.0 0.1563147865742777 0.0 0.3226439873761391 0.0 0.346292843957611 0.0 0.7789823968800174 0.0 0.756263481416435
0 0.249512 0.440104 0.084961 0.148438 0.0 0.17701040182335656 0.0 0.13923200924254397 0.0 0.31421104285512746 0.0 0.3298212831169741 0.0 0.743616483067882 0.0 0.7275058573635891 0.0
0 0.467285 0.427083 0.098633 0.127604 0.0 0.0 0.12787010433592916 0.0 0.14670784631981357 0.0 0.34123227168179926 0.0 0.31527183989626095 0.0 0.7465292273573941 0.0 0.7394760906923962
0 0.538574 0.669271 0.118164 0.164062 0.0 0.0 0.13973302923156164 0.051178648726024074 0.09727122341773796 0.0 0.2756855316401617 0.2644144596111071 0.2816070764417024 0.0 0.7511666222398696 0.7351224800519743 0.7436025874249547
0 0.743652 0.681641 0.137695 0.144531 0.006680918000486486 0.09314504190252411 0.05182455064844756 0.14003000689549808 0.11423618604293137 0.32804035518689734 0.32038595199701025 0.3235587074573003 0.3064218366522151 0.7465526666166813 0.760704393260614 0.7506921239379911 0.7392150630484889
0 0.844238 0.475260 0.081055 0.135417 0.0 0.0 0.21109507785367349 0.0 0.16517436753795395 0.0 0.3211504252118447 0.0 0.3417948309064195 0.0 0.7434831337422976 0.0 0.7132094481191529
0 0.181152 0.484375 0.077148 0.119792 0.04768473440794164 0.14307118971917968 0.0 0.17922589238122627 0.0 0.32274591345283205 0.0 0.3144381320033126 0.0 0.7451324056086709 0.0 0.7391783975086909 0.0
0 0.800781 0.322917 0.099609 0.169271 0.0641012267602056 0.0 0.16691103177698702 0.0 0.05238880927416924 0.0 0.3230803278946669 0.0 0.3165728691791836 0.0 0.7371991889511568 0.0 0.7319167408829893
0 0.413574 0.328125 0.153320 0.125000 0.0 0.15048992015655369 0.054454501278622 0.07294684187009443 0.0 0.3193389613001245 0.2863191830847159 0.32862938397280494 0.0 0.6521831282559822 0.7434749944335367 0.7184243916358537 0.0
0 0.324707 0.399089 0.090820 0.131510 0.0 0.12581391585674842 0.0 0.17855516458700102 0.0 0.21694375707657126 0.0 0.16831632310787495 0.0 0.7414551076505268 0.0 0.762946545782865 0.0
0 0.967285 0.195964 0.065430 0.123698 0.2838978373964648 0.0 0.0 0.0 0.0 0.0 0.0 0.0 0.0 0.0 0.0 0.0 0.0
0 0.484863 0.796875 0.125977 0.114583 0.0 0.14577883107527043 0.05764698831114182 0.17470438265933938 0.0 0.28042631940781987 0.269033013300276 0.27814349234005886 0.0 0.7463163050648065 0.7560449330725697 0.7464547504679059 0.0
0 0.720703 0.189453 0.150391 0.128906 0.1522101030961279 0.2029409281659403 0.0 0.08387034387637278 0.010572864713837954 0.4077165849487274 0.0 0.3661720439978658 0.34843753057215393 0.7346959524478822 0.0 0.7549229585515306 0.7404116748267063
0 0.870605 0.608073 0.129883 0.135417 0.0 0.10427604404385128 0.10164203688170698 0.10001904462894516 0.0368973338526785 0.30154359167847805 0.25851979969333866 0.2974979296983905 0.2928390594005767 0.7453275933373109 0.7457214926438795 0.7267283293440104 0.739511912333315
0 0.986328 0.326172 0.027344 0.128906 0.0 0.12568229489606286 0.0 0.0 0.42099679190346706 0.31768574760360635 0.0 0.0 0.2841261300924752 0.7407081885192905 0.0 0.0 0.7405689209595983
0 0.604492 0.268229 0.103516 0.145833 0.05829685321466327 0.14470345608372076 0.013425997627186433 0.05073159372691935 0.09230375030730788 0.18810917994706727 0.23620809141728574 0.25959822443004943 0.23857832691995925 0.7663223097718683 0.7347290889833169 0.7521643359895177 0.7645407763827968
0 0.093750 0.082682 0.154297 0.162760 0.0 0.07987113585380098 0.0565096276793402 0.08948260044283035 0.07214387770821566 0.37261839746985065 0.3578553723042306 0.35873700039702877 0.3505807963371982 0.7464429831275161 0.7449963306642137 0.7402617420564644 0.7145105350201473
0 0.109375 0.540365 0.093750 0.148438 0.11848697383743699 0.10581402945585502 0.0 0.11616204126498023 0.0 0.16962172268106246 0.0 0.16747103665847837 0.0 0.7326957694949393 0.0 0.7514769126736256 0.0
0 0.211914 0.054036 0.087891 0.105469 0.2851445501067101 0.0 0.0 0.0 0.0 0.0 0.0 0.0 0.0 0.0 0.0 0.0 0.0
0 0.277832 0.035156 0.041992 0.067708 0.6172691462684504 0.0 0.0 0.0 0.0 0.0 0.0 0.0 0.0 0.0 0.0 0.0 0.0
0 0.312988 0.027344 0.036133 0.052083 0.5402898839417044 0.0 0.0 0.0 0.0 0.0 0.0 0.0 0.0 0.0 0.0 0.0 0.0
0 0.373535 0.867188 0.125977 0.114583 0.0 0.16331893946881545 0.0 0.1922154042292735 0.047802973687698896 0.28862849360507686 0.0 0.27933684090817107 0.2625022454462412 0.7480129240546377 0.0 0.7434898412401941 0.7395961309655091
0 0.321289 0.964193 0.089844 0.071615 0.0 0.13283393156863757 0.17567936370477175 0.0 0.11582964955960467 0.27305141831528323 0.2734167952091746 0.0 0.2780703972274002 0.747372783547426 0.7503674521614828 0.0 0.7390599044989702
0 0.197266 0.703776 0.136719 0.118490 0.0 0.23314287177339327 0.0 0.1597589558937396 0.0 0.2559895169820072 0.0 0.2614488331826469 0.0 0.7313306498121067 0.0 0.748808813110846 0.0
0 0.212891 0.808594 0.148438 0.138021 0.0 0.1429504841950823 0.0 0.21915534928515554 0.0 0.3003961934150135 0.0 0.20728125781241538 0.0 0.7359793449929277 0.0 0.7980654812203005 0.0
0 0.836426 0.916667 0.165039 0.166667 0.006385360073766229 0.07368629667547158 0.06297659223305258 0.03300693352223376 0.054657153010617354 0.34243061582715245 0.4004492257268898 0.3551824720526047 0.39807147619402117 0.7480948863246777 0.7410984301118307 0.7576575508535699 0.7434730636792779
0 0.852051 0.127604 0.125977 0.140625 0.037514741089409026 0.20320351792040375 0.0 0.16364059325205027 0.0 0.34589756041206116 0.0 0.31389483112124883 0.0 0.7503667984054047 0.0 0.7298980231010758 0.0
