0 0.560547 0.582031 0.078125 0.087891 0.0 0.21944416600940647 0.0 0.26625432296052126 0.0 0.252253975443349 0.0 0.26323733296844093 0.0 0.2453335407659602 0.0 0.265644266863775 0.0
0 0.571777 0.254395 0.059570 0.090820 0.28250774513971777 0.0 0.0 0.0 0.0 0.0 0.0 0.0 0.0 0.0 0.0 0.0 0.0
0 0.816895 0.706055 0.073242 0.078125 0.02662735160040575 0.15470999896608995 0.0 0.21935869873389835 0.0 0.2670914868482847 0.0 0.262576440019649 0.0 0.23688116413304722 0.0 0.2445005814871021 0.0
0 0.652832 0.622559 0.071289 0.077148 0.01143657141647309 0.09187111321464365 0.0 0.24380023601372236 0.0 0.2676797508839562 0.0 0.2825796266096841 0.0 0.2472423509660064 0.0 0.2647338026474125 0.0
0 0.424805 0.458984 0.074219 0.089844 0.0 0.1797487166606366 0.0 0.07942862764828675 0.0 0.17835248540797852 0.0 0.1786248268409213 0.0 0.24956696790452482 0.0 0.24518807797255956 0.0
0 0.505859 0.232422 0.070312 0.087891 0.2950652902458292 0.0 0.0 0.0 0.0 0.0 0.0 0.0 0.0 0.0 0.0 0.0 0.0
0 0.025879 0.207520 0.047852 0.098633 0.0 0.04783404813174692 0.0 0.07685274560411579 0.0 0.18935200993771162 0.0 0.23195172803336866 0.0 0.23665859339211784 0.0 0.17089208814781942 0.0
0 0.060059 0.712402 0.106445 0.153320 0.0 0.0 0.16462707939232807 0.0 0.20510746046584283 0.0 0.16943917702993266 0.0 0.1667347423169466 0.0 0.548681855515742 0.0 0.5473258697580032
0 0.725098 0.646484 0.075195 0.074219 0.07996486109229796 0.17482285128179983 0.0 0.24732831082846246 0.0 0.29736972779574555 0.0 0.2843052402959804 0.0 0.241593865499201 0.0 0.248226146115381 0.0
0 0.801270 0.407715 0.057617 0.102539 0.0 0.2583409457008579 0.0 0.13006411776908786 0.0 0.15793071976568485 0.0 0.16528770530779996 0.0 0.6055715297527543 0.0 0.6010508754500152 0.0
0 0.358398 0.429688 0.070312 0.093750 0.0 0.19471517274937306 0.0 0.12947896086204128 0.0 0.17030177345626502 0.0 0.1585369178159488 0.0 0.24370355406603214 0.0 0.2682316184123667 0.0
0 0.497559 0.544922 0.084961 0.089844 0.0 0.20228351868202757 0.0 0.2395290998528527 0.0 0.2704546743288204 0.0 0.27035209698052215 0.0 0.25528019347226816 0.0 0.26065223338139465 0.0
0 0.283691 0.781250 0.110352 0.154297 0.0 0.0 0.1711926060768378 0.0 0.18864400983123902 0.0 0.15740752987679293 0.0 0.15824690520876444 0.0 0.5507696356447902 0.0 0.5448707962063376
0 0.650391 0.940918 0.103516 0.118164 0.033409563318293 0.0 0.2324201103044748 0.0 0.19619250595437926 0.0 0.1623946378408976 0.0 0.16132288120493532 0.0 0.5474051176619504 0.0 0.5472188634610063
0 0.202148 0.357422 0.083984 0.115234 0.0 0.17934490594591435 0.0 0.2764811114060177 0.0 0.1888745617800483 0.0 0.193479745422597 0.0 0.24986908993881182 0.0 0.2394748524048162 0.0
0 0.241699 0.089844 0.139648 0.083984 0.35276572163275455 0.0 0.0 0.0 0.0 0.0 0.0 0.0 0.0 0.0 0.0 0.0 0.0
0 0.347168 0.096680 0.061523 0.085938 0.39469257270858626 0.0 0.0 0.0 0.0 0.0 0.0 0.0 0.0 0.0 0.0 0.0 0.0
0 0.835449 0.025879 0.108398 0.049805 0.0 0.25142848331593876 0.0 0.13048698897951239 0.0 0.35955666520155966 0.0 0.3637198325730187 0.0 0.10732679856468919 0.0 0.11701282389909061 0.0
0 0.955566 0.847168 0.088867 0.116211 0.0 0.1458332967125359 0.0 0.2781564277838166 0.0 0.28321250606072773 0.0 0.24264646056115524 0.0 0.25123619024668514 0.0 0.24940260825442048 0.0
0 0.875488 0.400391 0.090820 0.099609 0.0 0.1840300605076786 0.0 0.18815832206042518 0.0 0.15136181588720138 0.0 0.16729116619672948 0.0 0.6094884155687843 0.0 0.6058183474906842 0.0
0 0.633301 0.251465 0.059570 0.090820 0.4285990454547116 0.0 0.0 0.0 0.0 0.0 0.0 0.0 0.0 0.0 0.0 0.0 0.0
0 0.410156 0.085938 0.074219 0.080078 0.38668050584660846 0.0 0.0 0.0 0.0 0.0 0.0 0.0 0.0 0.0 0.0 0.0 0.0
0 0.965820 0.550781 0.068359 0.101562 0.3945484930258668 0.0 0.0 0.0 0.0 0.0 0.0 0.0 0.0 0.0 0.0 0.0 0.0
0 0.737305 0.400391 0.066406 0.097656 0.0 0.2142111036865808 0.0 0.25325778905217683 0.0 0.16929210694336844 0.0 0.15033485884308628 0.0 0.622093453791052 0.0 0.5446630345011227 0.0
0 0.670898 0.409180 0.066406 0.097656 0.329941579997603 0.0 0.0 0.0 0.0 0.0 0.0 0.0 0.0 0.0 0.0 0.0 0.0
0 0.062988 0.223145 0.053711 0.092773 0.0 0.21432750193519434 0.0 0.27776443634420633 0.0 0.09542949383856221 0.0 0.2295801872619445 0.0 0.15259050013985906 0.0 0.24273482580467234 0.0
0 0.103027 0.242676 0.057617 0.094727 0.10297841004911273 0.0 0.0 0.0905270079981736 0.0 0.0 0.0 0.23225385512272542 0.0 0.0 0.0 0.2560562749798837 0.0
0 0.140625 0.263184 0.074219 0.116211 0.0 0.1446330889899263 0.0 0.13385936674785415 0.0 0.25672972785606774 0.0 0.23442998575988588 0.0 0.2257376521462029 0.0 0.2534713697143747 0.0
0 0.267578 0.385742 0.083984 0.115234 0.0 0.1906824546024256 0.0 0.22814140920715334 0.0 0.19638837728806313 0.0 0.19611284213930336 0.0 0.24376492308556733 0.0 0.25650744692005834 0.0
0 0.885254 0.733398 0.073242 0.078125 0.0 0.1891893061243908 0.0 0.18190305922326905 0.0 0.27100193407433426 0.0 0.24885779208903178 0.0 0.2551942089797169 0.0 0.260492350996657 0.0
0 0.923828 0.161621 0.152344 0.129883 0.27309821972152554 0.0 0.0 0.0 0.0 0.0 0.0 0.0 0.0 0.0 0.0 0.0 0.0
