0 0.875488 0.064941 0.100586 0.100586 0.0 0.17480002534358346 0.0 0.12296212599470033 0.0 0.1222493551350739 0.0 0.13026260253807126 0.0 0.7135471064838362 0.0 0.7232292993232035 0.0
0 0.396484 0.209473 0.128906 0.163086 0.0 0.0 0.14714206049863646 0.0 0.16702777808653912 0.0 0.15732378544477302 0.0 0.15791851073991772 0.0 0.5482433953165226 0.0 0.5414385502574154
0 0.491699 0.420898 0.122070 0.156250 0.0 0.0 0.15632668352839044 0.0 0.18298219681006475 0.0 0.18175797138991656 0.0 0.17541338904706627 0.0 0.5437543198891487 0.0 0.5436688346943969
0 0.604492 0.893555 0.130859 0.212891 0.0 0.0 0.17578790736819383 0.0 0.15797029255554726 0.0 0.06748097420760442 0.0 0.07015123017505381 0.0 0.6322605894299039 0.0 0.6263997286891487
0 0.452148 0.577637 0.111328 0.151367 0.0 0.0 0.20335988406471625 0.0 0.19469047493781227 0.0 0.18453274875934603 0.0 0.17983464018124065 0.0 0.5254110120721808 0.0 0.5429405847468922
0 0.867676 0.592285 0.102539 0.145508 0.0 0.0 0.15082100012091218 0.0 0.2209551454489211 0.0 0.1462860983495427 0.0 0.13760713950597245 0.0 0.7153672102336234 0.0 0.6823559775734875
0 0.788574 0.357422 0.098633 0.156250 0.0 0.0 0.14507586237053058 0.0 0.2202182790843587 0.0 0.1482034455531589 0.0 0.14679490077957846 0.0 0.7150328155555081 0.0 0.717977962725962
0 0.080566 0.692871 0.116211 0.145508 0.0 0.0 0.17696759748912927 0.0 0.19458325796153939 0.0 0.17898964601471146 0.0 0.17967379898377212 0.0 0.5474895653619386 0.0 0.545617259991629
0 0.126465 0.535156 0.110352 0.152344 0.0 0.0 0.17929575498196043 0.0 0.19222014722428055 0.0 0.1752120183311946 0.0 0.17616524653952784 0.0 0.5468259033907725 0.0 0.5424483557807065
0 0.051270 0.052246 0.100586 0.102539 0.0 0.0 0.21848896226855088 0.0 0.19015039952601073 0.0 0.15741032060624793 0.0 0.15637972584418514 0.0 0.5510760218041214 0.0 0.5428819969020114
0 0.968750 0.038574 0.062500 0.075195 0.0 0.24645553963865907 0.0 0.08931660293101291 0.0 0.12405736921046952 0.0 0.13959664860410306 0.0 0.7088199325592706 0.0 0.7512776988228337 0.0
0 0.413086 0.737305 0.113281 0.152344 0.0 0.0 0.184745755944214 0.0 0.19790376093849496 0.0 0.17550388361375263 0.0 0.17202352427339884 0.0 0.5442925719980541 0.0 0.5426100035910635
0 0.837402 0.462891 0.104492 0.164062 0.0 0.0 0.1440536360201658 0.0 0.15755498271545007 0.0 0.14693059850496476 0.0 0.14441344222514882 0.0 0.7158821116333038 0.0 0.720506226855566
0 0.606934 0.025879 0.124023 0.049805 0.14858461528950598 0.0 0.0 0.21675922507477857 0.0 0.0 0.0 0.25658077809748275 0.0 0.0 0.0 0.24704763491959056 0.0
0 0.817383 0.117188 0.056641 0.076172 0.0 0.061063977463619426 0.0 0.0 0.0 0.12208402297312446 0.0 0.0 0.0 0.6397065384947547 0.0 0.0 0.0
0 0.712402 0.096191 0.124023 0.114258 0.0 0.10847540944449059 0.0 0.19069396501644537 0.0 0.2806754867030893 0.0 0.24288627002534827 0.0 0.2525292209475595 0.0 0.2506287031014286 0.0
0 0.375488 0.972656 0.235352 0.054688 0.0 0.2624854358244244 0.0 0.0 0.0 0.06715633397440159 0.0 0.0 0.0 0.3948572341092205 0.0 0.0 0.0
0 0.165527 0.375000 0.122070 0.160156 0.0 0.0 0.15356206247983065 0.0 0.17480698558296415 0.0 0.17482693017340709 0.0 0.17553106493197387 0.0 0.5472990600023383 0.0 0.5414339967979689
0 0.929199 0.709473 0.102539 0.145508 0.0 0.0 0.25120242562629247 0.0 0.16936024864739224 0.0 0.1330846646150069 0.0 0.14526787743006475 0.0 0.7548578082493261 0.0 0.7346046479943618
0 0.617676 0.717285 0.161133 0.086914 0.32621811491730396 0.0 0.0 0.0 0.0 0.0 0.0 0.0 0.0 0.0 0.0 0.0 0.0
0 0.048828 0.811523 0.095703 0.080078 0.035671743644339476 0.0 0.20823183535868123 0.0 0.1130566650620706 0.0 0.18311235133149534 0.0 0.18312091730011879 0.0 0.5419873926395486 0.0 0.5437245386816278
