0 0.281250 0.627441 0.164062 0.143555 0.39060089113371393 0.0 0.0 0.0 0.01418552402733799 0.0 0.0 0.0 0.2653643709053278 0.0 0.0 0.0 0.641617976445541
0 0.499349 0.570801 0.134115 0.157227 0.026610638490789283 0.028841456496506948 0.17919059262757772 0.0 0.14999278896235949 0.2943844196687653 0.2961792575582002 0.0 0.2949479386762315 0.7407752761551382 0.74559935402014 0.0 0.7440602100993456
0 0.674479 0.888672 0.171875 0.167969 0.016027252955958166 0.0 0.14391530371557154 0.0238603885891703 0.13204065734247364 0.0 0.2946628623125314 0.2941262488140807 0.2902782758746422 0.0 0.7483269331469415 0.7499631909715693 0.746393099155859
0 0.693359 0.369629 0.134115 0.108398 0.0 0.0 0.16053078484136837 0.06318596759793801 0.1649606927246654 0.0 0.273067841387895 0.2714437669170383 0.2836748997400562 0.0 0.747849787515173 0.7353813442215179 0.7433327190617487
0 0.776693 0.969727 0.134115 0.060547 0.0 0.10706805419673611 0.15808165558655987 0.0 0.09055230111440286 0.2747776171919659 0.27494355925118896 0.0 0.2799857452272331 0.7521845759267092 0.7543103685873496 0.0 0.726176801686492
0 0.467448 0.429688 0.130208 0.117188 0.0 0.0 0.13118824194070908 0.05681993923152786 0.14412358244005669 0.0 0.2923444638835454 0.2696035754640905 0.2937339100474304 0.0 0.750613414862594 0.7372072814596348 0.7430368959796962
0 0.097005 0.568359 0.170573 0.136719 0.06286519169012907 0.0 0.13161513644629422 0.0 0.13419596305625894 0.0 0.19548663306689806 0.0 0.20109570894711998 0.0 0.7712350650864535 0.0 0.7624877569160768
0 0.893880 0.760254 0.128906 0.135742 0.0 0.0 0.15078905854402733 0.060654369991175884 0.15956574085555364 0.0 0.27962609081543915 0.2678904141565329 0.28127447483010387 0.0 0.7474206808805669 0.7467804746003247 0.7464478924512005
0 0.374349 0.970703 0.230469 0.058594 0.0 0.0 0.1675951432884204 0.0 0.14455027399614742 0.0 0.2760636164961756 0.0 0.31926092038946374 0.0 0.7970107760580044 0.0 0.7444323795181207
0 0.920573 0.300293 0.158854 0.088867 0.0 0.0856420469201349 0.0 0.12980368138606266 0.021720547039789404 0.28346044694967854 0.0 0.2679937838188845 0.28101363567989773 0.7455803782436023 0.0 0.7446420182621846 0.7316483903395986
0 0.582682 0.729004 0.152344 0.165039 0.01950389032732063 0.0 0.18460118572423415 0.0 0.18464551810291557 0.0 0.2951732874793889 0.0 0.2914213609606978 0.0 0.748070421598112 0.0 0.7463847511468733
0 0.061849 0.093750 0.121094 0.185547 0.027304711380897267 0.08185626855998801 0.12408362219716414 0.06519578480864191 0.02214459412996941 0.3366028017680964 0.2905790238123827 0.3317289094674512 0.1793894650570408 0.6893435495496401 0.7009757807142929 0.6973363421015688 0.8474051338808202
0 0.074870 0.371094 0.147135 0.275391 0.1555657594502064 0.0 0.020750525712557 0.0 0.0 0.0 0.11666979034141742 0.0 0.0 0.0 0.779298593070707 0.0 0.0
0 0.849609 0.653809 0.128906 0.135742 0.0 0.0 0.18674672970364836 0.0 0.19183358475624965 0.0 0.2824788794938365 0.0 0.2859267688009159 0.0 0.7458632649405702 0.0 0.7463970454873794
0 0.791016 0.545410 0.128906 0.135742 0.0 0.03481067560054202 0.12788467109851465 0.0 0.11263324101357694 0.27675457821292815 0.27763953313218376 0.0 0.2779848127429424 0.7366765555252044 0.7452706132208377 0.0 0.7463703318586254
0 0.957031 0.467285 0.085938 0.079102 0.0 0.1635690500860623 0.0 0.07787699604939859 0.05243086989365719 0.2707085664613502 0.0 0.2823005455750298 0.26297410889586703 0.7515026953745696 0.0 0.7424927095123628 0.7362136887808352
0 0.396484 0.300781 0.141927 0.134766 0.0 0.0 0.20833926839717293 0.0 0.20860401002291515 0.0 0.28351788111049214 0.0 0.29276238510620356 0.0 0.7490073527975086 0.0 0.7499003254036697
0 0.333333 0.169434 0.158854 0.145508 0.0 0.0 0.17874179420410777 0.0 0.16125717020980812 0.0 0.27992049910050504 0.0 0.2848696542124294 0.0 0.7473974772101365 0.0 0.746388242132449
0 0.263021 0.049805 0.140625 0.097656 0.0 0.0 0.21448035751643646 0.0 0.1796515126033573 0.0 0.28863818098753663 0.0 0.2978966075101788 0.0 0.745990187789424 0.0 0.7466787528451471
0 0.623698 0.243164 0.161458 0.144531 0.0 0.0 0.21558496164253518 0.0 0.18633265034481708 0.0 0.28739655279166276 0.0 0.28619512852065887 0.0 0.7335451326089384 0.0 0.7451838521088036
0 0.541667 0.102539 0.161458 0.144531 0.0 0.0 0.15867218531244384 0.0 0.15631244652540194 0.0 0.29750483669027444 0.0 0.2962759177697674 0.0 0.7471569027693705 0.0 0.7476841566909728
0 0.908854 0.120117 0.182292 0.208984 0.17989156473774087 0.0 0.0 0.0 0.0 0.0 0.0 0.0 0.0 0.0 0.0 0.0 0.0
