0 0.422526 0.079590 0.102865 0.083008 0.0 0.2352938191016719 0.0 0.28548490324880915 0.0 0.252253975443349 0.0 0.26323733296844093 0.0 0.2453335407659602 0.0 0.265644266863775 0.0
0 0.529297 0.460449 0.175781 0.163086 0.0 0.0 0.14387223693200007 0.0 0.16331604968461602 0.0 0.15732378544477302 0.0 0.15791851073991772 0.0 0.5482433953165226 0.0 0.5414385502574154
0 0.654948 0.670898 0.161458 0.156250 0.0 0.0 0.15758738258910326 0.0 0.18445785968756528 0.0 0.18175797138991656 0.0 0.17541338904706627 0.0 0.5437543198891487 0.0 0.5436688346943969
0 0.601562 0.827637 0.145833 0.151367 0.0 0.0 0.20699131056587192 0.0 0.1981670905617018 0.0 0.18453274875934603 0.0 0.17983464018124065 0.0 0.5254110120721808 0.0 0.5429405847468922
0 0.636719 0.145508 0.106771 0.087891 0.06340845082820158 0.138626466897167 0.0 0.19611995595774556 0.0 0.29736972779574555 0.0 0.2843052402959804 0.0 0.241593865499201 0.0 0.248226146115381 0.0
0 0.548177 0.124023 0.098958 0.072266 0.011727366173328646 0.09420709635648114 0.0 0.2499992818440855 0.0 0.2676797508839562 0.0 0.2825796266096841 0.0 0.2472423509660064 0.0 0.2647338026474125 0.0
0 0.752604 0.204590 0.104167 0.073242 0.02662735160040575 0.15470999896608995 0.0 0.21935869873389835 0.0 0.2670914868482847 0.0 0.262576440019649 0.0 0.23688116413304722 0.0 0.2445005814871021 0.0
0 0.328125 0.052734 0.119792 0.085938 0.0 0.19998484233336816 0.0 0.23680717826361575 0.0 0.2704546743288204 0.0 0.27035209698052215 0.0 0.25528019347226816 0.0 0.26065223338139465 0.0
0 0.552734 0.955566 0.139323 0.088867 0.0 0.0 0.22712932758858287 0.0 0.1580542041881062 0.0 0.17378254515097963 0.0 0.17769931815684264 0.0 0.5409297046442637 0.0 0.5474735536260571
0 0.168620 0.785156 0.149740 0.152344 0.0 0.0 0.17617756793879585 0.0 0.1888771881421191 0.0 0.1752120183311946 0.0 0.17616524653952784 0.0 0.5468259033907725 0.0 0.5424483557807065
0 0.886719 0.948242 0.140625 0.091797 0.23354941736331855 0.0 0.0 0.0 0.0 0.0 0.0 0.0 0.0 0.0 0.0 0.0 0.0
0 0.108073 0.930664 0.153646 0.136719 0.0 0.0 0.18686483091357087 0.0 0.1968989769921013 0.0 0.17896188226212584 0.0 0.1793407814288912 0.0 0.5470709127113121 0.0 0.5471408475224867
0 0.219401 0.625488 0.165365 0.161133 0.0 0.0 0.1502277394815809 0.0 0.17101136742785802 0.0 0.17482693017340709 0.0 0.17553106493197387 0.0 0.5472990600023383 0.0 0.5414339967979689
0 0.845052 0.233887 0.104167 0.073242 0.0 0.1891893061243908 0.0 0.18190305922326905 0.0 0.27100193407433426 0.0 0.24885779208903178 0.0 0.2551942089797169 0.0 0.260492350996657 0.0
0 0.065755 0.282227 0.128906 0.158203 0.0 0.0 0.18444592342109234 0.0 0.2120698946579458 0.0 0.15697204731802467 0.0 0.15834080787397156 0.0 0.5511826581325383 0.0 0.5451865027279739
0 0.939453 0.352539 0.121094 0.126953 0.0 0.13062272705542197 0.0 0.2491444132730315 0.0 0.28321250606072773 0.0 0.24264646056115524 0.0 0.25123619024668514 0.0 0.24940260825442048 0.0
0 0.970052 0.041016 0.059896 0.080078 0.3660052244053322 0.0 0.0 0.0 0.0 0.0 0.0 0.0 0.0 0.0 0.0 0.0 0.0
