0 0.429688 0.251953 0.091146 0.087891 0.2543914981234315 0.0 0.0 0.0 0.0 0.0 0.0 0.0 0.0 0.0 0.0 0.0 0.0
0 0.423177 0.584961 0.106771 0.083984 0.0 0.22404963063921254 0.0 0.27184219020359524 0.0 0.252253975443349 0.0 0.26323733296844093 0.0 0.2453335407659602 0.0 0.265644266863775 0.0
0 0.650391 0.401855 0.102865 0.100586 0.0 0.1790138263572262 0.0 0.2116447051191843 0.0 0.16929210694336844 0.0 0.15033485884308628 0.0 0.622093453791052 0.0 0.5446630345011227 0.0
0 0.537760 0.630371 0.119792 0.084961 0.008240218310694691 0.0661944914928598 0.0 0.17566166430424 0.0 0.2676797508839562 0.0 0.2825796266096841 0.0 0.2472423509660064 0.0 0.2647338026474125 0.0
0 0.341146 0.232910 0.093750 0.086914 0.29838063058567005 0.0 0.0 0.0 0.0 0.0 0.0 0.0 0.0 0.0 0.0 0.0 0.0
0 0.643229 0.652344 0.117188 0.083984 0.01658858757495552 0.04988500093524104 0.0 0.16922289439842603 0.0 0.27957683097430114 0.0 0.2830916017214819 0.0 0.2851184060984044 0.0 0.2467562135150034 0.0
0 0.240885 0.458496 0.093750 0.079102 0.0 0.22588765403090222 0.0 0.21788767120081046 0.0 0.17859906360894867 0.0 0.18062401386663451 0.0 0.25123839108541784 0.0 0.2519126268834094 0.0
0 0.333984 0.553223 0.115885 0.102539 0.0 0.1732559960974798 0.0 0.20515686626241125 0.0 0.2704546743288204 0.0 0.27035209698052215 0.0 0.25528019347226816 0.0 0.26065223338139465 0.0
0 0.849609 0.733887 0.108073 0.081055 0.0 0.16477512509019376 0.0 0.1584291414341144 0.0 0.27100193407433426 0.0 0.24885779208903178 0.0 0.2551942089797169 0.0 0.260492350996657 0.0
0 0.526042 0.942383 0.148438 0.115234 0.03185482152248186 0.0 0.2216042473063629 0.0 0.1870625246335763 0.0 0.1623946378408976 0.0 0.16132288120493532 0.0 0.5474051176619504 0.0 0.5472188634610063
0 0.149740 0.434570 0.109375 0.085938 0.0 0.18207133036305018 0.0 0.12107123613073992 0.0 0.17030177345626502 0.0 0.1585369178159488 0.0 0.24370355406603214 0.0 0.2682316184123667 0.0
0 0.778646 0.025879 0.138021 0.049805 0.0 0.2632883174346151 0.0 0.13664203562948937 0.0 0.35955666520155966 0.0 0.3637198325730187 0.0 0.10732679856468919 0.0 0.11701282389909061 0.0
0 0.838542 0.408203 0.117188 0.111328 0.0 0.17014709103078354 0.0 0.17396392232604224 0.0 0.15136181588720138 0.0 0.16729116619672948 0.0 0.6094884155687843 0.0 0.6058183474906842 0.0
0 0.515625 0.251953 0.091146 0.087891 0.3859432356927902 0.0 0.0 0.0 0.0 0.0 0.0 0.0 0.0 0.0 0.0 0.0 0.0
0 0.220052 0.084473 0.104167 0.092773 0.31707801479421893 0.0 0.0 0.0 0.0 0.0 0.0 0.0 0.0 0.0 0.0 0.0 0.0
0 0.127604 0.099609 0.088542 0.085938 0.3656710600094255 0.0 0.0 0.0 0.0 0.0 0.0 0.0 0.0 0.0 0.0 0.0 0.0
0 0.046875 0.093750 0.091146 0.115234 0.34383124294345185 0.0 0.0 0.0 0.0 0.0 0.0 0.0 0.0 0.0 0.0 0.0 0.0
0 0.047526 0.386719 0.092448 0.140625 0.0 0.1555655682327559 0.0 0.11829221679253143 0.0 0.19724129063199716 0.0 0.19381712253922426 0.0 0.24335893307690953 0.0 0.25425985933717954 0.0
0 0.758464 0.715332 0.108073 0.081055 0.02319119024567201 0.13474524514393085 0.0 0.19105126903808828 0.0 0.2670914868482847 0.0 0.262576440019649 0.0 0.23688116413304722 0.0 0.2445005814871021 0.0
0 0.059896 0.780762 0.117188 0.157227 0.0 0.0 0.20415070530210344 0.0 0.23472580886985056 0.0 0.15697204731802467 0.0 0.15834080787397156 0.0 0.5511826581325383 0.0 0.5451865027279739
0 0.935547 0.848145 0.128906 0.112305 0.0 0.13871135442249022 0.0 0.2645723281924418 0.0 0.28321250606072773 0.0 0.24264646056115524 0.0 0.25123619024668514 0.0 0.24940260825442048 0.0
0 0.972656 0.535645 0.054688 0.084961 0.37782476914529634 0.0 0.0 0.0 0.0 0.0 0.0 0.0 0.0 0.0 0.0 0.0 0.0
0 0.920573 0.168945 0.158854 0.138672 0.3211992484235914 0.0 0.0 0.0 0.0 0.0 0.0 0.0 0.0 0.0 0.0 0.0 0.0
