0 0.088867 0.493652 0.080078 0.122070 0.0 0.047730367875122845 0.1668022273510769 0.0 0.14759284151657548 0.17400253880085195 0.1929463559890186 0.0 0.1932262427873723 0.4374282853860944 0.39279362589232136 0.0 0.3975159510166785
0 0.916992 0.602539 0.123047 0.074219 0.0 0.2070509118159351 0.0 0.18750753057457387 0.0 0.2855536279546119 0.0 0.29460643726762004 0.0 0.47283940113802553 0.0 0.4722225794009028 0.0
0 0.295898 0.510254 0.080078 0.108398 0.0 0.14936570372405927 0.0 0.15955513860309542 0.0 0.23643185265980102 0.0 0.23767154333814916 0.0 0.43394025955895044 0.0 0.42212708817038 0.0
0 0.403320 0.753906 0.123047 0.111328 0.0 0.2047802947273975 0.0 0.17187359216869427 0.0 0.23736350683770932 0.0 0.17182568099158185 0.0 0.42241401177059085 0.0 0.4166910923919482 0.0
0 0.370605 0.337891 0.104492 0.117188 0.0 0.15531927981339205 0.0 0.14307901765073924 0.0 0.19437403283646615 0.0 0.29383618347033374 0.0 0.3297519228270972 0.0 0.3560961982391475 0.0
0 0.374512 0.515625 0.081055 0.099609 0.0 0.14332675620523813 0.0 0.144855502861816 0.0 0.23836047884168005 0.0 0.25382564992333045 0.0 0.43075306561925025 0.0 0.4219258252628366 0.0
0 0.062012 0.716309 0.122070 0.125977 0.24991994731808653 0.0 0.0 0.0 0.0 0.0 0.0 0.0 0.0 0.0 0.0 0.0 0.0
0 0.454590 0.521484 0.086914 0.091797 0.0 0.100212379061792 0.04486910049245793 0.0743185972449513 0.040568461512629585 0.26370301533313373 0.2201784961929131 0.1328017538491829 0.1223515078956376 0.42686559077204844 0.3639155386496384 0.39182712823319366 0.3405954312035157
0 0.534668 0.372070 0.131836 0.117188 0.0 0.21190804137289926 0.0 0.21221471785084572 0.0 0.2952992694485696 0.0 0.307839995406627 0.0 0.4167692398765292 0.0 0.4226550617932219 0.0
0 0.423828 0.974609 0.158203 0.050781 0.0 0.37234410296003734 0.0 0.0 0.0 0.20732180352425691 0.0 0.0 0.0 0.43305998270062407 0.0 0.0 0.0
0 0.122559 0.186035 0.108398 0.094727 0.0 0.0 0.15110638662735934 0.0 0.1496669823757948 0.0 0.25199364827573345 0.0 0.28313796067278096 0.0 0.40007119473614094 0.0 0.4000709034455035
0 0.288574 0.100586 0.090820 0.083984 0.0 0.0 0.15602284309982697 0.07416287944305172 0.1815334090232805 0.0 0.3404344881971723 0.30416395006164637 0.3250471444933782 0.0 0.40709207671006 0.43464606600910544 0.3817779809131167
0 0.269043 0.276855 0.104492 0.088867 0.0 0.0 0.15968646786836396 0.0 0.17186778250443713 0.0 0.14412028943176425 0.0 0.17280298084729298 0.0 0.39273766170843893 0.0 0.4076961047863004
0 0.111816 0.328613 0.081055 0.098633 0.11554467066614045 0.0 0.12235701173530426 0.07730531682231258 0.0 0.0 0.3047220039091005 0.3320011109905016 0.0 0.0 0.3753769755318735 0.4354926300112336 0.0
0 0.282227 0.188965 0.103516 0.088867 0.0 0.0 0.20164247275011685 0.0 0.19651281662826847 0.0 0.3410024662634202 0.0 0.33393976420962673 0.0 0.3552784798529419 0.0 0.40778126999326314
0 0.788086 0.374023 0.097656 0.087891 0.0 0.0 0.14065030405353107 0.08891776343148217 0.13096508787358022 0.0 0.3420503320946826 0.3830669796193186 0.3560444135139258 0.0 0.189285986164928 0.1898985314422046 0.21281078805958106
0 0.262695 0.358887 0.109375 0.075195 0.0 0.059734607799258356 0.012526041832460663 0.1557715823957367 0.06672284779522916 0.32546409795924214 0.1938721789049176 0.3179568089511005 0.30261683866968336 0.5802805405681872 0.4328056045010423 0.5079859494381496 0.3839435267890642
0 0.634766 0.654785 0.111328 0.081055 0.0 0.0 0.14446946101552147 0.0 0.21064595674574016 0.0 0.24448090326726152 0.0 0.21303677554685227 0.0 0.18513161846600623 0.0 0.1808477794736449
0 0.025391 0.951172 0.048828 0.097656 0.0 0.18270262519997538 0.0 0.17963434880277293 0.0 0.2560229411852651 0.0 0.25342021055826236 0.0 0.4331516003827864 0.0 0.43041908960475694 0.0
0 0.895996 0.162598 0.083008 0.088867 0.0 0.0 0.19136271655345446 0.0 0.10997484931766414 0.0 0.3266724207157092 0.0 0.30582634341405307 0.0 0.206703723707958 0.0 0.099075085128455
0 0.934570 0.087891 0.068359 0.078125 0.0 0.0 0.16756552228475846 0.0 0.1858500816893391 0.0 0.29040372118837915 0.0 0.2835323270419227 0.0 0.19393374016764509 0.0 0.19532125388886484
0 0.663086 0.552734 0.169922 0.126953 0.04787534194924256 0.13811119022230195 0.10337180296809577 0.0 0.03985923004014345 0.24966648786759266 0.2327343138147927 0.0 0.23774463439846039 0.4186565729261853 0.18542918704084677 0.0 0.18493199197125565
0 0.099609 0.957520 0.099609 0.084961 0.0 0.16547665783427537 0.0 0.12999654951532844 0.0 0.29899873773342933 0.0 0.10430598257135125 0.0 0.43134054902131447 0.0 0.4184558614914983 0.0
0 0.418945 0.047852 0.109375 0.093750 0.047138068683757854 0.18918497566319392 0.0 0.17674028855905277 0.0 0.2712284598044898 0.0 0.21855482108442126 0.0 0.44918704240817564 0.0 0.43987802676060694 0.0
0 0.134277 0.107422 0.102539 0.062500 0.0 0.0 0.15315482686619145 0.0 0.21839080390084184 0.0 0.25864765544177165 0.0 0.2244619512035664 0.0 0.3855738313484027 0.0 0.39272647058868415
0 0.814453 0.609863 0.089844 0.104492 0.0 0.09584933417844849 0.0654272884722705 0.06718064575883462 0.12056439147826058 0.24439226808776193 0.29740755982734196 0.2972964766900908 0.2239624364860317 0.521220666668857 0.23531891323388138 0.4746307534298735 0.15976253015987066
0 0.957031 0.476562 0.074219 0.066406 0.0 0.0935538903918339 0.0 0.23198316174493203 0.0 0.4158908191166236 0.0 0.35878786105975446 0.0 0.49746429015574056 0.0 0.47261167251062186 0.0
0 0.502930 0.067871 0.074219 0.127930 0.0 0.0816673170820221 0.0 0.12463775550285472 0.06601331685722733 0.358542957228055 0.0 0.2554487647839744 0.342381729501188 0.4377643306932591 0.0 0.4340814056325121 0.42265924338932953
0 0.025879 0.484863 0.049805 0.108398 0.0 0.19803332476914173 0.0 0.16173954785315597 0.0 0.20545280084894324 0.0 0.2535937100150872 0.0 0.41908194192949555 0.0 0.4175207327031324 0.0
0 0.602051 0.717773 0.096680 0.080078 0.0 0.0 0.0 0.18975573618301506 0.0919151409530597 0.0 0.0 0.17370328656804473 0.1781672650198127 0.0 0.0 0.9864335987382851 0.031699974207707426
0 0.538086 0.521973 0.080078 0.065430 0.05988415504792883 0.16587266693462216 0.0 0.0 0.0 0.2634996488038037 0.0 0.0 0.0 0.42635032568026 0.0 0.0 0.0
0 0.121094 0.257324 0.095703 0.049805 0.0 0.0 0.11505998551462246 0.03227707637513837 0.07488434302319046 0.0 0.2810291787231137 0.4316356633865121 0.2910127417624377 0.0 0.41004942529781563 0.43970245505166633 0.3821217671013408
0 0.633789 0.397949 0.058594 0.084961 0.0 0.1415260887144668 0.0 0.11527823085739931 0.0 0.16086559346813603 0.0 0.23314389933156623 0.0 0.39660257511513114 0.0 0.3535141192990535 0.0
0 0.892578 0.767090 0.119141 0.098633 0.0 0.18279779812858787 0.0 0.21799090690941436 0.0 0.2877083870863559 0.0 0.3144843727739954 0.0 0.4238793150205309 0.0 0.420006314433091 0.0
0 0.206543 0.540527 0.092773 0.083008 0.05044289088524554 0.0 0.08596414704331319 0.0 0.19539032056779576 0.0 0.3501647726153759 0.0 0.3246555834009709 0.0 0.40578151519031597 0.0 0.4021201056451935
0 0.443848 0.373047 0.053711 0.083984 0.0 0.1875006443908839 0.0 0.14723533518286047 0.0 0.2322994767626853 0.0 0.25100468512974056 0.0 0.33536393381769536 0.0 0.3700891670308958 0.0
0 0.974121 0.261230 0.051758 0.075195 0.0 0.0 0.06452335205258684 0.0 0.1994796013691496 0.0 0.27571707974622095 0.0 0.24281797989826429 0.0 0.18950001773166983 0.0 0.17860975415560398
0 0.977051 0.766113 0.045898 0.112305 0.0 0.12480628650390857 0.0 0.09384001242184595 0.0 0.2602236511574549 0.0 0.26602358261447934 0.0 0.4272475848642273 0.0 0.42876792931840174 0.0
0 0.873535 0.476074 0.083008 0.059570 0.0 0.0 0.07668524443975076 0.06837357922898879 0.12020634961004381 0.0 0.1940144958588533 0.2712135221129821 0.2790043716129348 0.0 0.22497085969334307 0.4834226630724615 0.2714254790900442
0 0.164062 0.038574 0.070312 0.075195 0.0 0.04352018114755078 0.08798662320384947 0.2771922889132913 0.0 0.20523254072310707 0.2982798352575056 0.17851805029739332 0.0 0.4658751125873083 0.374804586706679 0.44274325527015573 0.0
0 0.311523 0.030762 0.103516 0.059570 0.0 0.11484995301190468 0.02607861185655593 0.11516675158563772 0.11771844456597201 0.36457972728545174 0.3166896317726893 0.37340511390355124 0.29297869935369986 0.42895437324682273 0.42613439272714876 0.42629914006730085 0.3982133892219278
0 0.938965 0.360352 0.084961 0.062500 0.0 0.0 0.14831911666433192 0.0 0.22815643240707265 0.0 0.23553403873364478 0.0 0.25665178122569493 0.0 0.1850967275829962 0.0 0.19244119078884284
0 0.968750 0.026367 0.062500 0.050781 0.0 0.0 0.15232877499586708 0.0 0.23346378869263387 0.0 0.24038131529606055 0.0 0.2481603483908702 0.0 0.1771071707196168 0.0 0.14652653424027542
0 0.547852 0.980469 0.087891 0.039062 0.24148431215060526 0.0 0.0 0.0 0.0 0.0 0.0 0.0 0.0 0.0 0.0 0.0 0.0
0 0.020996 0.147949 0.040039 0.065430 0.0 0.0 0.297092085967092 0.0 0.0 0.0 0.25258175794610904 0.0 0.0 0.0 0.42774061131740254 0.0 0.0
0 0.853027 0.217773 0.059570 0.052734 0.0 0.0 0.20931542303660108 0.0 0.19457255463041437 0.0 0.32085149884745046 0.0 0.3190382608844322 0.0 0.1895505421587801 0.0 0.20044495824024547
0 0.036133 0.329590 0.070312 0.086914 0.0 0.20738664856487132 0.0 0.1973907243414928 0.0 0.3173104227906784 0.0 0.3199937460038696 0.0 0.4294852307273143 0.0 0.4340469825279045 0.0
0 0.835449 0.259277 0.071289 0.059570 0.0 0.0 0.2925856207787399 0.0 0.15165070364881544 0.0 0.35896923068489783 0.0 0.3977699945628739 0.0 0.15996267493847224 0.0 0.19279332498605237
0 0.266113 0.964355 0.161133 0.071289 0.32172496349634844 0.005105791860016039 0.0 0.0 0.0 0.10861329269732894 0.0 0.0 0.0 0.4219859865826035 0.0 0.0 0.0
0 0.040527 0.020996 0.079102 0.040039 0.0 0.0 0.0 0.4019863681538221 0.0 0.0 0.0 0.2523023428202494 0.0 0.0 0.0 0.43705530140234145 0.0
0 0.219238 0.479004 0.077148 0.059570 0.0 0.16235965788453094 0.012546850858376016 0.0 0.06805965766062558 0.31020496519103435 0.49779601336560947 0.0 0.32805265335130784 0.5050802594195634 0.6883280470748538 0.0 0.3641405424546163
0 0.726074 0.427734 0.141602 0.070312 0.12103685263275689 0.0 0.0 0.15746318338830867 0.0 0.0 0.0 0.17824072358378715 0.0 0.0 0.0 0.29132929763063636 0.0
0 0.631836 0.981934 0.083984 0.036133 0.0 0.30942716682147176 0.0 0.0 0.0 0.23397918793423517 0.0 0.0 0.0 0.42768980166749027 0.0 0.0 0.0
0 0.208984 0.517578 0.091797 0.126953 0.02545973031908558 0.11853968863202083 0.06814133794459327 0.0 0.13036693436282432 0.30176140845153165 0.3463764209816032 0.0 0.3327193705247854 0.4700269569107866 0.40725627635498163 0.0 0.38237422538055904
0 0.025391 0.077637 0.048828 0.075195 0.0 0.0 0.23382069921800633 0.0 0.06177768976836513 0.0 0.2626605804897978 0.0 0.2972399904065733 0.0 0.42124953629649375 0.0 0.43507106314907684
0 0.901367 0.439453 0.083984 0.050781 0.0 0.0 0.13330578823811906 0.0 0.12311797219343361 0.0 0.2734336615880539 0.0 0.23279322385794304 0.0 0.21706990556169659 0.0 0.1821113644700972
0 0.146484 0.038086 0.109375 0.074219 0.0 0.0442136258786963 0.05505909566023723 0.28261372465630846 0.0 0.21176215504447238 0.29864406811309857 0.17937178119094835 0.0 0.43570200353960065 0.3747057292048169 0.4496468547495449 0.0
0 0.823730 0.316406 0.065430 0.050781 0.0 0.0 0.11994216329306481 0.0 0.10535493802236091 0.0 0.16564678662325172 0.0 0.15360635046008012 0.0 0.19897109954426798 0.0 0.1935200571137418
0 0.104980 0.026855 0.045898 0.051758 0.0 0.05585783820452698 0.0 0.24958815006783294 0.0 0.23770192107126778 0.0 0.18488291101679216 0.0 0.5895422900265868 0.0 0.4106303619774331 0.0
0 0.733398 0.268066 0.082031 0.061523 0.0 0.0 0.0 0.27041937541586136 0.0 0.0 0.0 0.19049736978592094 0.0 0.0 0.0 0.16473338246420957 0.0
0 0.189941 0.609863 0.065430 0.055664 0.0 0.0 0.0 0.0 0.3436238819347147 0.0 0.0 0.0 0.23131314071556952 0.0 0.0 0.0 0.419648799567151
0 0.720215 0.989746 0.088867 0.020508 0.0 0.4320867106569289 0.0 0.0 0.0 0.14437108334638638 0.0 0.0 0.0 0.42034514747099394 0.0 0.0 0.0
0 0.773438 0.736816 0.111328 0.151367 0.0 0.06069043057959632 0.0722009072295185 0.08548934210698877 0.08632954047881815 0.29803379955003795 0.28695886886241484 0.30386656247681654 0.3040534311622263 0.2919424724421659 0.37511611465310446 0.4228910068835502 0.19971792254859289
0 0.231445 0.724609 0.185547 0.150391 0.1453539286909572 0.06520351912942025 0.014577935958956508 0.08167604391809313 0.02422862627939236 0.2832033974119884 0.1673635752015245 0.2356538868575277 0.1660006964779104 0.4298053771566106 0.4620140165319863 0.41465794416348406 0.3809108424952945
0 0.656250 0.053223 0.156250 0.104492 0.14063943396069115 0.06539025873838321 0.0 0.04914246772312504 0.024508329814200144 0.26343435243689767 0.0 0.2531069869099848 0.2765024600328876 0.7800249582206165 0.0 0.7787844627748159 0.4358704988459313
0 0.394531 0.043457 0.058594 0.084961 0.07064791215489874 0.15931147455267855 0.0 0.11130887695371426 0.0 0.3082568736249059 0.0 0.19615013290708955 0.0 0.4577168310786819 0.0 0.4273635665340565 0.0
0 0.067383 0.601562 0.091797 0.093750 0.0 0.0 0.11724251808595354 0.0 0.11622755814045513 0.0 0.22426869586015602 0.0 0.21448905230382206 0.0 0.39462710479764695 0.0 0.4093472046969746
0 0.556152 0.066406 0.053711 0.121094 0.018845876838912954 0.0310971797675312 0.008423620339981551 0.0995297275362371 0.0 0.22158532347632529 0.17132374687635005 0.1912977722697395 0.0 0.47420984064949323 0.4596310633729685 0.4409415196390571 0.0
0 0.945312 0.310547 0.068359 0.048828 0.0 0.0 0.10625651376971644 0.0 0.17314971467905432 0.0 0.3893997119331106 0.0 0.3544569762423705 0.0 0.18172836287556166 0.0 0.186029009196035
0 0.987793 0.604004 0.024414 0.079102 0.0 0.07079209900204209 0.0 0.10814806712595437 0.0 0.2782452574442653 0.0 0.28086758065965534 0.0 0.5276146344238783 0.0 0.5932108048657211 0.0
0 0.169922 0.958984 0.037109 0.082031 0.0 0.17140566886142813 0.0 0.08327121558701064 0.0 0.29325992577953547 0.0 0.16881047804879587 0.0 0.426225257327458 0.0 0.3138385369933297 0.0
0 0.531738 0.755859 0.120117 0.121094 0.10502807801589796 0.05245080655267796 0.0623065161046454 0.01240209655624831 0.0 0.20679149361353355 0.2471745763089081 0.3342494095011954 0.0 0.859604867726734 0.007497638659559524 0.42178899669763914 0.0
0 0.659180 0.314941 0.082031 0.061523 0.0 0.0 0.0 0.327249993500259 0.0 0.0 0.0 0.19938878640645313 0.0 0.0 0.0 0.8788641146988557 0.0
