0 0.566406 0.252930 0.232422 0.130859 0.0047020087544235945 0.19800824273002687 0.07368668157147946 0.08149335036169075 0.03509283341117201 0.15699333971271984 0.33289542374066805 0.12862437285066236 0.3351722054839434 0.535537800105426 0.6846791118095458 0.5399531637224546 0.7027849881473294
0 0.768555 0.231934 0.128906 0.118164 0.0 0.20848609076940744 0.0 0.11845385914780203 0.034032526565874875 0.2980948364212343 0.0 0.34474065818115085 0.4273289720737665 0.56719732615689 0.0 0.5621043778926953 0.5522295691098589
0 0.486816 0.077637 0.071289 0.147461 0.0 0.16683636094668827 0.0 0.11049198105457268 0.0 0.2736056413864899 0.0 0.26304489956385124 0.0 0.5243600492843672 0.0 0.5392554978442325 0.0
0 0.870117 0.224609 0.083984 0.123047 0.0 0.08891992291911532 0.0 0.15402557892882926 0.0 0.2823529868366321 0.0 0.2762448099399183 0.0 0.5603027055357068 0.0 0.5601035878118258 0.0
0 0.286133 0.235352 0.177734 0.076172 0.0 0.19137143160963943 0.04587065186246652 0.1250081194169183 0.0 0.41398101258166875 0.32720490377280936 0.32777717539976303 0.0 0.5377520770810019 0.44043391550513195 0.5669284648900275 0.0
0 0.028809 0.072266 0.055664 0.142578 0.18367786313756612 0.0 0.0 0.0 0.0 0.0 0.0 0.0 0.0 0.0 0.0 0.0 0.0
0 0.495117 0.373535 0.082031 0.065430 0.0 0.0 0.10367151305933767 0.0 0.13326205925880216 0.0 0.398329286499428 0.0 0.38523031084657094 0.0 0.6378500747371839 0.0 0.5652790978823725
0 0.038574 0.572754 0.075195 0.127930 0.0 0.057843815461459724 0.0 0.10841403674781279 0.0 0.3177866471672709 0.0 0.2983540234795852 0.0 0.31603456499889226 0.0 0.3452872323347644 0.0
0 0.426270 0.110352 0.059570 0.093750 0.0 0.20196652205487955 0.0 0.14816825912317805 0.0 0.16078529776717423 0.0 0.3216823392793603 0.0 0.521665615547788 0.0 0.5267061966995263 0.0
0 0.128418 0.273438 0.147461 0.111328 0.0 0.15043171153302223 0.0 0.1680238182454698 0.014730730025386617 0.1472911161560479 0.0 0.14191962735851546 0.21174790235687102 0.4812995770079665 0.0 0.22972585465186046 0.31909050471073974
0 0.650391 0.350586 0.085938 0.093750 0.0 0.016534918014240153 0.14390447154994546 0.009769308306845517 0.14488880926801653 0.3142247385583339 0.4079235563101262 0.29787759399351066 0.356041634827847 0.694272084973088 0.5516420215565301 0.6554015745334564 0.6237619290226369
0 0.951660 0.362793 0.090820 0.204102 0.1747182602900893 0.0 0.0 0.0 0.13716524374796485 0.0 0.0 0.0 0.06760746006872947 0.0 0.0 0.0 0.5493148208443108
0 0.199219 0.098145 0.109375 0.143555 0.0 0.013252669690078659 0.013845185950075356 0.11117318707449074 0.08260481034330071 0.2446142543303214 0.20773949738431835 0.21515984863062418 0.24750488914034552 0.6915593615077313 0.5201574274048644 0.5292507011380099 0.46379275622220806
0 0.613770 0.464355 0.172852 0.118164 0.0 0.1320858545212281 0.04808338146659384 0.1274062614542126 0.020161015612220338 0.3132417416781925 0.3676709251982445 0.2952512524101871 0.41760197068401966 0.7922039444206571 0.4796678384796616 0.8225041257435787 0.43874008898922595
0 0.102051 0.078125 0.077148 0.154297 0.0 0.0 0.32900339392510897 0.054085934604839556 0.0 0.0 0.17184104989337903 0.20487689607216225 0.0 0.0 0.4552740335263612 0.4874032819591826 0.0
0 0.739258 0.397461 0.076172 0.203125 0.0 0.02114947006471514 0.05348370816558627 0.01487634799880113 0.08540557467589058 0.23801760631571445 0.4130923058231461 0.2876214671097348 0.4339208825078109 0.5976009893541969 0.551075173797448 0.6004053713625237 0.4879906563267126
0 0.592773 0.074707 0.148438 0.147461 0.0 0.19959599788155885 0.0 0.23560798425554955 0.0 0.28072269932935634 0.0 0.25510524201546436 0.0 0.5226703363746968 0.0 0.5257478121776527 0.0
0 0.234375 0.633789 0.171875 0.066406 0.0 0.0 0.0 0.17877399451887585 0.0 0.0 0.0 0.21348768652276667 0.0 0.0 0.0 0.49114630066227516 0.0
0 0.832031 0.075684 0.195312 0.098633 0.0 0.16425076706015995 0.0 0.2028983571620154 0.0 0.3920710191319298 0.0 0.37337219001027244 0.0 0.6146322310327209 0.0 0.6136346641948655 0.0
0 0.309082 0.425781 0.112305 0.089844 0.0 0.09172514575207687 0.022502287821137886 0.0715067943871429 0.016403794521578818 0.17549816804536775 0.20780258148231978 0.1255962361988186 0.1943662488138127 0.40911798607729016 0.4313559964566328 0.4878341151138291 0.4232753264524648
0 0.840332 0.648438 0.282227 0.187500 0.0 0.12542389348779517 0.036721601242453855 0.12381368280623947 0.03668636172476804 0.37588164123239365 0.26033355928831914 0.37218317141143675 0.25505220251922833 0.6681731669952176 0.6794591109424957 0.6692155554745389 0.6570929618272979
0 0.298340 0.103516 0.084961 0.134766 0.0 0.15332106967550022 0.0 0.1697113831526143 0.0 0.2538644499516204 0.0 0.2537770686743802 0.0 0.5396532981819705 0.0 0.5273547280163844 0.0
0 0.942871 0.208496 0.065430 0.106445 0.0 0.15055526931178523 0.0 0.2057250654527724 0.0 0.2109575044356612 0.0 0.14087928104840228 0.0 0.5562605995848933 0.0 0.5205879837146615 0.0
0 0.124023 0.911621 0.087891 0.149414 0.0 0.0 0.1728961440261635 0.05538269178429811 0.14706028689247724 0.0 0.3192032162656797 0.31875325462158377 0.32167994168317854 0.0 0.6636187373329664 0.6617104684878162 0.6616298444280744
0 0.032227 0.947266 0.062500 0.085938 0.0 0.0791512800086162 0.1506420358091789 0.06291389395716555 0.01489057743519535 0.21545676648150142 0.2575047982117779 0.3031582791655382 0.29436791799692 0.2943966109579405 0.5776630604453136 0.09352601034498327 0.06975338658555345
0 0.370605 0.579102 0.096680 0.160156 0.0 0.1444636217928796 0.0 0.18117590925648241 0.0 0.21183214142744258 0.0 0.18118854469431606 0.0 0.6621366520561043 0.0 0.725111471785487 0.0
0 0.280273 0.321777 0.171875 0.098633 0.005027926677771087 0.12502031430018548 0.04784445788826415 0.194859366085617 0.0 0.22953687682919674 0.39235295833147416 0.3169113282940801 0.0 0.35989800694174945 0.45092956351547503 0.4060672643749292 0.0
0 0.109375 0.591797 0.083984 0.115234 0.0 0.08540922171296364 0.0 0.074127991128881 0.0 0.17748946017150113 0.0 0.2512331638072594 0.0 0.41177720639414855 0.0 0.4479606091041559 0.0
0 0.495605 0.439941 0.090820 0.057617 0.0 0.0 0.04853722051619775 0.0 0.1616241548600866 0.0 0.4734133223836993 0.0 0.395731014193034 0.0 0.7574659539293909 0.0 0.7006491973365419
0 0.474121 0.532715 0.131836 0.124023 0.0 0.11505111161556551 0.0 0.15852693559042447 0.0 0.19982847891220412 0.0 0.20104622863150462 0.0 0.8769483781827285 0.0 0.864739957184069 0.0
0 0.704590 0.090332 0.065430 0.092773 0.0 0.19498310997816004 0.0 0.10283090451629683 0.0 0.3499325527255801 0.0 0.39349727655346556 0.0 0.6193625164879086 0.0 0.6079909547746746 0.0
0 0.988770 0.238770 0.022461 0.065430 0.0 0.0 0.0 0.3408839681187759 0.0 0.0 0.0 0.17644115313132505 0.0 0.0 0.0 0.5790981921116497 0.0
0 0.054688 0.435547 0.107422 0.076172 0.0 0.20352847253474682 0.0 0.12199993389363088 0.023330152087361236 0.36044831307664144 0.0 0.3296415270177623 0.41107069643369787 0.3076307096027664 0.0 0.2588043636469428 0.3029577681896114
0 0.986328 0.091309 0.027344 0.100586 0.0 0.08350439976691314 0.0 0.10118225053657995 0.0 0.26070438836749843 0.0 0.31131090498342173 0.0 0.8098247700054191 0.0 0.5394441463302665 0.0
0 0.315918 0.323730 0.100586 0.096680 0.0 0.10916513199015583 0.07923846888169031 0.1429354736375873 0.0 0.3074070406577905 0.39160603103084696 0.30522918926898973 0.0 0.423212016108778 0.4550001696124757 0.4131302871046488 0.0
0 0.204590 0.486328 0.104492 0.238281 0.002603702668396035 0.0 0.19431455707136983 0.0 0.18978938893824154 0.0 0.16551325362004082 0.0 0.16439140311079595 0.0 0.42364966477083627 0.0 0.42934083799939915
0 0.059570 0.842285 0.117188 0.073242 0.0 0.27740672982604037 0.0 0.1508459634526413 0.0 0.3214327717171736 0.0 0.32603284430888646 0.0 0.5116725934461147 0.0 0.5091953799610621 0.0
0 0.074219 0.353516 0.146484 0.111328 0.0 0.12461275711124789 0.0519186257368634 0.0 0.18484887423702728 0.2210557496344105 0.21585961449240582 0.0 0.214304057858111 0.21047295024145016 0.3379273708494048 0.0 0.2782241168687193
0 0.367676 0.111328 0.059570 0.093750 0.0 0.1959133815991985 0.0 0.08563909081046181 0.0 0.12093049496912128 0.0 0.42307079594782543 0.0 0.5766733788293842 0.0 0.5345702916375672 0.0
