0 0.896973 0.190430 0.114258 0.117188 0.3559769906356631 0.0 0.0 0.0 0.0 0.0 0.0 0.0 0.0 0.0 0.0 0.0 0.0
0 0.712891 0.497070 0.144531 0.101562 0.0 0.09901925813393399 0.0 0.1399747868308677 0.022191799624668815 0.32033099607664944 0.0 0.26161924304491063 0.35950513112789434 0.46186020514127213 0.0 0.45386627083608544 0.4340873367868108
0 0.526855 0.819336 0.090820 0.113281 0.0 0.16580847693113404 0.0 0.1256282596280228 0.0 0.30435898040455933 0.0 0.29714270223139294 0.0 0.02966705441020415 0.0 0.04320443369009897 0.0
0 0.885742 0.497559 0.078125 0.073242 0.0 0.11470074942940457 0.1426839666449447 0.0 0.012113631606608681 0.27516847399340677 0.2795583564418625 0.0 0.25706147612514013 0.45525424431892925 0.4711930653043579 0.0 0.4400744043890834
0 0.072754 0.740234 0.092773 0.083984 0.0 0.13311391045224114 0.0 0.1738365148824001 0.0 0.40209613613087813 0.0 0.3350482397144718 0.0 0.8590932012184443 0.0 0.845757508010266 0.0
0 0.598633 0.894531 0.146484 0.140625 0.0 0.1567162583589337 0.0 0.1935171389622438 0.0 0.23040980473373468 0.0 0.19327524288238085 0.0 0.03557937999225334 0.0 0.045719612906460975 0.0
0 0.425781 0.716309 0.083984 0.081055 0.008978805476991503 0.2616208187143656 0.0 0.08683042881016374 0.0 0.30902508774511017 0.0 0.2275974990030845 0.0 0.04274868805455725 0.0 0.03220388279485809 0.0
0 0.727539 0.782715 0.087891 0.096680 0.0 0.09104979077830613 0.0 0.16410182714077362 0.0 0.32155857405954796 0.0 0.32224678927820577 0.0 0.04717996300607991 0.0 0.03913333738080824 0.0
0 0.862793 0.635254 0.120117 0.077148 0.0 0.0 0.19095007599025035 0.0 0.18066518039709956 0.0 0.3120912938756436 0.0 0.2958165422345876 0.0 0.45882939363507247 0.0 0.45745860186459975
0 0.482422 0.758789 0.085938 0.083984 0.0 0.063305487498302 0.10398126021334375 0.03095764720714252 0.07745017170205136 0.29077407678298406 0.2781725609280727 0.2528826564565213 0.292775863129182 0.05453429330390039 0.5767778455088212 0.04750274762577899 0.048028316044510605
0 0.253418 0.562500 0.084961 0.080078 0.0 0.14033002372270864 0.0 0.13806515788458507 0.0 0.2845488651003852 0.0 0.3242782308133406 0.0 0.9255324244409185 0.0 0.8962992729746797 0.0
0 0.179688 0.432129 0.105469 0.094727 0.02052304542344652 0.037143662571938775 0.12256676493896876 0.1491681316199036 0.05618871585460773 0.3351567540565328 0.3047557893367694 0.36045779188983984 0.30181983517897415 0.9464393299263646 0.004068957447781132 0.9418977676556665 0.003518158346290079
0 0.771973 0.844238 0.067383 0.079102 0.0 0.15201997868553296 0.0 0.17113947550271916 0.0 0.36253938303654226 0.0 0.3007959011279071 0.0 0.048159525969545945 0.0 0.042894343101780426 0.0
0 0.848633 0.759766 0.115234 0.078125 0.0 0.0 0.0 0.0 0.09881599485945532 0.0 0.0 0.0 0.21715914464022326 0.0 0.0 0.0 0.45756469746970746
0 0.459473 0.127930 0.100586 0.099609 0.051814501200733824 0.0 0.1679148349177228 0.0 0.0874480752322728 0.0 0.3252772966413606 0.0 0.3545751723088856 0.0 0.02420241990071443 0.0 0.03985437588897186
0 0.266602 0.132812 0.138672 0.134766 0.0 0.12985578429396855 0.0 0.09471541789566838 0.011417671823678107 0.3228632894670044 0.0 0.3261091087489265 0.35180836539784427 0.08310220458090033 0.0 0.08543382372649072 0.017466467105327232
0 0.693848 0.608398 0.108398 0.056641 0.0 0.0 0.11648066713173827 0.0 0.12077769776414456 0.0 0.335947173560024 0.0 0.35845679626744936 0.0 0.45647396495429826 0.0 0.4289320891230694
0 0.691895 0.948242 0.084961 0.082031 0.0 0.12144977212611699 0.09142284697909019 0.040552394852660704 0.06702371724852688 0.2977077751676007 0.29892504304110684 0.3017830250657621 0.31188079672753855 0.023534933134581982 0.10226616365694557 0.05246261635913307 0.048016562660075965
0 0.363281 0.439453 0.076172 0.064453 0.0 0.14350973452866345 0.0 0.18400953703099016 0.0 0.3609267866436108 0.0 0.14255266271537584 0.0 0.9975186719613327 0.0 0.9822471860685078 0.0
0 0.109863 0.482422 0.112305 0.101562 0.0 0.09597808903798724 0.0 0.2535994092317538 0.0 0.3362161640300775 0.0 0.35611929092200373 0.0 0.9373354075856433 0.0 0.9293271819269625 0.0
0 0.687988 0.664062 0.112305 0.058594 0.0 0.0 0.18799320442957257 0.0 0.1299334395938037 0.0 0.2440748555205235 0.0 0.25986872934287353 0.0 0.450639342260432 0.0 0.4652228824349007
0 0.919434 0.091309 0.083008 0.081055 0.0 0.0 0.13637946978191517 0.0 0.07809926516254734 0.0 0.21816278929405494 0.0 0.26270600010432066 0.0 0.4634134869544937 0.0 0.4770290670024467
0 0.500488 0.353027 0.137695 0.116211 0.030058005217907344 0.03403050867415477 0.055661242911727526 0.0 0.1304056569014814 0.3078858603129128 0.2606714501780302 0.0 0.3230303537662684 0.0063006357501320075 0.020359880002653506 0.0 0.0036105935730578013
0 0.857422 0.696289 0.111328 0.048828 0.0 0.0 0.11145210056467961 0.0 0.20484599160919986 0.0 0.3493787479692399 0.0 0.19843987954447395 0.0 0.4401858278562789 0.0 0.4674126159970134
0 0.479492 0.971191 0.119141 0.057617 0.0 0.2613146996709112 0.0 0.05573270312377684 0.02854775484008021 0.38355470508605116 0.0 0.36799892761979414 0.27698116792472915 0.04187434794980484 0.0 0.24056452058517452 0.0496979780166356
0 0.465820 0.561523 0.082031 0.082031 0.0 0.19256579746557348 0.0 0.22433935248832726 0.0 0.3247804013733361 0.0 0.23534171415374214 0.0 0.013001544617354612 0.0 0.12957521138454145 0.0
0 0.608887 0.029785 0.108398 0.057617 0.0 0.06541764547095846 0.24550344203303348 0.0 0.0 0.3096066365104021 0.3187635402946928 0.0 0.0 0.9855594660705849 0.010744480778588342 0.0 0.0
0 0.815918 0.510254 0.063477 0.098633 0.0 0.214301941144186 0.0 0.1368718014483517 0.0 0.27152779661973003 0.0 0.2621403764207815 0.0 0.46637887698409203 0.0 0.45510840207057424 0.0
0 0.977051 0.942871 0.045898 0.059570 0.0 0.0 0.0 0.0 0.2676888732956391 0.0 0.0 0.0 0.2414134784568046 0.0 0.0 0.0 0.45500034089132146
0 0.669922 0.740723 0.080078 0.084961 0.0 0.043592735336455114 0.12417656526382141 0.11869033841721485 0.13018183803897265 0.33219673229882823 0.2602192716363592 0.39936820342755947 0.3669791906123826 0.038596236603152555 0.47008758641944576 0.0442590148979491 0.46070795052574737
0 0.373047 0.666992 0.099609 0.101562 0.09343115126254675 0.019607646961225075 0.0 0.0 0.0 0.21612923011393168 0.0 0.0 0.0 0.21351694728909237 0.0 0.0 0.0
0 0.307129 0.320801 0.096680 0.116211 0.0 0.0 0.1363784801238971 0.0 0.11263643321723654 0.0 0.37052340751542057 0.0 0.3701931843539314 0.0 0.012575768331555538 0.0 0.009817869490765298
0 0.752930 0.327637 0.070312 0.127930 0.017549485670860537 0.0753849498047769 0.196195878598284 0.1076953946622223 0.14503455435251084 0.2906556586652159 0.32740087012086627 0.3556129346497362 0.3094459692368178 0.5135146498068035 0.4383675425944302 0.464621394235161 0.46496151087746834
0 0.108398 0.299805 0.105469 0.091797 0.0 0.0 0.0 0.2187167167236876 0.10831492053616966 0.0 0.0 0.27507968859745097 0.2703278745529548 0.0 0.0 0.973377881867283 0.002980243003656192
0 0.816406 0.347656 0.044922 0.091797 0.0 0.2385489638853675 0.0 0.11896505025014571 0.0 0.22516722235812428 0.0 0.38246230290216043 0.0 0.47566178708505646 0.0 0.4615425920507082 0.0
0 0.232422 0.388184 0.083984 0.083008 0.01680897076332944 0.0 0.0937660402432379 0.09296594814473343 0.13678356420393267 0.0 0.3671743542776237 0.30757733434308804 0.3503825562840325 0.0 0.014112788567780398 0.9946548318237622 0.021009401910044766
0 0.708008 0.162598 0.085938 0.084961 0.016360091386704443 0.1760461536814427 0.0 0.18967070181527934 0.0 0.27550615688455027 0.0 0.27747258476074954 0.0 0.9872415139901866 0.0 0.9842593597979936 0.0
0 0.529297 0.063477 0.082031 0.080078 0.0 0.050883781992752945 0.0 0.15212062203404067 0.10128208125573794 0.3288588802172693 0.0 0.3290507460588701 0.289301751862337 0.9982598233772696 0.0 0.9917512425165985 0.019797482671389675
0 0.530762 0.617188 0.104492 0.101562 0.0 0.12186529804886526 0.07386132077407777 0.11203391397399728 0.0 0.23636711464266824 0.23536061731532637 0.22284348476036497 0.0 0.031002811738886273 0.0483936977395514 0.044976488324763544 0.0
0 0.408691 0.398926 0.067383 0.067383 0.0 0.0 0.17707848004857749 0.0 0.2452587734970036 0.0 0.2912313797828336 0.0 0.2834351561182075 0.0 0.0263046762362535 0.0 0.00340963422947785
0 0.853516 0.834961 0.101562 0.068359 0.0 0.0 0.20160532529700895 0.0 0.16839624839774572 0.0 0.27809524261336227 0.0 0.28364346728145357 0.0 0.4644783727359355 0.0 0.46375467024151773
0 0.978027 0.986328 0.041992 0.027344 0.0 0.0 0.0 0.0 0.4032550019390471 0.0 0.0 0.0 0.23691569387840009 0.0 0.0 0.0 0.48227875039851853
0 0.979004 0.864258 0.041992 0.101562 0.0 0.0 0.0 0.0 0.3844789273724517 0.0 0.0 0.0 0.23105022580834095 0.0 0.0 0.0 0.46922933507684744
0 0.884766 0.276367 0.101562 0.056641 0.0 0.028644781337644393 0.09182128345168636 0.03477664008859825 0.15177116710650748 0.3745355725137497 0.32477076062311805 0.33203463867373917 0.3154967730088385 0.49671670504525406 0.40412478566684834 0.46064931564440004 0.4691833045938438
0 0.330566 0.033691 0.104492 0.065430 0.2741602635657841 0.033601701700947985 0.0 0.0 0.0 0.09988393787774093 0.0 0.0 0.0 0.4022805872631535 0.0 0.0 0.0
0 0.852051 0.912598 0.096680 0.079102 0.0 0.015162874011172299 0.057596296623070566 0.15741406394232427 0.020644935699862914 0.28016518791533185 0.3876773765707587 0.3051143359997159 0.1289363815213412 0.04332940591598984 0.46116250087818444 0.03306099564470376 0.6158470864214791
0 0.885254 0.347656 0.098633 0.091797 0.033884838516914845 0.02814254789226811 0.0401418031318079 0.05679000090592059 0.030679311557256315 0.2954980861539207 0.3669606717336333 0.3571690973576374 0.2854058025953426 0.4427029369181322 0.4546463581143845 0.4586833230821589 0.4555787820230307
0 0.056152 0.883789 0.077148 0.070312 0.0 0.028719082284619734 0.0 0.11303051232461041 0.008606968473005908 0.08423945558194376 0.0 0.11668106065723399 0.3901354381940837 0.795196477969012 0.0 0.8858296933964166 0.8143955250063767
0 0.983398 0.654297 0.033203 0.085938 0.0 0.0 0.5965768279196695 0.0 0.6348076354426594 0.0 0.29959621939730297 0.0 0.2992278737700236 0.0 0.7168780670507778 0.0 0.7169970274419948
0 0.981445 0.753418 0.037109 0.110352 0.0 0.0 0.0 0.0 0.16183058308180345 0.0 0.0 0.0 0.2212401873453697 0.0 0.0 0.0 0.4453114898806859
0 0.739258 0.973145 0.089844 0.047852 0.0 0.22911619298748218 0.0 0.0 0.06727208778808876 0.27058988432078773 0.0 0.0 0.26169223262600727 0.03894480392379557 0.0 0.0 0.9943751077497148
0 0.130371 0.655762 0.108398 0.094727 0.0 0.10107154092481249 0.0 0.11688432676378537 0.0 0.3992533148461619 0.0 0.215844440873965 0.0 0.9110244955158853 0.0 0.9118114673806771 0.0
0 0.561523 0.436523 0.074219 0.074219 0.0 0.0 0.17103084071276814 0.0 0.06763085341643173 0.0 0.26493270799806967 0.0 0.18759002716575404 0.0 0.46208519065884274 0.0 0.5075052597689026
0 0.311523 0.854492 0.119141 0.150391 0.0 0.06227810790676552 0.10136677853618915 0.0 0.023936135980224982 0.23179101197294816 0.1783005910245713 0.0 0.27826704894182547 0.0629420259929517 0.03193429951651917 0.0 0.015185942832450729
0 0.614746 0.230957 0.124023 0.110352 0.014805227150816717 0.0 0.13748456562438327 0.0 0.2380401885168718 0.0 0.2852376814814449 0.0 0.26350483788992246 0.0 0.005181709100062588 0.0 0.0015779292760618722
0 0.928223 0.022461 0.061523 0.042969 0.0 0.0 0.2843861270043641 0.0 0.0 0.0 0.29909153232315966 0.0 0.0 0.0 0.7249168581944243 0.0 0.0
0 0.558105 0.518066 0.081055 0.092773 0.0 0.0 0.1762463408955727 0.0 0.1310178053399884 0.0 0.21018203595952245 0.0 0.19821308490805872 0.0 0.45978311571617875 0.0 0.457870386380561
0 0.686523 0.357422 0.054688 0.082031 0.0 0.22301605048334466 0.0 0.12169978572872203 0.0 0.2257976270762066 0.0 0.3900496669042556 0.0 0.465363303745502 0.0 0.4584837297764131 0.0
0 0.420898 0.490234 0.076172 0.064453 0.18901015524252443 0.0 0.0 0.0 0.0 0.0 0.0 0.0 0.0 0.0 0.0 0.0 0.0
0 0.631836 0.364746 0.058594 0.077148 0.0 0.0 0.0 0.22987517565623553 0.0 0.0 0.0 0.18166673716183898 0.0 0.0 0.0 0.45099177116681705 0.0
0 0.770508 0.092773 0.085938 0.085938 0.05808604144449219 0.2216023060600405 0.0 0.1035895239275557 0.0 0.412172837467371 0.0 0.4130085982490754 0.0 0.9910702144749327 0.0 0.9852622971866191 0.0
0 0.839355 0.028320 0.055664 0.054688 0.30074317160166014 0.0 0.0 0.0 0.0 0.0 0.0 0.0 0.0 0.0 0.0 0.0 0.0
0 0.874512 0.564941 0.096680 0.063477 0.0 0.0 0.20996652485475592 0.0 0.11638800388606482 0.0 0.27427169345452324 0.0 0.2734053129166197 0.0 0.4604190869620848 0.0 0.4580083562017952
0 0.317871 0.611328 0.055664 0.064453 0.2557406069422218 0.0 0.0 0.0 0.0 0.0 0.0 0.0 0.0 0.0 0.0 0.0 0.0
0 0.170898 0.247070 0.105469 0.091797 0.02858306754214403 0.0 0.06670102646748752 0.1214792592389495 0.03831853873871178 0.0 0.31503347044718694 0.3082183152245542 0.3137737739065492 0.0 0.9907419051773353 0.9971266393388943 0.006737909521034327
0 0.387695 0.215332 0.105469 0.106445 0.014597040647446808 0.05033167392652216 0.19886569704835166 0.0 0.01818888544496036 0.3561192894723557 0.31808046745243235 0.0 0.4678713892160758 0.9503965349618313 0.004775995863363707 0.0 0.020514249294968243
0 0.200195 0.614746 0.093750 0.094727 0.11357326985057568 0.0 0.0 0.0 0.0 0.0 0.0 0.0 0.0 0.0 0.0 0.0 0.0
0 0.075684 0.588379 0.071289 0.069336 0.0 0.07652152351883827 0.0 0.08610471725438769 0.0 0.3485539590103819 0.0 0.3662193054162412 0.0 0.9531657002209932 0.0 0.9264868877223572 0.0
0 0.020996 0.816406 0.040039 0.089844 0.0 0.0 0.0764918325646649 0.033882108758806664 0.0 0.0 0.25698951736924264 0.24795636072603125 0.0 0.0 0.817769599247695 0.7444907675175639 0.0
0 0.025391 0.604980 0.048828 0.112305 0.0 0.08482998071424427 0.0 0.07054230766716087 0.0 0.34603746872746705 0.0 0.3853193375482702 0.0 0.9594316400927554 0.0 0.9079310851556786 0.0
