0 0.929688 0.558594 0.140625 0.123047 0.30485065840753667 0.0 0.0 0.0 0.0 0.0 0.0 0.0 0.0 0.0 0.0 0.0 0.0
0 0.873535 0.911133 0.186523 0.162109 0.22422008796137238 0.0 0.0 0.0 0.0 0.0 0.0 0.0 0.0 0.0 0.0 0.0 0.0
0 0.972168 0.254883 0.055664 0.162109 0.3364136825236068 0.0 0.0 0.0 0.0 0.0 0.0 0.0 0.0 0.0 0.0 0.0 0.0
0 0.911133 0.209961 0.099609 0.166016 0.27347834096278945 0.0 0.0 0.0 0.0 0.0 0.0 0.0 0.0 0.0 0.0 0.0 0.0
0 0.190918 0.959961 0.165039 0.080078 0.0 0.23429042623116456 0.0 0.14487609129026166 0.0 0.19669694333307383 0.0 0.17131532633422603 0.0 0.2596152386474845 0.0 0.2607787436630212 0.0
0 0.490723 0.424316 0.190430 0.182617 0.23162006186736145 0.0 0.0 0.0 0.0 0.0 0.0 0.0 0.0 0.0 0.0 0.0 0.0
0 0.057129 0.934570 0.112305 0.101562 0.0 0.14694256452526985 0.0 0.2272731562516064 0.0 0.19784038335342652 0.0 0.1679709667521446 0.0 0.26144811120234096 0.0 0.25866092967437265 0.0
0 0.924316 0.031250 0.151367 0.060547 0.22122923837692443 0.057496071815118316 0.0 0.2582421902110111 0.0 0.15057959540207577 0.0 0.16913843206866566 0.0 0.272143775837996 0.0 0.26753638919146094 0.0
0 0.836914 0.175293 0.113281 0.182617 0.3239114229113658 0.0 0.0 0.0 0.0 0.0 0.0 0.0 0.0 0.0 0.0 0.0 0.0
0 0.587891 0.766602 0.169922 0.197266 0.23766977577685716 0.0 0.0 0.0 0.0 0.0 0.0 0.0 0.0 0.0 0.0 0.0 0.0
0 0.128418 0.508789 0.174805 0.195312 0.2544946990804284 0.0 0.0 0.0 0.0 0.0 0.0 0.0 0.0 0.0 0.0 0.0 0.0
