0 0.197266 0.903320 0.136719 0.087891 0.038359819907321194 0.0 0.13584416445461295 0.0 0.15316571593826325 0.0 0.2670349909350076 0.0 0.38092998456569543 0.0 0.6208388150767239 0.0 0.6188050136780393
0 0.468750 0.293945 0.096354 0.076172 0.0 0.13734952228879818 0.10887909557567878 0.0 0.06696585244997873 0.3205998827391467 0.3267920546609219 0.0 0.12064277748716977 0.2961454429494269 0.29922452131797667 0.0 0.9813945609050778
0 0.369792 0.882324 0.098958 0.086914 0.0 0.09953796958305534 0.016439703666056137 0.12334857517770478 0.0608196476700056 0.2589173250545188 0.3349080042679476 0.28317238348267065 0.3697304197944614 0.622914182998935 0.6443039299703028 0.6282571885159737 0.5998929787761818
0 0.555339 0.328125 0.095052 0.064453 0.0 0.14812620227222328 0.0 0.1382591910475108 0.06255345568467072 0.24834610209785898 0.0 0.2544920939227564 0.2582616849803882 0.3024626090217808 0.0 0.29889962313166873 0.3008923004681394
0 0.319010 0.736816 0.117188 0.081055 0.037765513232321135 0.13494514240908623 0.0 0.1708003947202902 0.07401981394243566 0.2802908140172554 0.0 0.26381355678295704 0.2796575878746234 0.6160761479916966 0.0 0.5507171623994408 0.625968060733604
0 0.376302 0.155762 0.111979 0.084961 0.0 0.09687914477241853 0.0 0.12718919634211842 0.06094656021225506 0.27230831664516264 0.0 0.269522769413546 0.2838019008644528 0.3064777736708682 0.0 0.30127334154122043 0.32497373003653673
0 0.372396 0.284180 0.088542 0.078125 0.0 0.1399167537300416 0.0 0.08350139893959732 0.054203125508842986 0.3215456351202156 0.0 0.33134441685811056 0.32987811641147496 0.2896213980362121 0.0 0.2851499210954974 0.2888918098784084
0 0.499349 0.574219 0.087240 0.076172 0.0 0.1382331550407851 0.0 0.1723115693056534 0.058682765482705714 0.28879556340429663 0.0 0.2905540857816858 0.44862154435032114 0.30064555102958507 0.0 0.28190292505506453 0.30911569644685305
0 0.202474 0.069824 0.113281 0.075195 0.0 0.11031700812713024 0.0 0.12045714862519113 0.053241372183226415 0.35632416648781046 0.0 0.3608239003216101 0.36079767991840284 0.08374492538179858 0.0 0.07375890548719705 0.07694041519420378
0 0.461589 0.872559 0.095052 0.084961 0.0 0.0913697966507271 0.0594399920170379 0.09647547489766649 0.0 0.28156913406158296 0.30629962059250976 0.2948801755055692 0.0 0.6146757924614275 0.6268154772462051 0.6277431788354344 0.0
0 0.276042 0.110840 0.117188 0.083008 0.0 0.12231598084538858 0.07225056803139197 0.08601513649773761 0.0 0.35879382753172856 0.36853384217421054 0.3645218127223683 0.0 0.0745428012405173 0.0646390370619593 0.09097250001544492 0.0
0 0.810547 0.796387 0.097656 0.063477 0.0 0.1774209290658548 0.12407164994952971 0.1697414039702253 0.0 0.30915737229776696 0.2351488190973248 0.32033904665975116 0.0 0.2923766963473953 0.5219539094521853 0.3124508702269556 0.0
0 0.622396 0.755371 0.093750 0.061523 0.0 0.14876067014400002 0.07540179018247997 0.11512277404499503 0.0 0.2864011311489595 0.2693389085619853 0.3143507068934737 0.0 0.30209992597685315 0.2976342445789726 0.31033381514821484 0.0
0 0.758464 0.637695 0.084635 0.072266 0.0 0.1650628935879388 0.10985782279774836 0.13935824487796142 0.0 0.35384293023114405 0.4036189851489957 0.35282739363716475 0.0 0.29112335663469807 0.2967435689384552 0.3129123633418759 0.0
0 0.418620 0.035156 0.108073 0.068359 0.0 0.1192111021028919 0.07505062672643918 0.15829561488634294 0.0 0.2998041222949795 0.39478019128026703 0.3140194858832962 0.0 0.05190998284279994 0.07430584173977321 0.07786005462883609 0.0
0 0.584635 0.590820 0.093750 0.076172 0.0 0.14937688101916316 0.11816113723785793 0.05717475994693697 0.0 0.2797756054332993 0.2733850893854139 0.29038227154327323 0.0 0.29731249460560966 0.3008942938698201 0.3030138255237211 0.0
0 0.675130 0.620117 0.092448 0.070312 0.0 0.18990958227719199 0.0 0.15502888157433528 0.0952566202689744 0.35848658122985416 0.0 0.36650251812538764 0.36780397227901673 0.3075287121111608 0.0 0.30624898256959343 0.3033983727656079
0 0.630859 0.458008 0.100260 0.097656 0.0 0.11161179168183359 0.0 0.08072702835419737 0.041915615415796414 0.36144985929720874 0.0 0.28372829613753014 0.3562328197351473 0.2871511462863909 0.0 0.3208825975318466 0.31013476067101886
0 0.225911 0.972656 0.121094 0.054688 0.0 0.0 0.0691415366936844 0.0 0.0696391865898268 0.0 0.26967115802153013 0.0 0.380489268025627 0.0 0.6516000044463274 0.0 0.6098132973086898
0 0.179036 0.230469 0.082031 0.080078 0.0 0.15017499455609182 0.0 0.26281173370036653 0.06891342009195069 0.269305542271785 0.0 0.2179492589979038 0.2538343486545754 0.22758795039235938 0.0 0.22252103273800117 0.21147981186331796
0 0.718750 0.775879 0.096354 0.063477 0.0 0.14299840458952465 0.0 0.12687783317947915 0.08689924253942632 0.32552591149389093 0.0 0.3370936087630078 0.3193815077834303 0.3061125862232449 0.0 0.3129044706788351 0.31029215858589254
0 0.523438 0.459473 0.098958 0.059570 0.0 0.08805503993467712 0.056532984699395314 0.09239972637208238 0.0 0.3185745623747404 0.3102309542164456 0.3230588555008406 0.0 0.28520089960537987 0.3129098298484728 0.31902363715624976 0.0
0 0.717448 0.489746 0.098958 0.073242 0.0 0.11819660879673971 0.03820369968727663 0.1260570660191486 0.0 0.3401339338788014 0.33292956837233567 0.35203384035205526 0.0 0.2968403008609894 0.3116297718217221 0.30663678553246837 0.0
0 0.457682 0.177734 0.082031 0.085938 0.0 0.1431677310922721 0.03096895817170556 0.06507649344840252 0.0 0.1664203642135813 0.2516041948147905 0.28413395408142283 0.0 0.3001066432298001 0.2751669064866468 0.288325427822618 0.0
0 0.244792 0.418945 0.101562 0.097656 0.0 0.09353342451593559 0.0 0.09757877495990429 0.0655543667760136 0.19786314662424592 0.0 0.1938960449246771 0.27075225494403604 0.6552873530926419 0.0 0.6229663362915353 0.630290204440388
0 0.570312 0.876465 0.096354 0.067383 0.0 0.14932892831724404 0.0 0.1411611381438239 0.09501833001304114 0.2671369953832384 0.0 0.2712474495706931 0.27060359506476545 0.30114840473447957 0.0 0.30435626125959186 0.30544378674905426
0 0.619141 0.180176 0.154948 0.084961 0.0 0.13632922718366877 0.029678522351023397 0.13559699531838293 0.01408740170339864 0.28910659847561926 0.2886379364433305 0.2980496001831242 0.2646284139637724 0.5970973899405103 0.6092582103662196 0.6473921911487366 0.6335172411502467
0 0.453776 0.973145 0.095052 0.053711 0.0 0.0 0.25989740781315457 0.0 0.06715510532536675 0.0 0.15775816215803792 0.0 0.15086656872239632 0.0 0.5373851518869575 0.0 0.5676382452216949
0 0.119792 0.560547 0.130208 0.089844 0.0 0.0 0.17128161198582842 0.0 0.15732188394728422 0.0 0.3341038368639973 0.0 0.333261412455416 0.0 0.6202005908170294 0.0 0.6183217398487655
0 0.427734 0.729004 0.100260 0.077148 0.0 0.12555459410639133 0.06528328976026182 0.13659130347976214 0.0 0.284805724948675 0.3790686998392744 0.28282816950716216 0.0 0.6203012121528407 0.6347121435368723 0.6334561767302059 0.0
0 0.739583 0.376953 0.088542 0.062500 0.0 0.13993105746635517 0.0 0.12519334471528434 0.08217056621771165 0.30993577022635227 0.0 0.289660221580959 0.28249540785540544 0.29338301088511054 0.0 0.31210184756036796 0.299912699559178
0 0.132812 0.641602 0.140625 0.089844 0.0 0.0 0.18625882329151025 0.0 0.16248542567053148 0.0 0.2822926741791749 0.0 0.28194577547247285 0.0 0.6180111357330864 0.0 0.6218333677740412
0 0.444661 0.439453 0.082031 0.058594 0.0 0.13481891821189285 0.0 0.17858644937088466 0.0 0.36025253299939103 0.0 0.33947067428127886 0.0 0.2998422448922009 0.0 0.30181148455682677 0.0
0 0.524089 0.743652 0.087240 0.059570 0.0 0.16088532830241645 0.0 0.13385388129405754 0.04999778580949378 0.38527313306663885 0.0 0.34413916730511346 0.35045960460320763 0.2878765123762463 0.0 0.3100899015038547 0.29576358731136765
0 0.264974 0.248535 0.089844 0.073242 0.0 0.1332426432522805 0.08307163208946376 0.108578631138071 0.0 0.2486486674290533 0.2458140407547137 0.2572153749850612 0.0 0.2345089810783332 0.22419699926038056 0.23115530254078653 0.0
0 0.589844 0.052734 0.208333 0.103516 0.0 0.061864058131600654 0.029682610649134276 0.06903386998152142 0.04683142653694419 0.3038622219765086 0.3002213261688089 0.30304748591403446 0.2523929588583671 0.6047370411004734 0.6283108940856872 0.6250005592136576 0.6211413937201282
0 0.761068 0.039062 0.095052 0.076172 0.0 0.15062424726904178 0.0 0.11944218524457799 0.0624747821746657 0.24297940055533676 0.0 0.23784897189428122 0.22999342130155742 0.62235080014078 0.0 0.620993585897628 0.6209591035602797
0 0.825521 0.506348 0.114583 0.055664 0.0 0.22152927997798066 0.0 0.21380453911125816 0.0 0.40563014391828545 0.0 0.3896066272983172 0.0 0.6284232177678752 0.0 0.6242570947064988 0.0
0 0.650391 0.343750 0.118490 0.072266 0.0 0.16611782258599048 0.011497904884852554 0.12874437203201242 0.0 0.3331813230624529 0.3611014074818362 0.2012872699649902 0.0 0.2986425601099836 0.3051278917631142 0.42649157905001783 0.0
0 0.331380 0.400391 0.092448 0.126953 0.0 0.053781850454224324 0.10082277769139777 0.08104465551899796 0.0 0.2790696609825453 0.20501576886637046 0.2983280637453184 0.0 0.6215147090953795 0.613820852622779 0.6148497548482106 0.0
0 0.829427 0.391113 0.109375 0.075195 0.0 0.10599858964169823 0.05757229244989673 0.14015704304293206 0.0 0.23970968524213715 0.22960696955175652 0.2386464663910662 0.0 0.29289571483332555 0.2960740775905606 0.3096027572340511 0.0
0 0.156901 0.732910 0.128906 0.086914 0.0 0.0 0.1820193393728622 0.0 0.1425984449148217 0.0 0.31037330577221767 0.0 0.35314883440791334 0.0 0.6225590456510608 0.0 0.6058807779485593
0 0.088542 0.466797 0.127604 0.089844 0.0 0.0 0.19968180642823802 0.0 0.1503454451915495 0.0 0.24502480907510676 0.0 0.24646170876420048 0.0 0.6245958460070541 0.0 0.6211098230679647
0 0.660807 0.910156 0.105469 0.074219 0.0 0.10706258801538997 0.048407268208925415 0.07207157488461738 0.025793260910809895 0.3936366635574474 0.3512942029834661 0.3774967937284361 0.39851001785000745 0.29601437920835344 0.3007333480511275 0.3005983670692419 0.31363363890984414
0 0.826172 0.274414 0.110677 0.078125 0.0 0.1084884861440462 0.0 0.07062156990184361 0.043858891428970856 0.32411227873933396 0.0 0.3345750449223304 0.3308075265568569 0.2747980661535059 0.0 0.2631852469805892 0.26814321299972527
0 0.785156 0.149414 0.098958 0.101562 0.10040252331337197 0.11839386363994198 0.0 0.0794559006334111 0.07091324886827832 0.3239328619234834 0.0 0.33520734676220787 0.3233201836075766 0.6179133780190043 0.0 0.6265903946855184 0.6239495121608927
0 0.352214 0.013672 0.128906 0.025391 0.0 0.08899731445839011 0.0 0.24227013204041406 0.0 0.3102515369255677 0.0 0.30407091428034133 0.0 0.06238403998951914 0.0 0.07037761469991966 0.0
0 0.757161 0.928223 0.082031 0.079102 0.0 0.1400010660493582 0.0 0.17889631258116337 0.1012873924309877 0.27159749706444497 0.0 0.2683770377174981 0.273658183198704 0.31666765700261945 0.0 0.28637017233621564 0.3082748242690337
0 0.533854 0.402344 0.096354 0.060547 0.0 0.0 0.23994837667659405 0.0 0.03980478749059695 0.0 0.1498496282504496 0.0 0.2575008403552982 0.0 0.2959880172070181 0.0 0.3816831171746445
0 0.850911 0.034180 0.095052 0.066406 0.0 0.13129679791503188 0.06187394181896377 0.1565422638256259 0.0 0.24163683006484973 0.272422447287332 0.22481605865288337 0.0 0.6362531189594054 0.5653049944198029 0.6228972355103015 0.0
0 0.057292 0.270996 0.106771 0.100586 0.0 0.0 0.27697369350412415 0.0 0.22283295536201286 0.0 0.3549355520787485 0.0 0.35650872601760364 0.0 0.6237402035451546 0.0 0.625040976390261
0 0.074870 0.371094 0.134115 0.099609 0.0 0.0 0.20281636446947285 0.0 0.14910798713146303 0.0 0.32523236459779165 0.0 0.3435435961256179 0.0 0.6219469089194462 0.0 0.6139186963458122
0 0.540365 0.687988 0.114583 0.059570 0.0 0.05728346265088635 0.0 0.1728487668505125 0.0 0.27361921028217334 0.0 0.2457940859986492 0.0 0.3290153488751593 0.0 0.30844597963617654 0.0
0 0.174479 0.820312 0.143229 0.087891 0.05723315940019381 0.0 0.16055973331575119 0.0 0.2348153746718717 0.0 0.2537958375241157 0.0 0.37584765062631276 0.0 0.6153788377452065 0.0 0.6187062805273924
0 0.923177 0.297363 0.111979 0.090820 0.0 0.06032750021014009 0.03947644640323001 0.04400471401702025 0.0 0.24179951244894327 0.24380417228323523 0.24685991162389098 0.0 0.2665281489974452 0.3150372061019589 0.26432042442064524 0.0
0 0.845703 0.946289 0.089844 0.062500 0.0 0.17461990214395928 0.14543646934784527 0.03818309610707189 0.0 0.2767884444956228 0.24053297705214657 0.2910179860483474 0.0 0.3487712915944673 0.2636968370042104 0.29442099220190066 0.0
0 0.374349 0.576172 0.095052 0.070312 0.0 0.07604853507263853 0.04069092513556319 0.11715592842868831 0.0 0.38210168117667037 0.3830801733919416 0.38100677265341015 0.0 0.6367408703571351 0.618409402166315 0.6260955854256458 0.0
0 0.923828 0.501465 0.084635 0.051758 0.0 0.1151733602879464 0.046296227850679696 0.14969696767346727 0.0 0.2806275551854276 0.30866468501392663 0.2584082775883006 0.0 0.6225514559203967 0.6391827774534872 0.6195213765675274 0.0
0 0.296224 0.602051 0.097656 0.053711 0.0 0.16924889471397614 0.0 0.10927306316861547 0.0 0.2969710443225774 0.0 0.3382179324801581 0.0 0.7080046356453432 0.0 0.5529645223093471 0.0
0 0.537109 0.975098 0.071615 0.049805 0.33702204954952003 0.0 0.0 0.0 0.0 0.0 0.0 0.0 0.0 0.0 0.0 0.0 0.0
0 0.041016 0.198730 0.079427 0.055664 0.07173367348941669 0.0 0.0 0.0 0.0 0.0 0.0 0.0 0.0 0.0 0.0 0.0 0.0
0 0.039062 0.136719 0.075521 0.066406 0.0 0.0 0.17045796705662594 0.0 0.0 0.0 0.24950311839591507 0.0 0.0 0.0 0.6052831446193845 0.0 0.0
0 0.037109 0.083008 0.071615 0.054688 0.0 0.0 0.18049382984420587 0.0 0.14283217402391113 0.0 0.2378169484042141 0.0 0.2573306938092132 0.0 0.025024547003811095 0.0 0.07808044965766972
0 0.137370 0.027344 0.105469 0.052734 0.12678196965839805 0.03853669760097484 0.0 0.07673682595657244 0.0 0.32549915783240213 0.0 0.33377007542584547 0.0 0.8354417739425058 0.0 0.9458761327463907 0.0
0 0.878255 0.148926 0.095052 0.069336 0.0 0.1429506958108968 0.06827726472026674 0.13436483605228344 0.0 0.25827408831576226 0.26467802508939947 0.259185204726177 0.0 0.6080819278366971 0.6194806604193884 0.6289722334310833 0.0
0 0.873047 0.663086 0.084635 0.072266 0.0 0.17083630959850246 0.02939509393689319 0.09856982610867318 0.1478381446301034 0.2747121821759204 0.21570977285456713 0.2143867483728468 0.27969569175771913 0.631075099733361 0.8611012869523882 0.6580528350298139 0.6338716520771795
0 0.957031 0.649414 0.085938 0.072266 0.0 0.09977037145198718 0.07314070175863448 0.09958195489147413 0.0 0.24963600654826526 0.2853474930449024 0.2646700390412815 0.0 0.6344822785805935 0.6440197087234656 0.6228267327798689 0.0
0 0.951172 0.937988 0.097656 0.124023 0.10097711214492557 0.06293497847613515 0.0 0.1628739449200381 0.03385383230453129 0.2634251984037758 0.0 0.227036995975209 0.27480364819329456 0.6349660077558119 0.0 0.5759318522889958 0.603846292267785
0 0.918620 0.826172 0.076823 0.054688 0.0 0.10427928412106668 0.0 0.1347757921676177 0.057046385898090704 0.34593303565408345 0.0 0.35851558212703566 0.33870138533473976 0.6285289339180289 0.0 0.6278482119666712 0.6246809495300103
0 0.975911 0.796875 0.048177 0.101562 0.0 0.10548070413181257 0.0 0.10018073475581109 0.0 0.28422132295919617 0.0 0.29074112241552985 0.0 0.6179447968891862 0.0 0.6249328595559374 0.0
0 0.966146 0.024902 0.067708 0.047852 0.0 0.0 0.0 0.08469078812300689 0.08441349452694828 0.0 0.0 0.36855617483796604 0.33478434497681264 0.0 0.0 0.599458986027458 0.642266713477033
0 0.968750 0.117188 0.062500 0.085938 0.20919257799694105 0.0465584409232782 0.0 0.0 0.15369460814236088 0.2743819698471757 0.0 0.0 0.3225417973027866 0.6164605208915518 0.0 0.0 0.6099640168163748
