0 0.418620 0.504395 0.303385 0.137695 0.004564467878004362 0.19221620178206003 0.07153123455019705 0.07910954645648928 0.034066314892067635 0.1569933397127198 0.332895423740668 0.12862437285066236 0.3351722054839434 0.5355378001054258 0.6846791118095458 0.5399531637224546 0.7027849881473294
0 0.691406 0.481934 0.171875 0.118164 0.0 0.20848609076940744 0.0 0.11845385914780203 0.034032526565874875 0.2980948364212343 0.0 0.34474065818115085 0.4273289720737665 0.56719732615689 0.0 0.5621043778926953 0.5522295691098589
0 0.667318 0.222168 0.248698 0.102539 0.0 0.2232445051190202 0.0 0.18268509147188178 0.0 0.22756474979127042 0.0 0.24056104200955947 0.0 0.448748489134492 0.0 0.45364078818524867 0.0
0 0.351562 0.060547 0.125000 0.085938 0.0 0.19291592008871877 0.0 0.20393604831421558 0.0 0.28302763356622485 0.0 0.2782639031333373 0.0 0.5632113036482613 0.0 0.46496808370145065 0.0
0 0.313151 0.326172 0.097656 0.152344 0.0 0.15718266724062777 0.0 0.10409855616791067 0.0 0.2736056413864899 0.0 0.26304489956385124 0.0 0.5243600492843672 0.0 0.5392554978442325 0.0
0 0.326823 0.627930 0.106771 0.064453 0.0 0.0 0.107809178769023 0.0 0.13858072237777877 0.0 0.398329286499428 0.0 0.38523031084657094 0.0 0.6378500747371839 0.0 0.5652790978823725
0 0.277995 0.195312 0.157552 0.119141 0.0 0.20051045829713127 0.0 0.15017264061414676 0.012954286996331468 0.34021738315347844 0.0 0.26157416473182715 0.3014523371790378 0.4536832249188355 0.0 0.5095029364668893 0.5290653902904048
0 0.235677 0.360840 0.080729 0.092773 0.0 0.200800671163561 0.0 0.147312958476287 0.0 0.16078529776717423 0.0 0.3216823392793603 0.0 0.521665615547788 0.0 0.5267061966995263 0.0
0 0.533854 0.601074 0.111979 0.092773 0.0 0.01709755047543462 0.14880109861125326 0.010101727855107824 0.1498189303177728 0.3142247385583339 0.4079235563101262 0.29787759399351066 0.35604163482784695 0.694272084973088 0.5516420215565301 0.6554015745334564 0.6237619290226368
0 0.158203 0.816406 0.121094 0.150391 0.0 0.19055711713902856 0.0 0.21724246574653464 0.0 0.20723212128468488 0.0 0.18595235109794553 0.0 0.7087823749312938 0.0 0.7259002827436323 0.0
0 0.488281 0.713379 0.229167 0.118164 0.0 0.1328363423310078 0.04835658249765404 0.12813016066702065 0.02027556683728977 0.3132417416781925 0.3676709251982445 0.2952512524101871 0.41760197068401966 0.7922039444206571 0.47966783847966155 0.8225041257435787 0.43874008898922595
0 0.219401 0.060547 0.141927 0.070312 0.0 0.1203366490850385 0.0 0.16384033497375283 0.0 0.3401260821868911 0.0 0.3276636862141991 0.0 0.5372537337787281 0.0 0.473515989556731 0.0
0 0.606771 0.342773 0.088542 0.091797 0.0 0.194159495464798 0.0 0.10239654368683188 0.0 0.3499325527255801 0.0 0.39349727655346556 0.0 0.6193625164879086 0.0 0.6079909547746746 0.0
0 0.653646 0.647461 0.101562 0.203125 0.0 0.02114947006471514 0.05348370816558627 0.01487634799880113 0.08540557467589058 0.23801760631571445 0.4130923058231461 0.2876214671097348 0.4339208825078109 0.5976009893541969 0.551075173797448 0.6004053713625237 0.4879906563267126
0 0.798177 0.059082 0.179688 0.116211 0.0 0.15919125685802243 0.0 0.17725918520948572 0.0 0.2522199726791627 0.0 0.2540524089250402 0.0 0.5459294768361029 0.0 0.5204268671412403 0.0
0 0.486328 0.067871 0.136719 0.116211 0.0 0.17196803808886066 0.0 0.17853653943916503 0.0 0.2528651967332012 0.0 0.2543565376651975 0.0 0.5399546613063495 0.0 0.46694678950400365 0.0
0 0.777995 0.325684 0.266927 0.100586 0.0 0.15713310417311063 0.0 0.19410593486491648 0.0 0.3920710191319298 0.0 0.37337219001027244 0.0 0.6146322310327209 0.0 0.6136346641948655 0.0
0 0.779948 0.896973 0.395833 0.184570 0.0 0.12112783698570692 0.035463802035318834 0.11957277971930894 0.03542976955207339 0.3758816412323937 0.26033355928831914 0.3721831714114367 0.25505220251922833 0.6681731669952177 0.6794591109424958 0.6692155554745389 0.657092961827298
0 0.834635 0.184570 0.098958 0.062500 0.0 0.1583573401351655 0.03054529993926192 0.08995862263078262 0.0 0.21440708115866391 0.22903790781601324 0.19017091752906615 0.0 0.5679031882621156 0.5623825556878053 0.6199795304788532 0.0
0 0.841797 0.242188 0.092448 0.052734 0.0 0.23110524727158796 0.038727785820505546 0.0 0.0 0.23718057790382 0.28185934279361347 0.0 0.0 0.6160298482646942 0.5916389120876471 0.0 0.0
0 0.631510 0.068359 0.156250 0.121094 0.0 0.1470324984987869 0.018288428672043045 0.17217797610595406 0.0 0.23967067247288948 0.2188024043790223 0.24401947367033947 0.0 0.5206508476146713 0.5239551311630645 0.502033394843175 0.0
0 0.132812 0.199707 0.130208 0.129883 0.0 0.1808805388342545 0.0 0.21500971842073416 0.0 0.27625417223935256 0.0 0.22600876495696393 0.0 0.4464379176186463 0.0 0.5186211973034481 0.0
0 0.826823 0.473633 0.109375 0.125000 0.0 0.08961460981692092 0.0 0.15522890376421078 0.0 0.2823529868366321 0.0 0.2762448099399183 0.0 0.5603027055357068 0.0 0.5601035878118258 0.0
0 0.464193 0.327637 0.201823 0.143555 0.0 0.201058913468402 0.0 0.23733484549630782 0.0 0.28072269932935634 0.0 0.25510524201546436 0.0 0.5226703363746968 0.0 0.5257478121776527 0.0
0 0.444010 0.198242 0.164062 0.105469 0.0 0.14538046985316386 0.0 0.16849057625702163 0.0 0.3006084405029961 0.0 0.19325625530044774 0.0 0.45502216128164746 0.0 0.4946876080921033 0.0
0 0.294271 0.768066 0.177083 0.118164 0.0 0.1365335494013406 0.0 0.14222606195358664 0.0 0.2006149923163876 0.0 0.2067552179930651 0.0 0.8791551364125689 0.0 0.8734196570749526 0.0
0 0.934245 0.550781 0.131510 0.314453 0.11574955731337637 0.04148248405323151 0.0 0.04866908539486841 0.08961834784726992 0.21136545791545502 0.0 0.14029375541001532 0.06712749750926848 0.553468494143183 0.0 0.5233290904105697 0.5526119808296484
0 0.088542 0.062012 0.125000 0.049805 0.0 0.11543379037278043 0.0 0.06212877712147006 0.0 0.35355235451504946 0.0 0.3777301096355344 0.0 0.5917416868303218 0.0 0.5135830175928877 0.0
0 0.940104 0.047363 0.119792 0.092773 0.0 0.0 0.07407751010150733 0.10553850184155567 0.1282753333618187 0.0 0.1428919936767262 0.26464701916222805 0.20519747996530796 0.0 0.6298040916035856 0.6432918768079964 0.6103994962126639
0 0.156250 0.362793 0.080729 0.092773 0.0 0.19478247243546795 0.0 0.085144739522252 0.0 0.12093049496912128 0.0 0.42307079594782543 0.0 0.5766733788293842 0.0 0.5345702916375672 0.0
0 0.056641 0.345703 0.110677 0.140625 0.0 0.1503899315787627 0.0 0.16646690082763785 0.0 0.2538644499516204 0.0 0.2537770686743802 0.0 0.5396532981819705 0.0 0.5273547280163844 0.0
0 0.078776 0.485352 0.154948 0.076172 0.0 0.1853511657093439 0.07394778261919542 0.1309353991455129 0.0 0.411166252462253 0.3235668946031773 0.3331308054707896 0.0 0.5365227189213905 0.44479024336007456 0.5704805526011021 0.0
0 0.024089 0.562012 0.045573 0.083008 0.0 0.14567898445248706 0.0 0.14276426991915483 0.0 0.16345628869749157 0.0 0.3701270669921556 0.0 0.38884658973534925 0.0 0.41503378493534027 0.0
0 0.104818 0.566406 0.115885 0.093750 0.0 0.13028521195032997 0.09456866423064095 0.1705890712409267 0.0 0.3074070406577905 0.3916060310308469 0.30522918926898973 0.0 0.423212016108778 0.45500016961247564 0.4131302871046488 0.0
0 0.072266 0.670410 0.141927 0.077148 0.0 0.11269911067901212 0.02764768379371024 0.08785761056973314 0.020154702826420148 0.17549816804536775 0.20780258148231978 0.1255962361988186 0.1943662488138127 0.40911798607729016 0.4313559964566328 0.4878341151138291 0.4232753264524648
0 0.061198 0.736328 0.119792 0.064453 0.2187896939031634 0.0 0.0 0.0 0.0 0.0 0.0 0.0 0.0 0.0 0.0 0.0 0.0
0 0.034505 0.201660 0.066406 0.133789 0.10180632464577528 0.08367913905301196 0.00768067791879496 0.07444496168481302 0.0 0.233699555485665 0.32386657002499847 0.2171571029405077 0.0 0.4501903929715219 0.9713489261108751 0.4971557296200899 0.0
