0 0.896973 0.190430 0.114258 0.117188 0.3633227504904639 0.0 0.0 0.0 0.0 0.0 0.0 0.0 0.0 0.0 0.0 0.0 0.0
0 0.712891 0.497070 0.144531 0.101562 0.0 0.12400152563190282 0.0 0.15765600169677813 0.01929415093540273 0.3253751260344768 0.0 0.26230567205805294 0.3416385636134922 0.4603642821015641 0.0 0.4533012880587194 0.3523814288478917
0 0.531250 0.821777 0.099609 0.114258 0.0 0.1724086903943846 0.0 0.1275327887871001 0.0 0.30555108541126474 0.0 0.29724445828670565 0.0 0.02640738457431095 0.0 0.04350056033611433 0.0
0 0.884766 0.500488 0.072266 0.067383 0.0 0.1610656071205421 0.15756541051068837 0.0 0.0 0.2730699398248687 0.2808843752660227 0.0 0.0 0.4386748708006125 0.47284956167600223 0.0 0.0
0 0.070312 0.741699 0.093750 0.086914 0.0 0.1257320533305178 0.1351402718605981 0.11258127915373974 0.01969587012367865 0.35276606851069947 0.3657254844990507 0.35833451647206815 0.3546223077131682 0.8407616313371752 0.06249257422429208 0.7071531589647356 0.02452751666928634
0 0.605957 0.885254 0.135742 0.129883 0.0 0.17825441661760968 0.0 0.20629551722538844 0.0 0.23039169276712698 0.0 0.19354047226115634 0.0 0.03490861747026273 0.0 0.04739088430537208 0.0
0 0.433105 0.721680 0.075195 0.093750 0.0 0.2612691705933007 0.0 0.09123407850447743 0.0 0.3061795600043533 0.0 0.22252614925399958 0.0 0.0429605757008092 0.0 0.03590523819707888 0.0
0 0.727539 0.782715 0.087891 0.096680 0.0 0.1281992236116598 0.0 0.17774420864412638 0.0 0.32581464599281384 0.0 0.32015903838871157 0.0 0.04705622274561658 0.0 0.03916505981495359 0.0
0 0.862793 0.635254 0.120117 0.077148 0.0 0.0 0.18435604381608942 0.0 0.17775789527004102 0.0 0.3115449195684794 0.0 0.29413297379283143 0.0 0.45766115143897224 0.0 0.46116906418571374
0 0.478027 0.762695 0.081055 0.093750 0.0 0.06777483792846867 0.11889844089286568 0.10239355597415503 0.0823092389165225 0.291309550535422 0.2738005439760768 0.254434564001984 0.28548102768340333 0.0738243032853274 0.4613336365705663 0.06428391528857402 0.044731757232591284
0 0.262695 0.554688 0.095703 0.085938 0.0 0.1508962100324081 0.0 0.1916161942433534 0.0 0.278440083055405 0.0 0.3230351172295853 0.0 0.9296860901481756 0.0 0.8907025400777804 0.0
0 0.179688 0.432129 0.105469 0.094727 0.03999004754710863 0.0988816998252387 0.11849223945630222 0.0 0.0 0.32007660608126726 0.3041464543928576 0.0 0.0 0.966075258270396 0.00567204079147877 0.0 0.0
0 0.771973 0.844238 0.067383 0.079102 0.0 0.13571794994985892 0.0 0.19358954908943513 0.0 0.3669906774703838 0.0 0.29921287651116923 0.0 0.048992960830269064 0.0 0.04304233053379739 0.0
0 0.848633 0.759766 0.115234 0.078125 0.0 0.0 0.12161724010370643 0.0 0.13816560563127023 0.0 0.2483359950737825 0.0 0.33047473456477233 0.0 0.4400140933272178 0.0 0.46076675812061024
0 0.463867 0.123535 0.109375 0.110352 0.16013970189720148 0.0 0.135905298234521 0.0 0.07963951800338044 0.0 0.3306744607322907 0.0 0.34602784068236475 0.0 0.026859591160821435 0.0 0.013308550317112304
0 0.280273 0.129395 0.166016 0.147461 0.0 0.10524160475887838 0.009854236485691064 0.08241111855721439 0.01060535657129217 0.3196206653145502 0.21124388537055347 0.3256018189471658 0.34925150661768883 0.08356935157463385 0.0951055132552502 0.08495206771703276 0.01826924200577606
0 0.693848 0.608398 0.108398 0.056641 0.0 0.0 0.12153079081799728 0.0 0.10873730578500145 0.0 0.34034996987998684 0.0 0.3637523910069631 0.0 0.4529622658812185 0.0 0.4319782017109134
0 0.682617 0.949219 0.099609 0.089844 0.0 0.05106955333001085 0.07894256041567634 0.03544065050193609 0.06213862793264233 0.31333176178712246 0.26463285040047385 0.2759331635074065 0.31486237302365 0.016114806102822184 0.10056108206633543 0.02627241787017972 0.051886327576996474
0 0.363770 0.445801 0.088867 0.069336 0.0 0.0 0.0 0.14503105506823336 0.08721028984763479 0.0 0.0 0.1420337859530882 0.36046012619036016 0.0 0.0 0.9857614701784605 0.003758277441111583
0 0.109863 0.482422 0.112305 0.101562 0.0 0.10422152097403702 0.30313458976022595 0.0 0.0 0.3681000594169689 0.3723829761821318 0.0 0.0 0.7985636094478467 0.04958226449162011 0.0 0.0
0 0.687988 0.664062 0.112305 0.058594 0.0 0.0 0.18911294152604527 0.0 0.06888875485036965 0.0 0.24672099400373323 0.0 0.2650512811458833 0.0 0.45618207397420557 0.0 0.42100425347065323
0 0.919434 0.091309 0.083008 0.081055 0.0 0.0 0.13485949932498056 0.0 0.09245325305019768 0.0 0.22070844676475695 0.0 0.25875210153186645 0.0 0.4646004173070739 0.0 0.4737920126818052
0 0.503906 0.354004 0.125000 0.106445 0.03555593569802693 0.0 0.10774474796739783 0.0 0.16156271876875425 0.0 0.3059893367889571 0.0 0.3244986927052185 0.0 0.41118283228542024 0.0 0.005458539198500034
0 0.857422 0.696289 0.111328 0.048828 0.0 0.0 0.1224078303151846 0.0 0.20677558774327126 0.0 0.3505794185454204 0.0 0.19553295071238463 0.0 0.4386359440971167 0.0 0.4675320684164979
0 0.479492 0.971191 0.119141 0.057617 0.0 0.2534222215622417 0.0 0.1132562793213572 0.03782012760569026 0.3839940072540621 0.0 0.35581166461854125 0.29047322859319097 0.0424966540741838 0.0 0.27535114414324285 0.03730361318476759
0 0.454102 0.561035 0.078125 0.083008 0.0 0.1721349018301836 0.0 0.26937793458372655 0.0 0.33036518715277424 0.0 0.2438613369208177 0.0 0.041288431555503914 0.0 0.10538435094615327 0.0
0 0.608887 0.029785 0.108398 0.057617 0.0 0.075271419717867 0.0 0.19961984257961843 0.0 0.31290326236391 0.0 0.31738313328098194 0.0 0.9671826144356932 0.0 0.9829890963943525 0.0
0 0.818359 0.513184 0.070312 0.104492 0.0 0.17866588157556731 0.0 0.12125798623790741 0.0 0.27226256708805313 0.0 0.26705856234161235 0.0 0.46326476606851086 0.0 0.45283614991569276 0.0
0 0.977051 0.942871 0.045898 0.059570 0.0 0.0 0.0 0.0 0.32001933001951266 0.0 0.0 0.0 0.24213560439476353 0.0 0.0 0.0 0.4471337843512455
0 0.669922 0.740723 0.080078 0.084961 0.0 0.03654945205902497 0.08026456322470596 0.12568409534626995 0.11780862987632562 0.32970806378458206 0.24800773600880027 0.3995702396898284 0.36344199815228806 0.03552648397168115 0.481534254529113 0.046338731609227087 0.46486313405281976
0 0.353516 0.671875 0.095703 0.105469 0.10757173391921193 0.0 0.015061425815151987 0.0 0.0 0.0 0.07204865042018517 0.0 0.0 0.0 0.6658020452466563 0.0 0.0
0 0.307129 0.320801 0.096680 0.116211 0.0 0.0 0.12178801312451225 0.0 0.15608101679723085 0.0 0.37100894687771485 0.0 0.3571036228651108 0.0 0.012122319661657204 0.0 0.011860096052599071
0 0.750488 0.331543 0.073242 0.120117 0.0 0.24145196285904755 0.0 0.20324965045399299 0.0 0.2000246508978712 0.0 0.20722039388659677 0.0 0.4575594331638085 0.0 0.439026114541853 0.0
0 0.109863 0.299805 0.102539 0.103516 0.0 0.0 0.0 0.1957619920261321 0.10363877260259896 0.0 0.0 0.2768888744747271 0.27014415982773005 0.0 0.0 0.9796193087308407 0.002901316373247356
0 0.815918 0.345703 0.059570 0.095703 0.0 0.1754880397245991 0.0 0.09576376581932225 0.0 0.2257976270762066 0.0 0.3900496669042556 0.0 0.465363303745502 0.0 0.4584837297764131 0.0
0 0.232422 0.388184 0.083984 0.083008 0.04215709061317365 0.0 0.0 0.12060883358048427 0.039508791876519456 0.0 0.0 0.30565945241705383 0.30805351564643246 0.0 0.0 0.995893790193707 0.037129367469941284
0 0.703125 0.162109 0.095703 0.087891 0.02165492919756778 0.1846256960801926 0.0 0.09806863896437569 0.0 0.2656488477320641 0.0 0.27757889268088337 0.0 0.9908299435981298 0.0 0.9823980573581739 0.0
0 0.541504 0.064941 0.106445 0.098633 0.0 0.09314019364976055 0.0 0.133797899355378 0.02127486058420823 0.3206927689197132 0.0 0.3525536740579567 0.3089659447335852 0.8648160202795293 0.0 0.9940183340841076 0.34011766532737797
0 0.533691 0.614746 0.086914 0.086914 0.0 0.16598307511036894 0.10410321028686055 0.2409500770291417 0.0 0.23528667670181372 0.2354740058827328 0.23085071673103813 0.0 0.03245153280734141 0.05027708445768692 0.124536504942832 0.0
0 0.981934 0.868652 0.036133 0.092773 0.0 0.0 0.0 0.0 0.39265922304337725 0.0 0.0 0.0 0.2295134904424397 0.0 0.0 0.0 0.46902399507420206
0 0.412109 0.403320 0.078125 0.074219 0.0 0.0 0.18275676698888454 0.0 0.22651336268639413 0.0 0.2905088806669754 0.0 0.2842265080507435 0.0 0.02946253830801753 0.0 0.005506198740708454
0 0.853516 0.834961 0.101562 0.068359 0.0 0.0 0.20270844359960202 0.0 0.21181023128223267 0.0 0.2820437793234386 0.0 0.28294874621518074 0.0 0.4599622753726578 0.0 0.4593276451854785
0 0.978027 0.986328 0.041992 0.027344 0.0 0.0 0.0 0.0 0.367659648822292 0.0 0.0 0.0 0.23337886670436744 0.0 0.0 0.0 0.47599140123114936
0 0.884766 0.276367 0.101562 0.056641 0.0 0.0231636811194271 0.09915562212682177 0.020300961082633098 0.1311283763447745 0.3768060811045226 0.32317088705776553 0.29751435461868764 0.3176732988235117 0.49224806668353377 0.39977042997936696 0.45803528991190645 0.47122158482415716
0 0.325684 0.033691 0.104492 0.065430 0.25853151224865356 0.0 0.0 0.0 0.0 0.0 0.0 0.0 0.0 0.0 0.0 0.0 0.0
0 0.852051 0.912598 0.096680 0.079102 0.0 0.0 0.05824274730932861 0.1564912014553158 0.016757836848552428 0.0 0.3890933909798611 0.3080487849205531 0.1184637125745871 0.0 0.4571103725734013 0.03580931198473536 0.5896033746825484
0 0.886719 0.347656 0.093750 0.089844 0.03235246915226645 0.02970532405759508 0.0663894089902555 0.05593466299930284 0.034813906617039515 0.2904616881616365 0.348791489992702 0.3743841308479498 0.2811478122992001 0.4499370938320559 0.45554389552721025 0.46055229051204694 0.4750182593107948
0 0.056152 0.883789 0.077148 0.070312 0.0 0.022441571655678585 0.0 0.1112653799815038 0.0 0.10956748559866361 0.0 0.11695265673772427 0.0 0.8447144387597151 0.0 0.8911029409451247 0.0
0 0.176758 0.250000 0.115234 0.093750 0.023430912558499127 0.03298368872742395 0.19459749629011072 0.0 0.0 0.30862088089201895 0.2840501016809643 0.0 0.0 0.9963409955664407 0.5239040864873369 0.0 0.0
0 0.983398 0.654297 0.033203 0.085938 0.0 0.0 0.0 0.0 0.39302064379475904 0.0 0.0 0.0 0.34750549971344347 0.0 0.0 0.0 0.4571686982798282
0 0.978516 0.759277 0.042969 0.114258 0.0 0.0 0.0 0.0 0.1812010472947277 0.0 0.0 0.0 0.21715914464022326 0.0 0.0 0.0 0.45756469746970746
0 0.731934 0.973633 0.090820 0.052734 0.0 0.2048190725626555 0.0 0.1506674696955516 0.0 0.2701269329686671 0.0 0.272219106158545 0.0 0.04182778882696259 0.0 0.046428434760326494 0.0
0 0.134277 0.658691 0.098633 0.102539 0.011836458145497632 0.10443598130520561 0.0 0.11732160401374059 0.0 0.376562067525005 0.0 0.21103516847859488 0.0 0.9118061385702312 0.0 0.9188562762726102 0.0
0 0.561523 0.436523 0.074219 0.074219 0.04991407559353137 0.0 0.14622938421400689 0.0 0.08461309844402748 0.0 0.26287560381445996 0.0 0.19128882994004262 0.0 0.46328726126408243 0.0 0.4940517197978971
0 0.322266 0.850586 0.119141 0.150391 0.0 0.06232067209113239 0.11259697401653433 0.0 0.023513996327061765 0.22942054714187068 0.183848652699903 0.0 0.28297389709591686 0.06518275396526506 0.03648320383631672 0.0 0.003923112673081164
0 0.620605 0.234863 0.141602 0.120117 0.03151980013182124 0.0 0.10761592328291605 0.0 0.11340535799165909 0.0 0.2834335701155509 0.0 0.2955614807913891 0.0 0.005048140956293739 0.0 0.004874937479417933
0 0.928223 0.022461 0.061523 0.042969 0.0 0.0 0.4129494473496349 0.0 0.0 0.0 0.29900736913354864 0.0 0.0 0.0 0.7226416083454069 0.0 0.0
0 0.558105 0.518066 0.081055 0.092773 0.0 0.0 0.18177572481053836 0.0 0.21436471332524043 0.0 0.2107027520063292 0.0 0.19851880267250038 0.0 0.45916134082873505 0.0 0.45671638797479186
0 0.686523 0.357422 0.054688 0.082031 0.0 0.17290635853314354 0.0 0.21694207913395008 0.0 0.24021823388635244 0.0 0.22459146833436688 0.0 0.43146636504157193 0.0 0.45744000098024457 0.0
0 0.767578 0.097656 0.095703 0.087891 0.046277278867471086 0.22550046716183655 0.0 0.09602515056997957 0.0 0.4132149896514943 0.0 0.39196557122207965 0.0 0.987481633085008 0.0 0.9743426769304311 0.0
0 0.840332 0.030762 0.077148 0.059570 0.21424165420709076 0.0 0.0 0.0 0.0 0.0 0.0 0.0 0.0 0.0 0.0 0.0 0.0
0 0.630859 0.366211 0.060547 0.078125 0.0 0.0 0.0 0.237408658558323 0.0 0.0 0.0 0.18028169946313685 0.0 0.0 0.0 0.45690284454751817 0.0
0 0.204102 0.614258 0.095703 0.085938 0.0 0.0 0.13934075724372114 0.0 0.05488870035279083 0.0 0.19956014538299124 0.0 0.20202123775741668 0.0 0.8695600208935045 0.0 0.8608107585301156
0 0.871582 0.566895 0.108398 0.067383 0.0 0.0 0.17842415839165937 0.0 0.13873509841116372 0.0 0.27491300757324794 0.0 0.273947502850929 0.0 0.4613830068950765 0.0 0.4583207235198371
