0 0.646973 0.787598 0.106445 0.073242 0.0 0.0 0.230228944492231 0.0 0.1337659387426273 0.0 0.23824404077991415 0.0 0.30385309855202697 0.0 0.8402885242410024 0.0 0.8468685210503407
0 0.256836 0.352539 0.126953 0.080078 0.0 0.12146064785363365 0.03347611415784063 0.10647309708989418 0.0 0.40723372401715835 0.39033785925081926 0.406117912256495 0.0 0.6857159828908038 0.7114987428697096 0.6682504079180361 0.0
0 0.692383 0.850098 0.107422 0.067383 0.0 0.0 0.12339836787599974 0.0 0.1521216618280648 0.0 0.3392639170412245 0.0 0.29953453670242536 0.0 0.8640276815022803 0.0 0.837295631473614
0 0.481445 0.243652 0.121094 0.075195 0.0 0.0 0.14137264308569625 0.0 0.16524920539335228 0.0 0.335236642062211 0.0 0.3353241366399428 0.0 0.53850254237605 0.0 0.5391340444314532
0 0.497559 0.384766 0.114258 0.085938 0.0 0.0 0.18089071427453357 0.0 0.17532552618417663 0.0 0.2462637433899887 0.0 0.24737060614978412 0.0 0.5441000792431328 0.0 0.5485191796969954
0 0.480469 0.164062 0.113281 0.087891 0.005312870685993458 0.0 0.20178058411958866 0.0 0.07173721218310855 0.0 0.27416653986865147 0.0 0.24248851651680392 0.0 0.547274115582307 0.0 0.5369450446633451
0 0.467773 0.037109 0.119141 0.072266 0.0 0.12467881486686984 0.1146383562326438 0.022914523747139866 0.11458104768062036 0.35907420749299634 0.3826790814242957 0.3615096223294962 0.3037438799912828 0.5968824453253422 0.5110087269637006 0.6514569126148021 0.6226962483391864
0 0.485352 0.094727 0.097656 0.052734 0.0 0.0 0.08992510849638281 0.0 0.08570489569740479 0.0 0.275338096526246 0.0 0.27274495805911186 0.0 0.5465548017989661 0.0 0.5434546703184215
0 0.490723 0.311523 0.122070 0.068359 0.0 0.0 0.15458994609531146 0.0 0.14397360930539857 0.0 0.3368135821587877 0.0 0.2845750430172488 0.0 0.5265821476123048 0.0 0.5422832604947201
0 0.309570 0.092285 0.072266 0.108398 0.009422990614893793 0.08931895008892779 0.0 0.06434886980297888 0.0 0.2288694934033204 0.0 0.24731331397109077 0.0 0.6690734274456236 0.0 0.7308745926001177 0.0
0 0.480957 0.642090 0.122070 0.122070 0.35985253402980943 0.0 0.0 0.0 0.0 0.0 0.0 0.0 0.0 0.0 0.0 0.0 0.0
0 0.337402 0.929199 0.176758 0.141602 0.4196566241161272 0.0 0.0 0.0 0.0 0.0 0.0 0.0 0.0 0.0 0.0 0.0 0.0
0 0.305664 0.253906 0.091797 0.113281 0.0 0.0361658604111443 0.10162778065027846 0.03654291707515305 0.12243850682840333 0.3128416699277287 0.3042517444911165 0.3175733752348307 0.3057408551223758 0.700053081195596 0.6708712029484152 0.6600384381789967 0.689532381443429
0 0.052246 0.020996 0.100586 0.040039 0.0 0.05748679658003669 0.030783029584369723 0.1530967277399575 0.0 0.32809849054667006 0.361941249677882 0.32737859722693197 0.0 0.6842558402282366 0.14162300988906193 0.6874092829129609 0.0
0 0.248047 0.130371 0.089844 0.147461 0.0 0.0791192555610151 0.02261080772151461 0.030362483626929178 0.07330448580030566 0.28605224931572953 0.34255055581719424 0.2896040054121781 0.32870730559365735 0.721854678604563 0.6868603213363669 0.7186424478405861 0.6478426845712366
0 0.056152 0.221191 0.110352 0.114258 0.0 0.14498612948991685 0.08351520908936472 0.13241088372374968 0.0 0.2573168002375328 0.2607789040043119 0.2634488850284899 0.0 0.6841034511187546 0.6859847799253517 0.7004329358403601 0.0
0 0.377441 0.082031 0.075195 0.119141 0.0 0.1702059046591158 0.0 0.1457178473669445 0.0 0.22449579295240638 0.0 0.22482845644865485 0.0 0.6829985541840188 0.0 0.6849746240378143 0.0
0 0.034668 0.626465 0.067383 0.108398 0.2633983280217963 0.0 0.0 0.0 0.0 0.0 0.0 0.0 0.0 0.0 0.0 0.0 0.0
