0 0.690430 0.084961 0.095703 0.082031 0.0 0.11907476090957633 0.05279521395655309 0.11736317062703683 0.0 0.3668569924774472 0.3471540643044175 0.3587678301137869 0.0 0.3517772578481899 0.36213045922368176 0.34215839856697194 0.0
0 0.108887 0.713867 0.125977 0.140625 0.0 0.08272291950400071 0.050805120445769535 0.04396704414282526 0.027480618432733743 0.2311458003083121 0.2157514079980835 0.23547036259028375 0.23648691526626428 0.3343034066434633 0.35007377707253023 0.34961196753987794 0.35346571758326845
0 0.603516 0.414062 0.099609 0.087891 0.0 0.0 0.1579815235030161 0.0 0.19909763703236233 0.0 0.29446223815390477 0.0 0.29621909220995074 0.0 0.3449084882273269 0.0 0.34606292174312014
0 0.167480 0.486816 0.098633 0.094727 0.0 0.0 0.12816838533951544 0.0 0.19332702174639976 0.0 0.2906583339882597 0.0 0.2860597549871416 0.0 0.34060465322206773 0.0 0.3490185722699569
0 0.637207 0.282227 0.100586 0.064453 0.0 0.0 0.14712746989426234 0.0 0.22127455708702032 0.0 0.28729616330033275 0.0 0.2703706078040193 0.0 0.3450936242993293 0.0 0.355360630587286
0 0.065918 0.826172 0.129883 0.091797 0.0 0.16800530397386756 0.04851046446129511 0.14528252525146293 0.0 0.2547457613796765 0.2411828363929029 0.2573783510929151 0.0 0.338685682484045 0.36345913023109994 0.3484991667374579 0.0
0 0.145996 0.581543 0.104492 0.104492 0.0 0.0 0.23033725010446515 0.0 0.21748781704196452 0.0 0.2925171749098494 0.0 0.30753192656013006 0.0 0.3303250477664695 0.0 0.3496307090015718
0 0.601074 0.063477 0.088867 0.085938 0.0 0.19280610175103746 0.0 0.16587184516431305 0.0 0.29097878073586286 0.0 0.2891121431653905 0.0 0.3412489006975692 0.0 0.352999806054552 0.0
0 0.618164 0.341797 0.107422 0.074219 0.07868489990410486 0.08917407686593205 0.0 0.05389387184228275 0.008310220464364233 0.15704932486410644 0.0 0.2592532840429948 0.2670298664571923 0.33762300741893103 0.0 0.3593201622467288 0.36059619825907324
0 0.178711 0.401367 0.126953 0.082031 0.0 0.22383290554046628 0.0 0.14964311542146874 0.0 0.34265311725184744 0.0 0.3386377989186921 0.0 0.34504269132655735 0.0 0.34286365354427123 0.0
0 0.564941 0.580566 0.100586 0.104492 0.0 0.0 0.16903278469515146 0.0 0.19530733255824967 0.0 0.2201172411046612 0.0 0.270247548342438 0.0 0.33234723062185684 0.0 0.3480272841484157
0 0.690430 0.705078 0.109375 0.125000 0.0 0.0 0.14504472778402844 0.0 0.22178138755498755 0.0 0.24225373454808746 0.0 0.25169081238048097 0.0 0.34931103843884004 0.0 0.3608232641034808
0 0.352051 0.363770 0.096680 0.086914 0.0 0.0 0.18094173718416878 0.0 0.17156753170981287 0.0 0.21365173463433468 0.0 0.20224086542604336 0.0 0.3341935341031305 0.0 0.34992607673767934
0 0.931641 0.034180 0.083984 0.066406 0.0 0.1423542165868816 0.0 0.2601332596326935 0.0 0.30711421470529243 0.0 0.2955811237262793 0.0 0.34555950897375504 0.0 0.33508277265875636 0.0
0 0.581055 0.491211 0.095703 0.076172 0.0 0.0 0.23366389211855942 0.0 0.24387138399087327 0.0 0.2969555196956095 0.0 0.2985835375469848 0.0 0.34937259551873456 0.0 0.34692610587222816
0 0.375977 0.290039 0.103516 0.083984 0.0 0.0 0.17235122598991856 0.0 0.17653593541181806 0.0 0.2529993522643736 0.0 0.2554404420946443 0.0 0.3383168054685812 0.0 0.34528989611105615
0 0.063965 0.378418 0.116211 0.086914 0.0 0.22162185963108494 0.0 0.18279661147311949 0.0 0.28544887098875515 0.0 0.28359521169359103 0.0 0.34474861373729293 0.0 0.34585216487011505 0.0
0 0.645020 0.230469 0.102539 0.050781 0.0 0.0 0.10382072771803585 0.0 0.14105881016035013 0.0 0.3050204327544788 0.0 0.28935890177199625 0.0 0.32999319543654526 0.0 0.3670048888663053
0 0.314941 0.544922 0.106445 0.062500 0.04416525750984657 0.0 0.06319096523305066 0.0 0.15060609072073242 0.0 0.2875358608790811 0.0 0.2654398843463601 0.0 0.3079246075825141 0.0 0.3380072448540255
0 0.142090 0.026367 0.157227 0.050781 0.0 0.0 0.0 0.38581809005014184 0.0 0.0 0.0 0.32257088578004783 0.0 0.0 0.0 0.3329589685558637 0.0
0 0.394531 0.197754 0.105469 0.102539 0.0 0.0 0.17340125811030457 0.0 0.18525477678485425 0.0 0.2712422162881657 0.0 0.2685927384969714 0.0 0.34524315801028377 0.0 0.3472343750767679
0 0.661621 0.167969 0.110352 0.089844 0.0 0.0 0.14753851258761932 0.0 0.18828647636775103 0.0 0.31898502263180495 0.0 0.31156590677883433 0.0 0.3417559290385428 0.0 0.3534921943943336
0 0.268555 0.081055 0.087891 0.064453 0.0 0.0 0.26767036672344446 0.0 0.11168298715167081 0.0 0.24163467937966432 0.0 0.420737081736994 0.0 0.2755980052597604 0.0 0.3435913039554647
0 0.230469 0.815918 0.078125 0.174805 0.0 0.0 0.23825661716083177 0.0 0.0 0.0 0.15310930864960393 0.0 0.0 0.0 0.3486167876552037 0.0 0.0
0 0.318359 0.685547 0.179688 0.083984 0.0 0.1758128171035308 0.0 0.18872045994723646 0.0 0.3400053709168528 0.0 0.33618973975005517 0.0 0.33993446873729566 0.0 0.34443269977860497 0.0
0 0.784180 0.336426 0.130859 0.223633 0.12484554106804764 0.0 0.1369758921537589 0.0 0.13276572810529091 0.0 0.24718595342507532 0.0 0.24632267103087221 0.0 0.34709205227311046 0.0 0.34553168480767465
0 0.854980 0.194824 0.153320 0.086914 0.0 0.23499708337243344 0.0 0.16338626325555586 0.0 0.24144872986252297 0.0 0.2793975708915465 0.0 0.3515346343506729 0.0 0.35572717648112884 0.0
0 0.338379 0.618652 0.184570 0.088867 0.0 0.1982715782736571 0.0 0.15364852543183186 0.0 0.3371041156515776 0.0 0.34438591322687523 0.0 0.3411086541466116 0.0 0.34664750375091014 0.0
0 0.530762 0.703125 0.108398 0.142578 0.0 0.0 0.22094233340356306 0.0 0.15149528554562225 0.0 0.16306203931132268 0.0 0.1746155143471732 0.0 0.3436017402298698 0.0 0.3518216819053303
0 0.848633 0.019531 0.099609 0.037109 0.0 0.0 0.0 0.3982955895089401 0.0 0.0 0.0 0.3042987676070949 0.0 0.0 0.0 0.32206299544591466 0.0
0 0.868652 0.757812 0.129883 0.060547 0.0 0.0 0.0 0.3729172390020776 0.0 0.0 0.0 0.23789429682363689 0.0 0.0 0.0 0.3404546458240077 0.0
0 0.410645 0.820312 0.262695 0.111328 0.0 0.23571730402429755 0.0 0.1965933236310492 0.0 0.410542020863477 0.0 0.4245833424572366 0.0 0.34376764679049754 0.0 0.3457528994541778 0.0
0 0.059082 0.466309 0.116211 0.106445 0.0 0.21194765447699584 0.0 0.205384600661162 0.0 0.2933918567742997 0.0 0.29863214031419594 0.0 0.320964377227493 0.0 0.352919513386309 0.0
0 0.741699 0.858398 0.065430 0.136719 0.03042371259623891 0.0 0.38941370603353315 0.0 0.0 0.0 0.2421017771360659 0.0 0.0 0.0 0.3461152403580602 0.0 0.0
0 0.414062 0.105469 0.097656 0.091797 0.0 0.0 0.14996085498300116 0.0 0.1258646351836322 0.0 0.2846930688637993 0.0 0.41302612014300744 0.0 0.34075890166082434 0.0 0.342682281667927
0 0.984863 0.036133 0.030273 0.070312 0.0 0.22304337707860025 0.0 0.21163283279935752 0.0 0.34394047630319546 0.0 0.37568882405023835 0.0 0.3193176945095936 0.0 0.3003632567798118 0.0
0 0.025391 0.736816 0.048828 0.084961 0.0 0.1312478820421447 0.0 0.10555147266927538 0.0 0.34842105133987367 0.0 0.3538877313949499 0.0 0.38218806799974553 0.0 0.2915464691442054 0.0
0 0.281738 0.027344 0.110352 0.052734 0.0 0.047056191982910396 0.17244039615612508 0.06355844485372782 0.010068544173244959 0.12725534019637247 0.2639805982457624 0.1388392968879281 0.2692497998867125 0.4465764130874372 0.3529476208804321 0.37119603713139215 0.3514074688776642
0 0.325195 0.479980 0.101562 0.073242 0.0 0.0 0.12285056703703175 0.0 0.21809997902948855 0.0 0.28673489401437535 0.0 0.29225019456349544 0.0 0.34985827888696563 0.0 0.3911245635553437
0 0.739258 0.511719 0.113281 0.115234 0.0 0.0 0.17466188680698969 0.0 0.30169635784476717 0.0 0.24461699483752095 0.0 0.253819687708615 0.0 0.34329546316383747 0.0 0.3474863331661507
0 0.335449 0.423828 0.088867 0.046875 0.0 0.0 0.10315071414533035 0.0 0.048211662187348375 0.0 0.18514391937013452 0.0 0.20770350868706366 0.0 0.3795806344293055 0.0 0.2843275739110428
0 0.522949 0.050293 0.081055 0.096680 0.0 0.2434505841878111 0.0 0.18108424316262617 0.0 0.32737952295569095 0.0 0.34468978467673184 0.0 0.35354695986214024 0.0 0.3452987677653621 0.0
0 0.031738 0.657715 0.061523 0.075195 0.0 0.22322938244361604 0.0 0.1309597799944473 0.0 0.32081880066755375 0.0 0.3001882612026354 0.0 0.35072730599077745 0.0 0.3422138748812308 0.0
0 0.241211 0.982910 0.111328 0.034180 0.0 0.2467460945044115 0.0 0.0 0.0 0.3950725040865513 0.0 0.0 0.0 0.3438121189110933 0.0 0.0 0.0
0 0.046875 0.561035 0.091797 0.100586 0.0 0.0 0.16504656762815156 0.0 0.16653504265392113 0.0 0.3730803665662501 0.0 0.3675444532541591 0.0 0.34912527626616324 0.0 0.3508845799512045
0 0.386719 0.222656 0.093750 0.058594 0.0 0.0 0.20273251322464542 0.0 0.2118492679740761 0.0 0.2742534214836061 0.0 0.2712443279749781 0.0 0.339923303906864 0.0 0.3599535533491658
0 0.800293 0.871094 0.065430 0.136719 0.0 0.0 0.3603186720592886 0.0 0.0 0.0 0.24261106142507474 0.0 0.0 0.0 0.35619703594619584 0.0 0.0
0 0.847168 0.881836 0.065430 0.136719 0.0 0.0 0.2955518461230187 0.0 0.0 0.0 0.2414616431560141 0.0 0.0 0.0 0.34901118364790273 0.0 0.0
0 0.895996 0.890625 0.065430 0.136719 0.0 0.0 0.31584173990639813 0.0 0.0 0.0 0.2420647613239233 0.0 0.0 0.0 0.3457715869790705 0.0 0.0
0 0.945801 0.906250 0.065430 0.136719 0.0 0.0 0.3374601582312174 0.0 0.0 0.0 0.23948068346653212 0.0 0.0 0.0 0.3468585736399821 0.0 0.0
0 0.656250 0.882812 0.138672 0.234375 0.38599023491622775 0.0 0.0 0.0 0.0 0.0 0.0 0.0 0.0 0.0 0.0 0.0 0.0
0 0.384277 0.893555 0.262695 0.111328 0.0 0.2344982049820325 0.0 0.18001367724338804 0.0 0.40232762842601416 0.0 0.39509617845119716 0.0 0.3439080451234367 0.0 0.3443042163312179 0.0
0 0.491699 0.136719 0.075195 0.083984 0.0 0.1446138322916901 0.0 0.218396904073843 0.0 0.3128122367123472 0.0 0.3074949908198304 0.0 0.3445478061756946 0.0 0.338646922423678 0.0
0 0.439941 0.033691 0.090820 0.065430 0.0 0.19841680880891782 0.0 0.12411399908341982 0.1157308962050435 0.3298887553104434 0.0 0.3456805654961017 0.31762262688640613 0.3391710812610605 0.0 0.35096266418910005 0.34604379721344414
0 0.866699 0.133301 0.153320 0.086914 0.0 0.3202441804506973 0.07318890977101752 0.0 0.0 0.16491334344813166 0.21658720119748892 0.0 0.0 0.339680765155125 0.3248332531370686 0.0 0.0
0 0.716309 0.608398 0.108398 0.089844 0.0 0.0 0.19686377108884096 0.0 0.30911449471748653 0.0 0.24712621133516097 0.0 0.2540591472130433 0.0 0.3444572214234136 0.0 0.34861316259722125
0 0.881348 0.710938 0.129883 0.060547 0.0 0.0 0.0 0.36387434457032447 0.0 0.0 0.0 0.2405784372621403 0.0 0.0 0.0 0.34556742187271666 0.0
0 0.892090 0.662109 0.129883 0.060547 0.0 0.0 0.0 0.3382732135475777 0.0 0.0 0.0 0.23808372001235406 0.0 0.0 0.0 0.3444144100498275 0.0
0 0.906738 0.610352 0.129883 0.060547 0.0 0.0 0.0 0.3406559629868583 0.0 0.0 0.0 0.23474625814142205 0.0 0.0 0.0 0.34635683995878835 0.0
0 0.926270 0.535156 0.129883 0.060547 0.0 0.16562772518600283 0.056653252053927294 0.11172455232037369 0.05534036301589556 0.3129441034286548 0.271654628788484 0.3137647212011455 0.29347111370614826 0.33394097774060943 0.3460768869485959 0.3328669127840499 0.3306163730441455
0 0.938477 0.473633 0.117188 0.068359 0.0 0.0 0.0 0.37254990208508815 0.0 0.0 0.0 0.19505684077054938 0.0 0.0 0.0 0.34013081896635844 0.0
0 0.947754 0.419434 0.104492 0.063477 0.0 0.0 0.0 0.36022717411851984 0.0 0.0 0.0 0.19530854378970916 0.0 0.0 0.0 0.33898038743715614 0.0
0 0.953613 0.366699 0.092773 0.065430 0.0 0.0 0.0 0.3336512169297498 0.0 0.0 0.0 0.19949626948422505 0.0 0.0 0.0 0.33871879119194453 0.0
0 0.960449 0.315430 0.079102 0.058594 0.0 0.0 0.0 0.3975999716155172 0.0 0.0 0.0 0.19838308063892762 0.0 0.0 0.0 0.34071176450076324 0.0
0 0.967285 0.261719 0.065430 0.060547 0.0 0.0 0.0 0.32152879962349934 0.0 0.0 0.0 0.1975536826681794 0.0 0.0 0.0 0.3415475519822009 0.0
0 0.973145 0.208008 0.053711 0.056641 0.0 0.0 0.0 0.3629791372623632 0.0 0.0 0.0 0.1980766644353519 0.0 0.0 0.0 0.340400535547583 0.0
0 0.981445 0.149902 0.037109 0.053711 0.0 0.0 0.0 0.3899937319171953 0.0 0.0 0.0 0.20141585516640909 0.0 0.0 0.0 0.347880427489646 0.0
