0 0.197266 0.903320 0.136719 0.087891 0.038359819907321194 0.0 0.13584416445461295 0.0 0.15316571593826325 0.0 0.2670349909350076 0.0 0.38092998456569543 0.0 0.6208388150767239 0.0 0.6188050136780393
0 0.460286 0.305664 0.105469 0.087891 0.0 0.10869436598994252 0.06485844653146154 0.048694594676597786 0.0 0.3234179369561093 0.32883867384707893 0.3127786990478981 0.0 0.2605317741431095 0.3192343383741843 0.2779255541193843 0.0
0 0.369792 0.882324 0.098958 0.086914 0.0 0.09953796958305534 0.016439703666056137 0.12334857517770478 0.0608196476700056 0.2589173250545188 0.3349080042679476 0.28317238348267065 0.3697304197944614 0.622914182998935 0.6443039299703028 0.6282571885159737 0.5998929787761818
0 0.553385 0.332520 0.111979 0.079102 0.0 0.10245076694624917 0.0 0.09562629665043167 0.04326479320826062 0.24834610209785898 0.0 0.2544920939227564 0.2582616849803882 0.3024626090217808 0.0 0.29889962313166873 0.3008923004681394
0 0.319010 0.736816 0.117188 0.081055 0.037765513232321135 0.13494514240908623 0.0 0.1708003947202902 0.07401981394243566 0.2802908140172554 0.0 0.26381355678295704 0.2796575878746234 0.6160761479916966 0.0 0.5507171623994408 0.625968060733604
0 0.376302 0.155762 0.111979 0.084961 0.0 0.09687914477241853 0.0 0.12718919634211842 0.06094656021225506 0.27230831664516264 0.0 0.269522769413546 0.2838019008644528 0.3064777736708682 0.0 0.30127334154122043 0.32497373003653673
0 0.362630 0.283691 0.113281 0.083008 0.0 0.07914399994508488 0.0 0.06788860975320442 0.057533303735087075 0.33541328099773776 0.0 0.33241979117201864 0.3247089045245239 0.28959051040296563 0.0 0.2845623730448949 0.28708469360600475
0 0.486328 0.576660 0.100260 0.081055 0.0 0.11303496608404678 0.0 0.14090130827591058 0.04798562547529652 0.28879556340429663 0.0 0.2905540857816858 0.44862154435032114 0.30064555102958507 0.0 0.28190292505506453 0.30911569644685305
0 0.209635 0.073242 0.098958 0.068359 0.0 0.1389123378653469 0.0 0.1516809095188262 0.06704209628861536 0.35632416648781046 0.0 0.3608239003216101 0.36079767991840284 0.08374492538179858 0.0 0.07375890548719705 0.07694041519420378
0 0.461589 0.872559 0.095052 0.084961 0.0 0.0913697966507271 0.0594399920170379 0.09647547489766649 0.0 0.28156913406158296 0.30629962059250976 0.2948801755055692 0.0 0.6146757924614275 0.6268154772462051 0.6277431788354344 0.0
0 0.268880 0.105469 0.102865 0.072266 0.0 0.1600611107538869 0.09454615898736721 0.11255829528013904 0.0 0.35879382753172856 0.36853384217421054 0.3645218127223683 0.0 0.0745428012405173 0.0646390370619593 0.09097250001544492 0.0
0 0.809896 0.796387 0.101562 0.063477 0.0 0.17059704717870652 0.11929966341300934 0.16321288843290893 0.0 0.30915737229776696 0.2351488190973248 0.32033904665975116 0.0 0.2923766963473953 0.5219539094521853 0.3124508702269556 0.0
0 0.615234 0.751465 0.102865 0.057617 0.0 0.144771164937392 0.07337964391069067 0.11203537933235305 0.0 0.2864011311489595 0.2693389085619853 0.3143507068934737 0.0 0.30209992597685315 0.2976342445789726 0.31033381514821484 0.0
0 0.756510 0.638184 0.101562 0.083008 0.0 0.11975151103438696 0.07970077340228801 0.10110304040165825 0.0 0.35384293023114405 0.4036189851489957 0.35282739363716475 0.0 0.29112335663469807 0.2967435689384552 0.3129123633418759 0.0
0 0.410156 0.028320 0.091146 0.054688 0.0 0.17668788347392908 0.11123575032668666 0.23461671492082975 0.0 0.2998041222949795 0.39478019128026703 0.3140194858832962 0.0 0.05190998284279994 0.07430584173977321 0.07786005462883609 0.0
0 0.572917 0.596191 0.098958 0.083008 0.0 0.08548987098929114 0.09518517874175203 0.04927270486681807 0.0 0.28691605753723154 0.27505830361273037 0.29059205302618457 0.0 0.298287314382152 0.3028339158121222 0.3005198957847774 0.0
0 0.669922 0.615234 0.092448 0.078125 0.0 0.17091862404947278 0.0 0.13952599341690175 0.08573095824207695 0.35848658122985416 0.0 0.36650251812538764 0.36780397227901673 0.3075287121111608 0.0 0.30624898256959343 0.3033983727656079
0 0.636068 0.465332 0.084635 0.077148 0.0 0.16736334877314873 0.0 0.12105124018058809 0.06285301630022054 0.36144985929720874 0.0 0.28372829613753014 0.3562328197351473 0.2871511462863909 0.0 0.3208825975318466 0.31013476067101886
0 0.225911 0.972656 0.121094 0.054688 0.0 0.0 0.0691415366936844 0.0 0.0696391865898268 0.0 0.26967115802153013 0.0 0.380489268025627 0.0 0.6516000044463274 0.0 0.6098132973086898
0 0.175130 0.230957 0.100260 0.081055 0.0 0.12139008322277739 0.0 0.2124370859483795 0.055704385572683035 0.269305542271785 0.0 0.2179492589979038 0.2538343486545754 0.22758795039235938 0.0 0.22252103273800117 0.21147981186331796
0 0.720703 0.775391 0.089844 0.064453 0.0 0.15103696224760946 0.0 0.1340101839247463 0.09178422411388683 0.32552591149389093 0.0 0.3370936087630078 0.3193815077834303 0.3061125862232449 0.0 0.3129044706788351 0.31029215858589254
0 0.523438 0.459473 0.098958 0.059570 0.0 0.08805503993467712 0.056532984699395314 0.09239972637208238 0.0 0.3185745623747404 0.3102309542164456 0.3230588555008406 0.0 0.28520089960537987 0.3129098298484728 0.31902363715624976 0.0
0 0.720052 0.480957 0.111979 0.100586 0.0 0.07605787651178779 0.024583550261625287 0.08111597158604052 0.0 0.3401339338788014 0.33292956837233567 0.35203384035205526 0.0 0.2968403008609894 0.3116297718217221 0.30663678553246837 0.0
0 0.457682 0.177734 0.082031 0.085938 0.0 0.1431677310922721 0.03096895817170556 0.06507649344840252 0.0 0.1664203642135813 0.2516041948147905 0.28413395408142283 0.0 0.3001066432298001 0.2751669064866468 0.288325427822618 0.0
0 0.244792 0.418945 0.101562 0.097656 0.0 0.09353342451593559 0.0 0.09757877495990429 0.0655543667760136 0.19786314662424592 0.0 0.1938960449246771 0.27075225494403604 0.6552873530926419 0.0 0.6229663362915353 0.630290204440388
0 0.571615 0.879395 0.101562 0.079102 0.0 0.12068273314147641 0.0 0.11408179350464778 0.07679069215678823 0.2671369953832384 0.0 0.2712474495706931 0.27060359506476545 0.30114840473447957 0.0 0.30435626125959186 0.30544378674905426
0 0.610677 0.188477 0.161458 0.085938 0.0 0.12111505438816358 0.030156633770043895 0.11718672616932017 0.01861020635819257 0.2841998785928099 0.2872455211985869 0.30112382682990424 0.25631294656562076 0.5976205065399425 0.6172818138253366 0.6473613794064805 0.6301236996066213
0 0.462240 0.970703 0.096354 0.058594 0.0 0.0 0.23501984062383235 0.0 0.06072697024354675 0.0 0.15775816215803792 0.0 0.15086656872239632 0.0 0.5373851518869575 0.0 0.5676382452216949
0 0.111328 0.555176 0.147135 0.090820 0.0 0.0 0.14994679134738048 0.0 0.13772588565182367 0.0 0.3341038368639973 0.0 0.333261412455416 0.0 0.6202005908170294 0.0 0.6183217398487655
0 0.427734 0.729004 0.100260 0.077148 0.0 0.12555459410639133 0.06528328976026182 0.13659130347976214 0.0 0.284805724948675 0.3790686998392744 0.28282816950716216 0.0 0.6203012121528407 0.6347121435368723 0.6334561767302059 0.0
0 0.740234 0.373047 0.092448 0.058594 0.0 0.1429530427449713 0.0 0.12789705075138907 0.08394514182616927 0.30993577022635227 0.0 0.289660221580959 0.28249540785540544 0.29338301088511054 0.0 0.31210184756036796 0.299912699559178
0 0.128906 0.645508 0.132812 0.082031 0.0 0.0 0.21599762701032285 0.0 0.18842847682801134 0.0 0.2822926741791749 0.0 0.28194577547247285 0.0 0.6180111357330864 0.0 0.6218333677740412
0 0.444661 0.439453 0.082031 0.058594 0.0 0.13481891821189285 0.0 0.17858644937088466 0.0 0.36025253299939103 0.0 0.33947067428127886 0.0 0.2998422448922009 0.0 0.30181148455682677 0.0
0 0.525391 0.743652 0.087240 0.059570 0.0 0.16088532830241645 0.0 0.13385388129405754 0.04999778580949378 0.38527313306663885 0.0 0.34413916730511346 0.35045960460320763 0.2878765123762463 0.0 0.3100899015038547 0.29576358731136765
0 0.263672 0.245117 0.105469 0.076172 0.0 0.10913749269239498 0.06804300349208213 0.08893548846779319 0.0 0.2486486674290533 0.2458140407547137 0.2572153749850612 0.0 0.2345089810783332 0.22419699926038056 0.23115530254078653 0.0
0 0.589844 0.052734 0.208333 0.103516 0.0 0.061864058131600654 0.029682610649134276 0.06903386998152142 0.04683142653694419 0.3038622219765086 0.3002213261688089 0.30304748591403446 0.2523929588583671 0.6047370411004734 0.6283108940856872 0.6250005592136576 0.6211413937201282
0 0.761068 0.039062 0.095052 0.076172 0.0 0.15062424726904178 0.0 0.11944218524457799 0.0624747821746657 0.24297940055533676 0.0 0.23784897189428122 0.22999342130155742 0.62235080014078 0.0 0.620993585897628 0.6209591035602797
0 0.826172 0.515137 0.115885 0.073242 0.0 0.16647054207783538 0.0 0.1606657030984376 0.0 0.40563014391828545 0.0 0.3896066272983172 0.0 0.6284232177678752 0.0 0.6242570947064988 0.0
0 0.650391 0.343750 0.118490 0.072266 0.0 0.16611782258599048 0.011497904884852554 0.12874437203201242 0.0 0.3331813230624529 0.3611014074818362 0.2012872699649902 0.0 0.2986425601099836 0.3051278917631142 0.42649157905001783 0.0
0 0.331380 0.400391 0.092448 0.126953 0.0 0.053781850454224324 0.10082277769139777 0.08104465551899796 0.0 0.2790696609825453 0.20501576886637046 0.2983280637453184 0.0 0.6215147090953795 0.613820852622779 0.6148497548482106 0.0
0 0.829427 0.391113 0.109375 0.075195 0.0 0.10599858964169823 0.05757229244989673 0.14015704304293206 0.0 0.23970968524213715 0.22960696955175652 0.2386464663910662 0.0 0.29289571483332555 0.2960740775905606 0.3096027572340511 0.0
0 0.156901 0.732910 0.128906 0.086914 0.0 0.0 0.1820193393728622 0.0 0.1425984449148217 0.0 0.31037330577221767 0.0 0.35314883440791334 0.0 0.6225590456510608 0.0 0.6058807779485593
0 0.088542 0.466797 0.127604 0.089844 0.0 0.0 0.19968180642823802 0.0 0.1503454451915495 0.0 0.24502480907510676 0.0 0.24646170876420048 0.0 0.6245958460070541 0.0 0.6211098230679647
0 0.660807 0.910156 0.105469 0.074219 0.0 0.10706258801538997 0.048407268208925415 0.07207157488461738 0.025793260910809895 0.3936366635574474 0.3512942029834661 0.3774967937284361 0.39851001785000745 0.29601437920835344 0.3007333480511275 0.3005983670692419 0.31363363890984414
0 0.834635 0.268066 0.093750 0.069336 0.0 0.1443117577815951 0.0 0.09394105542498758 0.0583412483796952 0.32411227873933396 0.0 0.3345750449223304 0.3308075265568569 0.2747980661535059 0.0 0.2631852469805892 0.26814321299972527
0 0.790365 0.150391 0.098958 0.101562 0.10040252331337197 0.11839386363994198 0.0 0.0794559006334111 0.07091324886827832 0.3239328619234834 0.0 0.33520734676220787 0.3233201836075766 0.6179133780190043 0.0 0.6265903946855184 0.6239495121608927
0 0.352214 0.013672 0.128906 0.025391 0.0 0.08899731445839011 0.0 0.24227013204041406 0.0 0.3102515369255677 0.0 0.30407091428034133 0.0 0.06238403998951914 0.0 0.07037761469991966 0.0
0 0.758464 0.928223 0.089844 0.077148 0.0 0.1310631884149468 0.0 0.1674753041830264 0.09482105367369846 0.27159749706444497 0.0 0.2683770377174981 0.273658183198704 0.31666765700261945 0.0 0.28637017233621564 0.3082748242690337
0 0.533854 0.402344 0.096354 0.060547 0.0 0.0 0.23994837667659405 0.0 0.03980478749059695 0.0 0.1498496282504496 0.0 0.2575008403552982 0.0 0.2959880172070181 0.0 0.3816831171746445
0 0.850911 0.034180 0.095052 0.066406 0.0 0.13129679791503188 0.06187394181896377 0.1565422638256259 0.0 0.24163683006484973 0.272422447287332 0.22481605865288337 0.0 0.6362531189594054 0.5653049944198029 0.6228972355103015 0.0
0 0.057292 0.270996 0.106771 0.100586 0.0 0.0 0.27697369350412415 0.0 0.22283295536201286 0.0 0.3549355520787485 0.0 0.35650872601760364 0.0 0.6237402035451546 0.0 0.625040976390261
0 0.074870 0.371094 0.134115 0.099609 0.0 0.0 0.20281636446947285 0.0 0.14910798713146303 0.0 0.32523236459779165 0.0 0.3435435961256179 0.0 0.6219469089194462 0.0 0.6139186963458122
0 0.536458 0.679199 0.114583 0.059570 0.0 0.05728346265088635 0.0 0.1728487668505125 0.0 0.27361921028217334 0.0 0.2457940859986492 0.0 0.3290153488751593 0.0 0.30844597963617654 0.0
0 0.179688 0.820312 0.145833 0.093750 0.05269794252808024 0.0 0.1478368080195254 0.0 0.21620835279497116 0.0 0.2537958375241157 0.0 0.37584765062631276 0.0 0.6153788377452065 0.0 0.6187062805273924
0 0.922526 0.295898 0.089844 0.072266 0.0 0.0944965426323346 0.06183560876087615 0.06892865309599058 0.0 0.24179951244894327 0.24380417228323523 0.24685991162389098 0.0 0.2665281489974452 0.3150372061019589 0.26432042442064524 0.0
0 0.842448 0.947754 0.083333 0.065430 0.0 0.17983243653631625 0.14977785649255704 0.039322890020715824 0.0 0.2767884444956228 0.24053297705214657 0.2910179860483474 0.0 0.3487712915944673 0.2636968370042104 0.29442099220190066 0.0
0 0.374349 0.572266 0.087240 0.097656 0.0 0.059658373185341514 0.031921119777988075 0.09190620295838593 0.0 0.38210168117667037 0.3830801733919416 0.38100677265341015 0.0 0.6367408703571351 0.618409402166315 0.6260955854256458 0.0
0 0.882812 0.151367 0.083333 0.062500 0.0 0.1808870743134468 0.0863967439075055 0.1700226917136194 0.0 0.25827408831576226 0.26467802508939947 0.259185204726177 0.0 0.6080819278366971 0.6194806604193884 0.6289722334310833 0.0
0 0.047526 0.196289 0.092448 0.050781 0.06755633334851077 0.0 0.0 0.0 0.0 0.0 0.0 0.0 0.0 0.0 0.0 0.0 0.0
0 0.037109 0.142090 0.071615 0.069336 0.0 0.0 0.17216036416679456 0.0 0.0 0.0 0.24950311839591507 0.0 0.0 0.0 0.6052831446193845 0.0 0.0
0 0.032552 0.081055 0.062500 0.054688 0.0 0.0 0.16223944064534312 0.0 0.2903117585515063 0.0 0.24212804056278747 0.0 0.24756763846813348 0.0 0.038894460369374426 0.0 0.059391534268699316
0 0.145182 0.026367 0.118490 0.050781 0.11719026527595797 0.03562119934629416 0.0 0.07093129263187824 0.0 0.32549915783240213 0.0 0.3337700754258455 0.0 0.8354417739425058 0.0 0.9458761327463908 0.0
0 0.546224 0.976074 0.074219 0.047852 0.33847004976240735 0.0 0.0 0.0 0.0 0.0 0.0 0.0 0.0 0.0 0.0 0.0 0.0
0 0.292969 0.586914 0.091146 0.062500 0.0 0.1558374309587392 0.0 0.10061414856485242 0.0 0.2969710443225774 0.0 0.3382179324801581 0.0 0.7080046356453432 0.0 0.5529645223093471 0.0
0 0.868490 0.657715 0.101562 0.083008 0.0 0.12394006774793312 0.021325852464020544 0.07151144247099818 0.10725512453556518 0.2747121821759204 0.21570977285456713 0.21438674837284677 0.27969569175771913 0.631075099733361 0.8611012869523882 0.6580528350298139 0.6338716520771795
0 0.960286 0.643066 0.079427 0.083008 0.0 0.09397849453645234 0.0688947323797822 0.09380101594791893 0.0 0.24963600654826526 0.2853474930449024 0.2646700390412815 0.0 0.6344822785805935 0.6440197087234656 0.6228267327798689 0.0
0 0.923828 0.506348 0.082031 0.057617 0.0 0.10674528549689946 0.04290839519655409 0.13874254873152939 0.0 0.2806275551854276 0.30866468501392663 0.2584082775883006 0.0 0.6225514559203967 0.6391827774534872 0.6195213765675274 0.0
0 0.916016 0.831543 0.079427 0.069336 0.0 0.07955177897391001 0.0 0.10281672069309833 0.04351910852165589 0.34593303565408345 0.0 0.35851558212703566 0.33870138533473976 0.6285289339180289 0.0 0.6278482119666712 0.6246809495300103
0 0.972656 0.809570 0.054688 0.095703 0.0 0.09861266994635928 0.0 0.09365779089901873 0.0 0.28422132295919617 0.0 0.29074112241552985 0.0 0.6179447968891862 0.0 0.6249328595559374 0.0
0 0.951823 0.975586 0.096354 0.046875 0.0 0.11278477643953241 0.0 0.14777053171778137 0.06735032600553756 0.2887707121620713 0.0 0.2671704299636406 0.2676539067202908 0.6273207493448444 0.0 0.6232409458075343 0.5944874152850521
0 0.949870 0.910645 0.100260 0.073242 0.05814677926455112 0.0 0.0 0.19172129236843088 0.0 0.0 0.0 0.19819809672912944 0.0 0.0 0.0 0.5512018781575395 0.0
