0 0.141113 0.644043 0.086914 0.090820 0.0 0.2185270474835769 0.0 0.17599329775760392 0.0 0.2858760898423504 0.0 0.28316418195109416 0.0 0.6372209784030287 0.0 0.6507998484166465 0.0
0 0.221191 0.632812 0.084961 0.099609 0.0 0.17932153692307465 0.0 0.190687116342265 0.0 0.2520284399775417 0.0 0.2570121212308415 0.0 0.6372125328648198 0.0 0.642661753911567 0.0
0 0.297852 0.615234 0.087891 0.083984 0.0 0.16425911845655278 0.0 0.2459915009155351 0.0 0.2873832447974281 0.0 0.3257427360961691 0.0 0.6490980486035222 0.0 0.6007895068777764 0.0
0 0.310547 0.922852 0.087891 0.064453 0.0 0.26686001615825655 0.0 0.0 0.0 0.3079269183461483 0.0 0.0 0.0 0.5762804838897065 0.0 0.0 0.0
0 0.050293 0.652832 0.098633 0.069336 0.0 0.22919120896212242 0.0 0.2388793114802778 0.0 0.29494267438580746 0.0 0.3074544651222462 0.0 0.6604611307617093 0.0 0.6620699641111312 0.0
0 0.223145 0.940918 0.090820 0.075195 0.0 0.08980854039132292 0.0 0.0 0.0 0.22464361022119306 0.0 0.0 0.0 0.5831230304126386 0.0 0.0 0.0
0 0.661133 0.836914 0.105469 0.050781 0.4514538324091734 0.0 0.0 0.0 0.0 0.0 0.0 0.0 0.0 0.0 0.0 0.0 0.0
0 0.058594 0.967773 0.099609 0.064453 0.0 0.2155283736207895 0.0 0.0 0.0 0.29257082645613297 0.0 0.0 0.0 0.5583337137799738 0.0 0.0 0.0
0 0.143555 0.954590 0.070312 0.071289 0.0 0.2614666793319384 0.0 0.0 0.0 0.28199942921657467 0.0 0.0 0.0 0.5840363986456487 0.0 0.0 0.0
0 0.416992 0.581543 0.173828 0.094727 0.0 0.1417308011596174 0.03458092993454027 0.17604829364317612 0.0 0.2953553172966769 0.286142296273967 0.26592145699352665 0.0 0.6431333202923408 0.6397624802729182 0.6489191178831883 0.0
0 0.124512 0.496582 0.106445 0.086914 0.0 0.12640780269919216 0.0 0.06091911347834169 0.0 0.3164750972975592 0.0 0.3089757650537365 0.0 0.6574763842450512 0.0 0.6522345494585668 0.0
0 0.395020 0.908691 0.079102 0.067383 0.0 0.2406077472518325 0.0 0.0 0.0 0.30413556039409806 0.0 0.0 0.0 0.5717979897998291 0.0 0.0 0.0
0 0.041016 0.520020 0.080078 0.088867 0.0 0.14248022880547684 0.0 0.10850749461168768 0.0 0.2526089567869787 0.0 0.26578775879836447 0.0 0.6588243138726112 0.0 0.6519351017476935 0.0
0 0.707520 0.107422 0.256836 0.177734 0.13094143518710077 0.0009179766526369337 0.0 0.04970959085467305 0.0 0.1256997651449287 0.0 0.10070191584285029 0.0 0.8749721767828715 0.0 0.835450825206329 0.0
0 0.145996 0.099609 0.061523 0.062500 0.0 0.0 0.0 0.0 0.415010651169031 0.0 0.0 0.0 0.15952326099519296 0.0 0.0 0.0 0.27247446362540273
0 0.958984 0.058105 0.082031 0.114258 0.0755599720769213 0.0 0.06192811978239957 0.0 0.21608440979797888 0.0 0.2921008255333627 0.0 0.28792207308177453 0.0 0.6462568355553393 0.0 0.6307359881202176
0 0.042969 0.239258 0.046875 0.064453 0.20256234946209029 0.0 0.0 0.14381100732333177 0.0 0.0 0.0 0.3023729207126989 0.0 0.0 0.0 0.8980992175484555 0.0
0 0.469238 0.893066 0.073242 0.063477 0.0 0.19627010955742752 0.0 0.0 0.0 0.2705028745685685 0.0 0.0 0.0 0.6007250403978542 0.0 0.0 0.0
0 0.671387 0.373047 0.186523 0.101562 0.41736822460081235 0.0 0.0 0.0 0.0 0.0 0.0 0.0 0.0 0.0 0.0 0.0 0.0
0 0.651855 0.584961 0.196289 0.244141 0.0 0.1274822123884389 0.0 0.13116161164835513 0.0 0.1202576383888273 0.0 0.12633189046088447 0.0 0.6335247717899543 0.0 0.6528150670255862 0.0
0 0.532715 0.408691 0.110352 0.084961 0.37680641560162775 0.0 0.005635458932310373 0.0 0.0 0.0 0.11524576575538291 0.0 0.0 0.0 0.6415597971211379 0.0 0.0
0 0.969238 0.318359 0.061523 0.115234 0.0 0.12830606219019589 0.0 0.14125557499723185 0.0 0.26868872154613194 0.0 0.264563106084907 0.0 0.6425358305219463 0.0 0.6567121360532003 0.0
0 0.115723 0.153320 0.061523 0.062500 0.0 0.0 0.0 0.0 0.552155805740026 0.0 0.0 0.0 0.1588005906609166 0.0 0.0 0.0 0.1532702076808012
0 0.079590 0.202148 0.061523 0.062500 0.0 0.0 0.0 0.0 0.5190541083929409 0.0 0.0 0.0 0.1590403543386006 0.0 0.0 0.0 0.03386575130252759
0 0.014160 0.264648 0.026367 0.074219 0.0 0.41688767302926927 0.0 0.0 0.0 0.1633208979641406 0.0 0.0 0.0 0.8889122746628902 0.0 0.0 0.0
0 0.224609 0.326172 0.185547 0.144531 0.24439912707864347 0.0 0.0 0.0 0.0 0.0 0.0 0.0 0.0 0.0 0.0 0.0 0.0
0 0.386230 0.261230 0.122070 0.129883 0.18375970859944207 0.0 0.0 0.0746406079963587 0.0 0.0 0.0 0.08930248400224552 0.0 0.0 0.0 0.8429424043609711 0.0
0 0.509766 0.196777 0.142578 0.163086 0.23464638821901468 0.0 0.0 0.0 0.0 0.0 0.0 0.0 0.0 0.0 0.0 0.0 0.0
0 0.514648 0.098633 0.119141 0.101562 0.2850909039269518 0.0 0.0 0.0 0.0 0.0 0.0 0.0 0.0 0.0 0.0 0.0 0.0
0 0.856934 0.345703 0.186523 0.101562 0.31340728418067054 0.0 0.0 0.0 0.0 0.0 0.0 0.0 0.0 0.0 0.0 0.0 0.0
0 0.366211 0.446289 0.226562 0.105469 0.2649573398314365 0.0 0.0 0.0 0.0 0.0 0.0 0.0 0.0 0.0 0.0 0.0 0.0
0 0.533203 0.888672 0.054688 0.046875 0.0 0.23593029636099383 0.0 0.0 0.0 0.18758672800923848 0.0 0.0 0.0 0.7232328552030935 0.0 0.0 0.0
