0 0.188151 0.382812 0.113281 0.078125 0.0 0.04145391745023476 0.0691755984759493 0.03766453447882001 0.18234866570259192 0.2630674845300139 0.26160012918207154 0.33074708599700214 0.24823587907627315 0.7883102812478051 0.7699476518200774 0.7867614422529389 0.7702155640406958
0 0.490885 0.827148 0.169271 0.128906 0.0 0.05964793978145366 0.09455253483408889 0.03551698769947006 0.04979314599751263 0.21315307676637438 0.17895873635082096 0.15546184813098812 0.20536125299727956 0.753544445018329 0.7974982808100142 0.7805903456284207 0.7623236805940151
0 0.529297 0.367676 0.131510 0.086914 0.0 0.0 0.11280935966602848 0.1845717177531408 0.05459339483287751 0.0 0.2995386380874915 0.2534999775105183 0.29281666990842325 0.0 0.7557101589395007 0.7572793860465235 0.7902596096453121
0 0.401693 0.759766 0.095052 0.078125 0.0 0.039255019871540134 0.1713687407096546 0.025607488239445208 0.15450696503664477 0.27588384779288927 0.233898485277606 0.3010027786171149 0.36363517814101115 0.769322583028142 0.7509812015766515 0.7591771920529071 0.6937586725499554
0 0.688802 0.638184 0.135417 0.098633 0.0 0.0 0.13081217245070867 0.0 0.1559172249671667 0.0 0.2668449506688852 0.0 0.25201673773814115 0.0 0.7790418005530488 0.0 0.775028136014202
0 0.477214 0.288574 0.105469 0.075195 0.0 0.0 0.2448228858293382 0.0 0.1120910083130393 0.0 0.33377421868152324 0.0 0.2633346800226993 0.0 0.7799520232199242 0.0 0.7816564551487454
0 0.535807 0.071289 0.175781 0.111328 0.009720840981000192 0.0 0.13145215675599292 0.03233595940101552 0.11088010577242609 0.0 0.25490403586875376 0.28824200429698255 0.20621792625259933 0.0 0.1809789578619335 0.6082792692824475 0.7781448216009981
0 0.391276 0.419922 0.071615 0.072266 0.0 0.1481025282504186 0.0 0.1845087311670837 0.0 0.2283434370420497 0.0 0.3051605782845192 0.0 0.7779094209616911 0.0 0.756887409079156 0.0
0 0.623047 0.567383 0.131510 0.089844 0.0 0.0 0.21296159917390883 0.0 0.17126759946302322 0.0 0.30146764834037215 0.0 0.2904881271767335 0.0 0.7726490849993753 0.0 0.7683781120562959
0 0.751302 0.729492 0.135417 0.109375 0.0 0.0 0.18196623302964526 0.0 0.17542923534209243 0.0 0.3519881054171501 0.0 0.32418706308250533 0.0 0.7219252732834541 0.0 0.7810849733951065
0 0.288411 0.555664 0.102865 0.048828 0.0 0.17969307521762248 0.0 0.07952411176965898 0.0386578259983595 0.2887108705185261 0.0 0.30856518114216147 0.30663915675083214 0.7581043008803592 0.0 0.7615266253454099 0.780557250038318
0 0.794922 0.814941 0.113281 0.086914 0.0 0.0 0.11552100352950333 0.03059880580202189 0.10897247479587752 0.0 0.27352157302153685 0.32224733712164255 0.2913515485269816 0.0 0.7607190402218341 0.9024273566435107 0.766649011722412
0 0.307292 0.241211 0.119792 0.078125 0.40818669778710925 0.0 0.0 0.0 0.0 0.0 0.0 0.0 0.0 0.0 0.0 0.0 0.0
0 0.432943 0.228027 0.134115 0.071289 0.0 0.02155251323536597 0.1224787871805598 0.014580628093844028 0.07296373006890618 0.270770372225574 0.29600984632652494 0.2787295766369665 0.11555347726826073 0.7826579202546657 0.7618021683034965 0.7549291938441128 0.8057168083701272
0 0.369792 0.093262 0.093750 0.061523 0.0 0.0 0.1967127699518664 0.0 0.11643531496258028 0.0 0.34004517422883584 0.0 0.2927767479787863 0.0 0.7444341047749881 0.0 0.7789410754987115
0 0.355469 0.637207 0.135417 0.073242 0.0 0.02544655413435822 0.08408883609516006 0.023412380799608397 0.07715437435967155 0.2596892790580601 0.23276200696077726 0.2656107382066172 0.2384501497391146 0.7778367173925259 0.7487137514224733 0.7652070348341756 0.749022571843817
0 0.669922 0.313965 0.113281 0.083008 0.0 0.0 0.24334292515750708 0.0 0.1621216428900225 0.0 0.2729773204903674 0.0 0.25282222918225583 0.0 0.7701209473963382 0.0 0.7679264088791857
0 0.708984 0.103027 0.126302 0.077148 0.0 0.0 0.1242647153292625 0.0 0.13449065362594848 0.0 0.3560893959948052 0.0 0.3667778751782865 0.0 0.17732490197215864 0.0 0.17960605108253655
0 0.404297 0.148926 0.134115 0.086914 0.0 0.0 0.11211238575133405 0.0 0.0964194739575639 0.0 0.34291824583505565 0.0 0.3322296935983838 0.0 0.771537832194162 0.0 0.7866461360104122
0 0.301432 0.841309 0.113281 0.065430 0.0 0.0 0.16611979606133195 0.0 0.11142369237767748 0.0 0.26799322667053427 0.0 0.2534716947704397 0.0 0.7727456183396447 0.0 0.7809952928370882
0 0.239583 0.460449 0.122396 0.092773 0.0 0.029593406317135695 0.07277051969469352 0.10182851518803723 0.12543310321145906 0.35847435473434286 0.16598818213164782 0.32207653509879186 0.2820621017182058 0.8344453252335916 0.7442767637783578 0.7727520412463258 0.7690573364237584
0 0.629557 0.248535 0.110677 0.073242 0.0 0.0 0.11579442031709034 0.0 0.16446441781343463 0.0 0.2569803356523537 0.0 0.22691711467604977 0.0 0.678074235472009 0.0 0.5421674752660689
0 0.509115 0.492676 0.078125 0.059570 0.0 0.12155835623759077 0.0 0.19358849038963627 0.0 0.2644459613666401 0.0 0.24468490137944546 0.0 0.7784163727800878 0.0 0.7735992882673707 0.0
0 0.330729 0.911133 0.119792 0.082031 0.0 0.0 0.24797855855487277 0.0 0.16347707695866964 0.0 0.2511501483159582 0.0 0.18353833125606062 0.0 0.7649974517451824 0.0 0.8228666789925771
0 0.222656 0.719727 0.101562 0.054688 0.0 0.0 0.19450797346250095 0.0 0.14839804635802115 0.0 0.2929820313646219 0.0 0.1691993843738038 0.0 0.7617794460632262 0.0 0.614733006676859
0 0.973958 0.412109 0.052083 0.097656 0.0 0.0 0.0 0.056067042917557715 0.04782295329607976 0.0 0.0 0.25363802096126364 0.41946830015651937 0.0 0.0 0.24406064141356232 0.19056152272925525
0 0.720703 0.375977 0.110677 0.076172 0.0 0.0 0.18754870606274412 0.0 0.18524195617893904 0.0 0.25232937360571817 0.0 0.2525223428890603 0.0 0.7683760996818677 0.0 0.7712689516770085
0 0.761068 0.035645 0.126302 0.069336 0.0 0.0 0.11548955202198091 0.0 0.22118326254600718 0.0 0.1850837036075855 0.0 0.2729441893749641 0.0 0.1813972884282925 0.0 0.18031274798866043
0 0.158854 0.600098 0.101562 0.049805 0.0 0.1724041423034577 0.0630725564097506 0.13165812270301572 0.0 0.21375655750570768 0.2528144785911326 0.14432584666998607 0.0 0.7634579549337966 0.7688680630295855 0.7922850162347281 0.0
0 0.278646 0.791992 0.106771 0.048828 0.0 0.022433509211618193 0.17197480539937504 0.0 0.048731552945171 0.32138115150966395 0.2603232057915505 0.0 0.2502934020607196 0.8274683628874143 0.7808836938719766 0.0 0.7867414550948291
0 0.646484 0.170898 0.128906 0.078125 0.0 0.0 0.08597428576091085 0.0 0.08215476114360129 0.0 0.15534070519658988 0.0 0.34010067065589217 0.0 0.16623214352312252 0.0 0.1809144017243246
0 0.371745 0.527344 0.069010 0.046875 0.0 0.14188609284178758 0.0 0.10461572451557807 0.0 0.29353832576049277 0.0 0.29641751491540536 0.0 0.7638770249848723 0.0 0.7694761307384061 0.0
0 0.020182 0.110840 0.037760 0.063477 0.0 0.0 0.3274154643411995 0.0 0.0 0.0 0.24198043167044408 0.0 0.0 0.0 0.5821483037687889 0.0 0.0
0 0.537109 0.938965 0.144531 0.122070 0.0 0.19010813312980382 0.0 0.12895709402931357 0.07193267681982268 0.22901624283478822 0.0 0.2794988196270654 0.30187227727170796 0.9458950397405052 0.0 0.9454902194861208 0.7711617935980302
0 0.382812 0.973145 0.156250 0.053711 0.035200072113073924 0.02758356647142351 0.10364856617830867 0.035368619059152735 0.12835118005296078 0.3014746375599441 0.34324695666377136 0.44060264296230145 0.25990508674195895 0.7869679214029252 0.6205589439919048 0.7656045518438709 0.7488381454742583
0 0.361979 0.704102 0.101562 0.064453 0.0 0.030485949927748723 0.13760961584345335 0.016290109907777316 0.09986949281569533 0.3780375584370381 0.3191593200087055 0.4492740386370843 0.27480761505729634 0.7420477645317702 0.7488534079227157 0.7800151126277355 0.9068705948101431
0 0.185547 0.667480 0.123698 0.081055 0.0271451177975609 0.0 0.22611659479153742 0.0 0.050454384371236366 0.0 0.295053121313307 0.0 0.2186012402683905 0.0 0.7607897706252391 0.0 0.7701635037736814
0 0.605469 0.013184 0.093750 0.024414 0.027727510598070902 0.0 0.16753793327864117 0.20677729634413688 0.031975944374898514 0.0 0.30508660398504506 0.30409082519982716 0.281000756549946 0.0 0.17072223399249853 0.169974717851296 0.1602060371099769
0 0.940755 0.701660 0.118490 0.092773 0.0 0.0 0.10228746856763513 0.038412893779477236 0.16809353609545283 0.0 0.29943650650852316 0.35621137380269263 0.2893270076902572 0.0 0.02528500488416133 0.23378059958476707 0.036505998871691585
0 0.354167 0.043457 0.088542 0.057617 0.0 0.0 0.23062795298387856 0.0 0.09194026565089047 0.0 0.3184680149954251 0.0 0.31450774061212583 0.0 0.7700436144767355 0.0 0.7640019339640781
0 0.248047 0.759277 0.100260 0.047852 0.0 0.0 0.16636229562817736 0.0 0.07624417786657656 0.0 0.26994806187490966 0.0 0.2527907348736769 0.0 0.7748235136671443 0.0 0.8062641089084859
0 0.320312 0.013672 0.104167 0.025391 0.0 0.0 0.1569572059618188 0.0 0.20330831455099027 0.0 0.36537751457072176 0.0 0.3133935143360278 0.0 0.8064721817692785 0.0 0.7834386791761742
0 0.773438 0.477539 0.117188 0.126953 0.0 0.0 0.11151609544460034 0.0 0.07499759933082019 0.0 0.2479251233149632 0.0 0.18504677074787457 0.0 0.7883538699545588 0.0 0.7659120262129129
0 0.836589 0.429199 0.084635 0.098633 0.0 0.0 0.15943264498595427 0.0 0.050607163967224054 0.0 0.4188405989476115 0.0 0.27174692958959995 0.0 0.4592325011769588 0.0 0.7875985679446751
0 0.966797 0.160645 0.066406 0.069336 0.0 0.052822264619786174 0.0 0.0 0.14105625219806892 0.09980133693037863 0.0 0.0 0.25946020282916876 0.9994874360440933 0.0 0.0 0.1980252978754304
0 0.091797 0.524414 0.157552 0.095703 0.012912185236268857 0.0 0.11057738960009539 0.0 0.09535730582099927 0.0 0.276009245773877 0.0 0.21741213425036376 0.0 0.7626434270477376 0.0 0.7642832415832235
0 0.912109 0.281738 0.123698 0.083008 0.0 0.03694430319892789 0.09724130118642789 0.037798812095305154 0.1755898935520437 0.23103494813928988 0.3877752782470551 0.24940326664635906 0.2119396881709023 0.1988849152646553 0.18423088726921089 0.18728358801831585 0.18672993838685967
0 0.535807 0.635254 0.102865 0.065430 0.28928513122848193 0.0 0.0 0.0 0.028763323349064132 0.0 0.0 0.0 0.20432659738797626 0.0 0.0 0.0 0.786662832028383
0 0.690755 0.885742 0.126302 0.101562 0.0 0.12249941586695887 0.0 0.1277940194591589 0.0 0.4081746703445854 0.0 0.3248103169916473 0.0 0.9472044628953875 0.0 0.9382562522996744 0.0
0 0.080729 0.637207 0.070312 0.077148 0.0 0.1011174720100175 0.0 0.11571186352338705 0.0 0.2285603522086424 0.0 0.1405289443505067 0.0 0.7880288397914073 0.0 0.7687198770153044 0.0
0 0.953125 0.237793 0.093750 0.083008 0.0 0.0 0.06083753071513512 0.0 0.2304863690634986 0.0 0.22216221863482247 0.0 0.17810667416181283 0.0 0.17464742987201842 0.0 0.18386505348499327
0 0.616536 0.476074 0.147135 0.096680 0.0 0.04723663118832279 0.12126664690277977 0.0 0.05771317944768361 0.1700054317151255 0.25361715166225907 0.0 0.22824407737055605 0.759831048950733 0.7593286833087936 0.0 0.7609936150896411
0 0.889323 0.362305 0.096354 0.095703 0.0 0.010528495526278537 0.14900718518235523 0.011824211262830283 0.09633777015916876 0.2811438171688196 0.2881919781101107 0.29293418373051056 0.21161642493588476 0.20525467373524237 0.18603403475306068 0.15739472365598506 0.21539092996404874
0 0.068359 0.163574 0.126302 0.100586 0.0 0.07508497178198664 0.03316377280648819 0.037142975063888986 0.0488740846708388 0.26883561245314014 0.31644278792727304 0.24039524585093797 0.31984919996094163 0.7610784448416219 0.768121845890014 0.7754326813977284 0.76827468224432
0 0.095052 0.229004 0.117188 0.040039 0.0 0.0 0.10525329010218844 0.0 0.0486200952969147 0.0 0.16011738393030342 0.0 0.33823283498775714 0.0 0.7422426821317901 0.0 0.8237950220614187
0 0.126302 0.282715 0.130208 0.092773 0.0 0.0 0.1034381162941096 0.0 0.17374052859145867 0.0 0.24232287952951378 0.0 0.21023323096362695 0.0 0.7626488554555768 0.0 0.7681916747119413
0 0.166016 0.336426 0.118490 0.038086 0.0 0.0 0.14727970954363345 0.0 0.18599573860015067 0.0 0.27631528912302833 0.0 0.217197933430819 0.0 0.7766368909462873 0.0 0.747762020847511
0 0.319661 0.445312 0.042969 0.072266 0.0 0.1461276934971761 0.0 0.10566749539667307 0.0 0.14569233067716852 0.0 0.14861736648986754 0.0 0.7986299381737865 0.0 0.699967799957882 0.0
0 0.347656 0.436523 0.046875 0.074219 0.0 0.10453422749790822 0.0 0.09283231256381816 0.0 0.2617566546211158 0.0 0.41594572827801873 0.0 0.7582894293224192 0.0 0.7655398927197274 0.0
0 0.447266 0.403320 0.071615 0.072266 0.18177033171204812 0.0 0.0 0.22586706135223053 0.0 0.0 0.0 0.30726607042015674 0.0 0.0 0.0 0.7746370216752679 0.0
0 0.060547 0.455078 0.118490 0.078125 0.0 0.0 0.15854385287490153 0.0 0.15666856287947115 0.0 0.07137112203964488 0.0 0.07756680759534425 0.0 0.772840557969108 0.0 0.7763377109510656
0 0.042969 0.398438 0.083333 0.060547 0.0 0.0 0.19674742024224248 0.0 0.13186256523412265 0.0 0.25865802503271496 0.0 0.2556149740871903 0.0 0.79786542245065 0.0 0.7306964137512804
0 0.029297 0.353516 0.055990 0.048828 0.0 0.0 0.2742732304716692 0.0 0.0661392710542811 0.0 0.29908556229500827 0.0 0.2765424045290142 0.0 0.7753507998849687 0.0 0.7859286625835977
0 0.093750 0.984375 0.111979 0.029297 0.0 0.0 0.1721212386167272 0.0 0.2233288289959786 0.0 0.20381056358690985 0.0 0.41090120316658557 0.0 0.8100215275169711 0.0 0.5505844771200256
0 0.085938 0.957520 0.106771 0.047852 0.0 0.0 0.04932790931974643 0.0 0.12434145082918302 0.0 0.22419115100587084 0.0 0.33755494831319044 0.0 0.7143968300800414 0.0 0.8098349318065683
0 0.058594 0.921387 0.106771 0.067383 0.0 0.0 0.16792657421329166 0.0 0.14387137685859366 0.0 0.17196793955589215 0.0 0.3435931456638129 0.0 0.7762529773966894 0.0 0.7814922270447021
0 0.037109 0.854980 0.071615 0.069336 0.0 0.03326854760715094 0.27531703015042686 0.018643306725224944 0.09089974915856833 0.43682632950169353 0.3987474899982635 0.4142916676792139 0.21765915257798238 0.7508835007808125 0.792041880069301 0.7333653759424932 0.7485180468976407
0 0.027344 0.792969 0.052083 0.052734 0.0 0.0 0.30808346993786156 0.0 0.1323413620085952 0.0 0.292350285222905 0.0 0.2767743989662203 0.0 0.7425130192071835 0.0 0.8504499686871324
0 0.433594 0.514160 0.078125 0.059570 0.0 0.2654619978123396 0.0 0.15015818599632125 0.0 0.2137909885130724 0.0 0.22594213507908845 0.0 0.7945181642934389 0.0 0.6469633311598506 0.0
0 0.318359 0.585938 0.102865 0.048828 0.0 0.032922700156044774 0.21656893483281542 0.02988425727393061 0.042115805094617736 0.3057581023732807 0.1589867799913183 0.3437024863217449 0.3041462611617073 0.719083202479104 0.502752807841599 0.8162499491935705 0.7550640276660642
