0 0.587402 0.497559 0.133789 0.122070 0.008379924108773711 0.08887368093256388 0.06501245299833425 0.05068365102056233 0.047960951189485804 0.28925591310749416 0.2894313575098463 0.29229978569052045 0.2723191023027998 0.5388048536760227 0.5383159615271371 0.5424520532416801 0.5159274901434546
0 0.603516 0.678223 0.154297 0.114258 0.0 0.11381170946505559 0.0943539285162848 0.06650185631009188 0.06583571566662366 0.3265522050414297 0.32659581193734205 0.27710547096316995 0.32330504620078715 0.881215728594171 0.8710498369334658 0.8863191143959436 0.8766542171108584
0 0.465820 0.575684 0.175781 0.227539 0.030027231187244305 0.032535237388317186 0.022274805070633855 0.010558790618611565 0.1052295943653478 0.22259162274984806 0.2092435096244939 0.1909333812958282 0.2254139530014831 0.5409506546693189 0.6744378986009479 0.5344721645864916 0.7612533249431774
0 0.734375 0.766602 0.171875 0.146484 0.31957047993168236 0.0 0.006705055887462252 0.0 0.0 0.0 0.07524073658265612 0.0 0.0 0.0 0.9058864916369102 0.0 0.0
0 0.970703 0.478027 0.058594 0.204102 0.0 0.06117187991631051 0.026394728142699303 0.03465129586546384 0.22841867107905842 0.3352527232899871 0.32127145303038346 0.34684060321149873 0.3332829690826379 0.5521057196217838 0.5456618351991647 0.5324495179002787 0.5435437663415948
0 0.712402 0.488281 0.149414 0.179688 0.1229070985395914 0.030581759834971415 0.0063087673149552536 0.002307708580558125 0.00670819683909191 0.1536880069715134 0.07621923472089016 0.12063149643415344 0.48651321171375456 0.36234220300330916 0.6246486187047663 0.6047725696377648 0.5870035392101466
0 0.279297 0.725586 0.214844 0.183594 0.3620039220115897 0.0 0.0 0.0 0.0 0.0 0.0 0.0 0.0 0.0 0.0 0.0 0.0
0 0.854492 0.904297 0.246094 0.191406 0.15051213706519517 0.0 0.005548668128197476 0.0 0.019793818199975097 0.0 0.1675806349506574 0.0 0.3196153822694327 0.0 0.8518981556088182 0.0 0.8862608022874907
0 0.126953 0.409668 0.173828 0.159180 0.0 0.06516400412592 0.0914157571476831 0.029249427237515422 0.034183623838743044 0.34956163297786397 0.35733979417560907 0.3118981131099488 0.33518057453286587 0.44426842541119094 0.8812664338939709 0.6007390761453145 0.893617976040639
0 0.209961 0.601074 0.197266 0.184570 0.1884341861830462 0.0 0.0 0.0 0.0 0.0 0.0 0.0 0.0 0.0 0.0 0.0 0.0
0 0.404297 0.918945 0.253906 0.154297 0.3332998360310927 0.0 0.08209568820141819 0.0 0.0 0.0 0.0748303747520298 0.0 0.0 0.0 0.8601981462166356 0.0 0.0
0 0.502930 0.957520 0.269531 0.084961 0.06701251099483983 0.0 0.14809808126794413 0.0 0.0 0.0 0.07524887508510433 0.0 0.0 0.0 0.8690566359516745 0.0 0.0
0 0.358398 0.841309 0.226562 0.211914 0.177957540586151 0.0 0.0 0.0 0.0 0.0 0.0 0.0 0.0 0.0 0.0 0.0 0.0
