0 0.705729 0.928223 0.158854 0.122070 0.06668445624741004 0.02701604755055785 0.06667762473936013 0.026860543536024666 0.08158681533437818 0.3593693183455995 0.3724064789541152 0.37723027486127014 0.3642254591686294 0.7879018359354384 0.7970025798310004 0.8007572587722027 0.789873779848197
0 0.324870 0.854004 0.136719 0.077148 0.0 0.046158703087980944 0.09825286792720957 0.06166631064292586 0.061937005873029395 0.27230876578045143 0.22980740074853828 0.2591495542084119 0.26267098980531345 0.46278179580320017 0.4651610473409471 0.4637222571968405 0.4626188856735354
0 0.639974 0.698242 0.108073 0.091797 0.13157618501558246 0.060089921863741 0.1361873190566983 0.06163106030780517 0.11253761126538128 0.2700250603297864 0.2969285185533368 0.24891992123131637 0.267736172253589 0.3760512948124705 0.40024152978177135 0.41094219805853904 0.4022119337440346
0 0.250651 0.384766 0.128906 0.095703 0.0 0.12966317912962474 0.0 0.12236135042763589 0.08681487512364361 0.300362799623846 0.0 0.3019717362188287 0.3040521928764731 0.3289145656394063 0.0 0.3231927087346346 0.32671845997581006
0 0.599609 0.424316 0.118490 0.071289 0.0 0.11196974730667855 0.06462390658780018 0.14319756550333249 0.0 0.30231798618146377 0.29290530075396437 0.2999932350592514 0.0 0.4318010443109025 0.43510485013270633 0.44023627228079804 0.0
0 0.344401 0.579102 0.131510 0.070312 0.0 0.05698984298581161 0.10491268286212434 0.09141030001871128 0.13866417361828323 0.293261709448706 0.2527605125424574 0.24323782808664707 0.226401510936202 0.40752905640337284 0.41102279365915895 0.41534228181285215 0.4068218560878487
0 0.299479 0.968750 0.140625 0.062500 0.0 0.1299734393323448 0.05034536976795289 0.0 0.11660646652106456 0.29270620973175654 0.3100706254070638 0.0 0.2684728070304931 0.29025971715964527 0.2831160324246892 0.0 0.2939132131742203
0 0.492839 0.964355 0.128906 0.071289 0.0 0.0785476530480644 0.117037809513162 0.010368707493538796 0.14390899661182516 0.2896038326894167 0.2884843896796302 0.2148738221107329 0.17942210987441876 0.6775154301003141 0.6776976355143844 0.6677366685015272 0.6140549965652493
0 0.710286 0.542480 0.108073 0.067383 0.0 0.10274811220389841 0.14244147130517998 0.0 0.21092488873696735 0.2899091433121739 0.28166371517731736 0.0 0.28046778750336737 0.2069843053060619 0.20149906639257564 0.0 0.2134622363244189
0 0.115885 0.967285 0.093750 0.065430 0.0 0.08153660005331985 0.12096451676451479 0.0 0.11974954086398766 0.3118711238831023 0.3252305796156648 0.0 0.32406369563139864 0.27073137152168036 0.2672084649294864 0.0 0.2604213046880719
0 0.141927 0.821777 0.091146 0.108398 0.07707377206916509 0.05714668490693949 0.1338828296167023 0.06242535260392309 0.0 0.3165899710217792 0.3255919728231876 0.3171503637123863 0.0 0.4985760851675691 0.48624543738302906 0.48972759533373783 0.0
0 0.174479 0.527832 0.091146 0.081055 0.0 0.057816513805288273 0.14661500870007316 0.0 0.13355395845715076 0.3685240738871431 0.3694243473944148 0.0 0.3705299651459705 0.38677674086614156 0.37832289303914307 0.0 0.3691630768620478
0 0.500000 0.420898 0.083333 0.076172 0.04900664711076475 0.07934487296182902 0.0 0.11480377747718527 0.07325499891642091 0.30356303615431984 0.0 0.30771861074664414 0.28725239578596673 0.4489574929230945 0.0 0.4313401785598286 0.4354002782670714
0 0.655599 0.784180 0.131510 0.060547 0.0 0.08503144749988516 0.18368823593629768 0.02058021946481648 0.1544966802189877 0.2485322301205371 0.24319628375231833 0.27524491664436385 0.2755129427783733 0.5151827035515749 0.6122994680904711 0.686155260181347 0.598738525024468
0 0.692057 0.594727 0.110677 0.060547 0.0 0.0 0.12250013394270921 0.16280981359605284 0.06156030724914342 0.0 0.2680736304874673 0.25462388650819323 0.27297759428552454 0.0 0.2081435692809028 0.20151304045283908 0.20513016444691093
0 0.495443 0.578613 0.149740 0.104492 0.10810494618402626 0.036125054907953376 0.062130717272619526 0.03743314500006337 0.06519001801037728 0.26635906555289107 0.2870720481382796 0.29883293735609506 0.29538134940454913 0.2987455441844691 0.29087584828623614 0.2834445746417272 0.27505688225959374
0 0.663411 0.842285 0.141927 0.059570 0.0 0.0 0.08077683734913899 0.09072695385846458 0.1109557007332353 0.0 0.274600781030608 0.34621797579938 0.2725100330835098 0.0 0.6076853031777303 0.6124916699827591 0.6275552449147335
0 0.410156 0.731445 0.138021 0.068359 0.0 0.09007541724012996 0.031488310658194026 0.11679641589335908 0.015180687981840867 0.30185241509223737 0.2985782487212553 0.3111739579938051 0.299099662466444 0.27486727873709527 0.29308818450389884 0.2891622777779263 0.30310027295383196
0 0.133464 0.642578 0.089844 0.078125 0.0 0.13756591680513636 0.11517773667863054 0.10373435208117612 0.0 0.3248737919451618 0.33911002592945905 0.32398068411662695 0.0 0.2925513215171754 0.28264829727577684 0.28160998583066177 0.0
0 0.858724 0.515625 0.126302 0.066406 0.0 0.0 0.04019525743840165 0.09232885334917035 0.08351603585557726 0.0 0.25074733665298327 0.26265783615093646 0.25959705420808415 0.0 0.7373463415822752 0.7442863171884084 0.7531247818198419
0 0.902995 0.582031 0.139323 0.091797 0.0 0.026554814033479354 0.06616656857080933 0.07382839475292245 0.07550165126351288 0.25979820614407806 0.23920154028977195 0.23890180281118767 0.23519962647542025 0.7678247225431581 0.7190702162648934 0.7401424414189617 0.7218010011165569
0 0.327474 0.659668 0.191406 0.098633 0.059531503334440856 0.0 0.06262893493600998 0.04527238352356393 0.09078990796458504 0.0 0.11602688028780554 0.2465719409911702 0.11992196550866979 0.0 0.27127501701773454 0.41536345539927944 0.4062296101520811
0 0.042969 0.477051 0.080729 0.104492 0.0 0.04748788261704879 0.24552102405689868 0.09934442294847891 0.03223733998906034 0.29775347373965205 0.1990478283134437 0.2746287740152827 0.3194547237843332 0.4945877100382263 0.4687459556424206 0.493528535236081 0.4849358457676348
0 0.276042 0.533203 0.096354 0.128906 0.4439403519297656 0.0 0.0 0.0 0.0 0.0 0.0 0.0 0.0 0.0 0.0 0.0 0.0
0 0.349609 0.404785 0.095052 0.081055 0.0 0.1220402930377092 0.09062941936321083 0.12897579085458413 0.0 0.297529683786668 0.2907030872108681 0.16680052633082892 0.0 0.3224666393899418 0.3254664685913718 0.32704584611841103 0.0
0 0.084635 0.325195 0.153646 0.095703 0.0 0.10413302306252244 0.05752826811627345 0.13371716149370033 0.052640597396801526 0.3029234166644775 0.29438042807325077 0.2956649136407933 0.3028297981201352 0.23060507262172633 0.22524056120609487 0.24067002900330864 0.2257467110016405
0 0.045573 0.621094 0.088542 0.078125 0.0 0.10661420128382527 0.04619925623790199 0.15085709690984786 0.08628240242913233 0.3136832026396131 0.20783524066386505 0.31884651769937444 0.3238562862714476 0.27647923996914925 0.2439174819142478 0.27678627856582616 0.2948950908129051
0 0.967448 0.718750 0.065104 0.156250 0.0 0.03529955461888429 0.13700697929785718 0.026730844041761233 0.147242027267816 0.2969835309769729 0.3285964167989446 0.30606552788168234 0.3279388447141712 0.7253479278768304 0.7259969767206711 0.7073280876984787 0.720678802968595
0 0.313802 0.069336 0.625000 0.136719 0.3114232381636757 0.0 0.0 0.0011985548707373786 0.0 0.0 0.0 0.11086315775334882 0.0 0.0 0.0 0.7922496510330259 0.0
