0 0.587240 0.085449 0.127604 0.081055 0.0 0.12050939658318569 0.05343130087169228 0.11877718473097704 0.0 0.3668569924774472 0.3471540643044175 0.3587678301137869 0.0 0.3517772578481899 0.36213045922368176 0.34215839856697194 0.0
0 0.470052 0.414062 0.132812 0.087891 0.0 0.0 0.1579815235030161 0.0 0.19909763703236233 0.0 0.29446223815390477 0.0 0.29621909220995074 0.0 0.3449084882273269 0.0 0.34606292174312014
0 0.516276 0.282227 0.134115 0.064453 0.0 0.0 0.14712746989426234 0.0 0.22127455708702032 0.0 0.28729616330033275 0.0 0.2703706078040193 0.0 0.3450936242993293 0.0 0.355360630587286
0 0.468099 0.063965 0.118490 0.086914 0.0 0.19063974105720558 0.0 0.16400811656696124 0.0 0.29097878073586286 0.0 0.2891121431653905 0.0 0.3412489006975692 0.0 0.352999806054552 0.0
0 0.580078 0.708496 0.123698 0.112305 0.0 0.0 0.09084204168305371 0.0 0.1969342959941088 0.0 0.24355089032764446 0.0 0.25194104648420734 0.0 0.3458246537543718 0.0 0.360931181092367
0 0.441406 0.491211 0.127604 0.076172 0.0 0.0 0.23366389211855942 0.0 0.24387138399087327 0.0 0.2969555196956095 0.0 0.2985835375469848 0.0 0.34937259551873456 0.0 0.34692610587222816
0 0.490234 0.341797 0.144531 0.074219 0.0779760269319958 0.0883707068040768 0.0 0.053408341465325235 0.008235353613333924 0.15704932486410647 0.0 0.25925328404299486 0.2670298664571923 0.3376230074189311 0.0 0.3593201622467288 0.36059619825907324
0 0.419271 0.580566 0.132812 0.104492 0.0 0.0 0.17068996885882942 0.0 0.1972221103284286 0.0 0.2201172411046612 0.0 0.270247548342438 0.0 0.33234723062185684 0.0 0.3480272841484157
0 0.134115 0.360840 0.114583 0.073242 0.0 0.0 0.24155721914086536 0.0 0.22904265483260022 0.0 0.21365173463433468 0.0 0.20224086542604336 0.0 0.3341935341031305 0.0 0.34992607673767934
0 0.548177 0.167969 0.148438 0.089844 0.0 0.0 0.14624431510878055 0.0 0.18663484061013916 0.0 0.31898502263180495 0.0 0.31156590677883433 0.0 0.3417559290385428 0.0 0.3534921943943336
0 0.527344 0.230469 0.132812 0.048828 0.0 0.0 0.1111492496746031 0.0 0.1510159026422572 0.0 0.3050204327544788 0.0 0.28935890177199625 0.0 0.32999319543654526 0.0 0.3670048888663053
0 0.219401 0.104980 0.128906 0.090820 0.0 0.0 0.15310438110570337 0.0 0.12850304884611088 0.0 0.2846930688637993 0.0 0.41302612014300744 0.0 0.34075890166082434 0.0 0.342682281667927
0 0.169271 0.291016 0.127604 0.076172 0.0 0.0 0.205540787038736 0.0 0.21053134317296357 0.0 0.2529993522643736 0.0 0.2554404420946443 0.0 0.3383168054685812 0.0 0.34528989611105615
0 0.199870 0.171387 0.115885 0.053711 0.0 0.0 0.14308091467991949 0.0 0.1835777650672715 0.0 0.2684569545144109 0.0 0.2637985798609054 0.0 0.34862379808547656 0.0 0.3341522860864703
0 0.248698 0.033691 0.132812 0.065430 0.0 0.18090944332577802 0.0 0.1131627638701769 0.10551934653989262 0.3298887553104434 0.0 0.3456805654961017 0.31762262688640613 0.3391710812610605 0.0 0.35096266418910005 0.34604379721344414
0 0.908854 0.035156 0.111979 0.068359 0.0 0.13828695325582785 0.0 0.25270088078604513 0.0 0.30711421470529243 0.0 0.2955811237262793 0.0 0.34555950897375504 0.0 0.33508277265875636 0.0
0 0.717448 0.333008 0.174479 0.224609 0.12430273436775177 0.0 0.13638034479656863 0.0 0.13218848580918094 0.0 0.24718595342507532 0.0 0.24632267103087221 0.0 0.34709205227311046 0.0 0.34553168480767465
0 0.372396 0.048340 0.093750 0.081055 0.0 0.33474455325824026 0.0 0.24899083434861097 0.0 0.32737952295569095 0.0 0.34468978467673184 0.0 0.35354695986214024 0.0 0.3452987677653621 0.0
0 0.798177 0.020020 0.132812 0.038086 0.0 0.0 0.0 0.38808288208563396 0.0 0.0 0.0 0.3042987676070949 0.0 0.0 0.0 0.32206299544591466 0.0
0 0.375000 0.699219 0.143229 0.142578 0.0 0.0 0.22295090007086818 0.0 0.1528725154142188 0.0 0.16306203931132268 0.0 0.1746155143471732 0.0 0.3436017402298698 0.0 0.3518216819053303
0 0.652995 0.513672 0.160156 0.140625 0.0 0.0 0.13498034703105666 0.0 0.23315377970749626 0.0 0.24461699483752095 0.0 0.253819687708615 0.0 0.34329546316383747 0.0 0.3474863331661507
0 0.087240 0.547363 0.138021 0.061523 0.04613609409833628 0.0 0.06601080764686455 0.0 0.1573267578418433 0.0 0.2875358608790811 0.0 0.2654398843463601 0.0 0.3079246075825141 0.0 0.3380072448540255
0 0.113932 0.423340 0.118490 0.047852 0.0 0.0 0.10104559753011953 0.0 0.047227750714137186 0.0 0.18514391937013452 0.0 0.20770350868706366 0.0 0.3795806344293055 0.0 0.2843275739110428
0 0.100260 0.689941 0.197917 0.086914 0.0 0.20565213023701004 0.0 0.22075048478748302 0.0 0.3400053709168528 0.0 0.33618973975005517 0.0 0.33993446873729566 0.0 0.34443269977860497 0.0
0 0.099609 0.480957 0.134115 0.079102 0.0 0.0 0.11485489906374775 0.0 0.20390505051300617 0.0 0.28673489401437535 0.0 0.29225019456349544 0.0 0.34985827888696563 0.0 0.3911245635553437
0 0.186198 0.229492 0.125000 0.058594 0.0 0.0 0.20273251322464542 0.0 0.2118492679740761 0.0 0.2742534214836061 0.0 0.2712443279749781 0.0 0.339923303906864 0.0 0.3599535533491658
0 0.657552 0.856445 0.091146 0.144531 0.027545793837135235 0.0 0.35257727438171255 0.0 0.0 0.0 0.2421017771360659 0.0 0.0 0.0 0.3461152403580602 0.0 0.0
0 0.208333 0.821289 0.335938 0.117188 0.0 0.23347890326902807 0.0 0.19472644904618072 0.0 0.410542020863477 0.0 0.4245833424572366 0.0 0.34376764679049754 0.0 0.3457528994541778 0.0
0 0.328125 0.140625 0.091146 0.085938 0.0 0.15545986971356687 0.0 0.23477667187938125 0.0 0.3128122367123472 0.0 0.3074949908198304 0.0 0.3445478061756946 0.0 0.338646922423678 0.0
0 0.822266 0.759766 0.173177 0.060547 0.0 0.0 0.0 0.3729172390020776 0.0 0.0 0.0 0.23789429682363689 0.0 0.0 0.0 0.3404546458240077 0.0
0 0.620443 0.614746 0.131510 0.079102 0.0 0.0 0.2457368085025356 0.0 0.38585469014239976 0.0 0.24712621133516097 0.0 0.2540591472130433 0.0 0.3444572214234136 0.0 0.34861316259722125
0 0.526042 0.886230 0.192708 0.225586 0.3427066270718601 0.0 0.0 0.0 0.0 0.0 0.0 0.0 0.0 0.0 0.0 0.0 0.0
0 0.186198 0.903320 0.335938 0.117188 0.0 0.23227138094247446 0.0 0.17830424503700704 0.0 0.40232762842601416 0.0 0.39509617845119716 0.0 0.3439080451234367 0.0 0.3443042163312179 0.0
0 0.118490 0.622070 0.234375 0.089844 0.0 0.2059222750439993 0.0 0.15957735440229928 0.0 0.3371041156515776 0.0 0.34438591322687523 0.0 0.3411086541466116 0.0 0.34664750375091014 0.0
0 0.055339 0.032227 0.108073 0.062500 0.0 0.0 0.3010153672570403 0.0 0.1551750587179455 0.0 0.2610083279455532 0.0 0.07525852771420927 0.0 0.33502898007510945 0.0 0.6654594556047098
0 0.039714 0.079590 0.076823 0.059570 0.0 0.0 0.3253983808778408 0.0 0.08637857988076525 0.0 0.2190506841593689 0.0 0.37871756605416096 0.0 0.301286953856105 0.0 0.36850935186748696
0 0.837891 0.707031 0.173177 0.060547 0.0 0.0 0.0 0.36387434457032447 0.0 0.0 0.0 0.2405784372621403 0.0 0.0 0.0 0.34556742187271666 0.0
0 0.854818 0.662109 0.173177 0.060547 0.0 0.0 0.0 0.3382732135475777 0.0 0.0 0.0 0.23808372001235406 0.0 0.0 0.0 0.3444144100498275 0.0
0 0.878255 0.607422 0.173177 0.060547 0.0 0.0 0.0 0.3406559629868583 0.0 0.0 0.0 0.23474625814142205 0.0 0.0 0.0 0.34635683995878835 0.0
0 0.905599 0.538086 0.173177 0.060547 0.0 0.16562772518600283 0.056653252053927294 0.11172455232037369 0.05534036301589556 0.3129441034286548 0.271654628788484 0.3137647212011455 0.29347111370614826 0.33394097774060943 0.3460768869485959 0.3328669127840499 0.3306163730441455
0 0.918620 0.476562 0.162760 0.066406 0.0 0.0 0.0 0.36816696206055766 0.0 0.0 0.0 0.19505684077054938 0.0 0.0 0.0 0.34013081896635844 0.0
0 0.930990 0.426758 0.138021 0.060547 0.0 0.0 0.0 0.3812203280575632 0.0 0.0 0.0 0.19530854378970916 0.0 0.0 0.0 0.33898038743715614 0.0
0 0.936849 0.366699 0.126302 0.059570 0.0 0.0 0.0 0.3589132999421764 0.0 0.0 0.0 0.19949626948422505 0.0 0.0 0.0 0.33871879119194453 0.0
0 0.947266 0.312012 0.105469 0.057617 0.0 0.0 0.0 0.40433895418527166 0.0 0.0 0.0 0.19838308063892762 0.0 0.0 0.0 0.34071176450076324 0.0
0 0.958984 0.257812 0.082031 0.058594 0.0 0.0 0.0 0.3533414374698456 0.0 0.0 0.0 0.1975536826681794 0.0 0.0 0.0 0.3415475519822009 0.0
0 0.967448 0.203125 0.065104 0.054688 0.0 0.0 0.0 0.41353694566676386 0.0 0.0 0.0 0.1980766644353519 0.0 0.0 0.0 0.340400535547583 0.0
0 0.973958 0.147949 0.052083 0.049805 0.0 0.0 0.0 0.39955240181712653 0.0 0.0 0.0 0.20141585516640909 0.0 0.0 0.0 0.347880427489646 0.0
0 0.837891 0.129883 0.173177 0.072266 0.0 0.4546608345293226 0.10390861981613775 0.0 0.0 0.16491334344813166 0.21658720119748892 0.0 0.0 0.339680765155125 0.3248332531370686 0.0 0.0
0 0.815755 0.199219 0.173177 0.072266 0.0 0.33363282320290716 0.0 0.2319646673917783 0.0 0.24144872986252297 0.0 0.2793975708915465 0.0 0.3515346343506729 0.0 0.35572717648112884 0.0
0 0.736328 0.875977 0.082031 0.138672 0.0 0.0 0.3777989206255451 0.0 0.0 0.0 0.24261106142507474 0.0 0.0 0.0 0.35619703594619584 0.0 0.0
0 0.793620 0.883301 0.079427 0.139648 0.0 0.0 0.3178122568650597 0.0 0.0 0.0 0.2414616431560141 0.0 0.0 0.0 0.34901118364790273 0.0 0.0
0 0.858724 0.898438 0.076823 0.140625 0.0 0.0 0.3487047458006137 0.0 0.0 0.0 0.2420647613239233 0.0 0.0 0.0 0.3457715869790705 0.0 0.0
0 0.936198 0.910156 0.070312 0.140625 0.0 0.0 0.4070699953972247 0.0 0.0 0.0 0.23948068346653212 0.0 0.0 0.0 0.3468585736399821 0.0 0.0
0 0.977214 0.924316 0.045573 0.149414 0.0 0.0 0.38086776616926155 0.0 0.0 0.0 0.24095045116899594 0.0 0.0 0.0 0.34252260828650316 0.0 0.0
