0 0.251302 0.111328 0.190104 0.105469 0.33368207225915697 0.0 0.0 0.0 0.0 0.0 0.0 0.0 0.0 0.0 0.0 0.0 0.0
0 0.843099 0.436523 0.149740 0.142578 0.0 0.0 0.17428685412548578 0.0 0.07355856103199908 0.0 0.2954157729648843 0.0 0.5177889901670136 0.0 0.7087223468630903 0.0 0.71205728285226
0 0.479167 0.036621 0.169271 0.071289 0.0 0.0 0.1353948431637914 0.0 0.15517783277235578 0.0 0.1657696030906443 0.0 0.14534283985562677 0.0 0.54741526333878 0.0 0.51058582686656
0 0.194010 0.775879 0.182292 0.149414 0.37751846186686266 0.0 0.0 0.0 0.0 0.0 0.0 0.0 0.0 0.0 0.0 0.0 0.0
0 0.626302 0.930176 0.148438 0.131836 0.3966172200886412 0.0 0.0 0.0 0.0 0.0 0.0 0.0 0.0 0.0 0.0 0.0 0.0
0 0.204427 0.239258 0.166667 0.132812 0.0713897199182401 0.07258105265425047 0.0 0.09744378524238204 0.0 0.09960013866620411 0.0 0.0814384944248658 0.0 0.5025521659564058 0.0 0.5142183010766896 0.0
0 0.194010 0.909180 0.158854 0.105469 0.0 0.03707690058441842 0.13342949265274198 0.084971173337298 0.06485184167027129 0.10980231888929978 0.1037342400054088 0.10060527375021586 0.10199686461084764 0.4960558971458159 0.4971265165895886 0.522280656372973 0.4846087555973819
0 0.794271 0.276855 0.122396 0.186523 0.0 0.0 0.1413914157842584 0.0 0.12817102241837386 0.0 0.22597160383485337 0.0 0.21618105735399945 0.0 0.6397875810842986 0.0 0.6453055153702134
0 0.705729 0.801758 0.132812 0.123047 0.0 0.0 0.12794089351124355 0.0 0.10558619033566258 0.0 0.3597798503399061 0.0 0.33171153517434276 0.0 0.5281706954596749 0.0 0.5602194666114896
0 0.635417 0.687988 0.130208 0.131836 0.3269312972225899 0.0 0.005855408026102126 0.0 0.0 0.0 0.25041718075319847 0.0 0.0 0.0 0.6180006532899851 0.0 0.0
0 0.349609 0.611328 0.175781 0.103516 0.08910664757609381 0.13738020296565254 0.0 0.11012690639672351 0.08614784100979724 0.1569889919120303 0.0 0.15014562821459962 0.13407896627177843 0.5263523395742692 0.0 0.5232012899820998 0.5262775034657472
0 0.175781 0.981934 0.161458 0.036133 0.0 0.1355664161827812 0.09478774335520347 0.0 0.11234441473280238 0.11436206627279455 0.0999009355467409 0.0 0.10333419754582876 0.505457500756357 0.5179132916762691 0.0 0.462761864300161
0 0.521484 0.604004 0.183594 0.098633 0.29826917784096835 0.020643040236506607 0.049298253332785716 0.03786144397470606 0.0 0.09414410812130662 0.12130071474823233 0.08764996611146059 0.0 0.5250073235447121 0.5259671080502929 0.5180903353171699 0.0
0 0.743490 0.093750 0.122396 0.185547 0.0 0.0 0.15230878632273714 0.0 0.13253126063818282 0.0 0.18988561276119273 0.0 0.18776667278403897 0.0 0.680903701206805 0.0 0.7218190863478329
0 0.063802 0.187988 0.125000 0.112305 0.3137740940941223 0.0459752319496016 0.0 0.08966488265832175 0.06015499955891323 0.20833152575086022 0.0 0.16325767886672307 0.11147055857418317 0.5206081471432147 0.0 0.5230851008752185 0.5335319232742086
