0 0.252930 0.344401 0.126953 0.225260 0.0 0.082035521041561 0.11611730163250347 0.07251436603451217 0.12028679054884825 0.302268804194711 0.3020218919475609 0.28623193553196113 0.341933088701242 0.8203131882477405 0.6797343779776729 0.7878355238866175 0.7997283767826913
0 0.216309 0.656901 0.127930 0.154948 0.017497529663171373 0.10159588198582659 0.14533603330338757 0.019102714558045738 0.05565676013934939 0.34391199911658493 0.33495000717990847 0.3327605231478875 0.34575625448395647 0.8012017320692687 0.6923734353110185 0.5754914979559053 0.8124846677536741
0 0.039551 0.513021 0.077148 0.192708 0.0 0.1987696371718613 0.0 0.1320051972457711 0.06521102941588544 0.19001884288996457 0.0 0.19508929567653377 0.2848094003444439 0.8106193486788639 0.0 0.8246790856482834 0.8201688562388161
0 0.129395 0.727865 0.075195 0.127604 0.0 0.2409231805868787 0.0 0.24289662529885234 0.0 0.24465008634535937 0.0 0.25975536727185083 0.0 0.8042092920337977 0.0 0.8301155367726595 0.0
0 0.076172 0.775391 0.076172 0.126302 0.0 0.18962891515138172 0.0 0.21295863673546359 0.0 0.25577185456310503 0.0 0.29159861300575707 0.0 0.7924289564359472 0.0 0.8283546381136394 0.0
0 0.417969 0.324219 0.101562 0.151042 0.0 0.23792586626840392 0.0 0.0 0.157256748455651 0.2698989934157173 0.0 0.0 0.2762693577377857 0.010496269175289305 0.0 0.0 0.9899717606827984
0 0.602539 0.612630 0.099609 0.128906 0.0 0.2178890957585942 0.0 0.1678902592166675 0.0 0.2566392070928832 0.0 0.27013080402858436 0.0 0.01316129515294209 0.0 0.025525020260456523 0.0
0 0.245117 0.786458 0.101562 0.104167 0.0 0.0 0.1650485808684896 0.0 0.1823729649088465 0.0 0.16636150174231526 0.0 0.20403820730663916 0.0 0.6776021267024904 0.0 0.6825906325169727
0 0.955078 0.445964 0.089844 0.157552 0.45146930790554124 0.0 0.0 0.01203899708039217 0.0 0.0 0.0 0.2882895739352093 0.0 0.0 0.0 0.5842511903854706 0.0
0 0.548828 0.817057 0.072266 0.102865 0.0 0.2339032634632441 0.0 0.20817899641066365 0.0 0.3787772933261959 0.0 0.3766130886977888 0.0 0.07875630699400275 0.0 0.08158098990667718 0.0
0 0.605469 0.886068 0.070312 0.110677 0.0 0.22413823980054487 0.0 0.34765401477751356 0.0 0.28529456845918055 0.0 0.22916322444543438 0.0 0.22720299027178062 0.0 0.17993207118730367 0.0
0 0.020508 0.817057 0.039062 0.128906 0.0 0.2174181061660273 0.03407585038977667 0.18904710135056854 0.0 0.2790577708340619 0.32967954544375744 0.23886690387267512 0.0 0.8233040724414484 0.06255945200453715 0.8132593888109757 0.0
0 0.756348 0.709635 0.127930 0.205729 0.07936451814128308 0.05361906945393284 0.05169787496670297 0.0684901191543697 0.05480204635342743 0.326950927257135 0.28605608597043586 0.30388053149366623 0.2840356647254565 0.3138599827384926 0.35386796041196933 0.3434296633600451 0.34654513309852303
0 0.972168 0.733073 0.055664 0.140625 0.0 0.22750236047206046 0.0 0.25881242145229155 0.0 0.2912883435229444 0.0 0.2928567577245507 0.0 0.6072922820776527 0.0 0.6278595197242971 0.0
0 0.645020 0.698568 0.083008 0.131510 0.0 0.10854037929082284 0.0 0.15717004175907465 0.0 0.19575460418477608 0.0 0.1656058939227565 0.0 0.17809452584668897 0.0 0.20498407631589888 0.0
0 0.428223 0.867188 0.088867 0.127604 0.0 0.0 0.22630306307589085 0.0 0.14506271200136547 0.0 0.26144151459089193 0.0 0.2646163857051236 0.0 0.6891334022689891 0.0 0.6878286287004648
0 0.850586 0.766276 0.080078 0.126302 0.0 0.17346337560169756 0.0 0.21921979295858865 0.0 0.3361428961456243 0.0 0.32120991901817836 0.0 0.5471134584664307 0.0 0.5516768798688184 0.0
0 0.185059 0.441406 0.098633 0.145833 0.0 0.13085789940047718 0.0 0.14583965108554472 0.0 0.22466800248872548 0.0 0.2225725697630358 0.0 0.8234261051546193 0.0 0.8171282356298434 0.0
0 0.107910 0.469401 0.092773 0.173177 0.0 0.20138059221187168 0.006654260174081741 0.16300110715141367 0.0 0.20311067001375782 0.07008874808315121 0.20136572369632053 0.0 0.8186165895050594 0.4888530458971748 0.8257007301661354 0.0
0 0.375000 0.611979 0.123047 0.182292 0.0 0.006722853971153657 0.16056032457276928 0.0 0.10296069280149238 0.22785337316410373 0.23297648017781128 0.0 0.2398860826370784 0.8505724643378626 0.7954785470798706 0.0 0.7096850822625239
0 0.981934 0.222005 0.036133 0.102865 0.0 0.0 0.21370362086900446 0.0 0.0 0.0 0.07508330150295059 0.0 0.0 0.0 0.686754675054046 0.0 0.0
0 0.267578 0.902995 0.109375 0.128906 0.0 0.0 0.16709865578183689 0.0 0.19908646371053257 0.0 0.18635410578487183 0.0 0.25133598406135094 0.0 0.6796038654207442 0.0 0.688948324378402
0 0.918945 0.750000 0.064453 0.143229 0.0 0.15843544188408878 0.0 0.1462420650249054 0.0 0.28027971133630497 0.0 0.30696327175609944 0.0 0.6052261498537239 0.0 0.6166268941792572 0.0
0 0.537109 0.527344 0.095703 0.145833 0.0 0.1921966732893145 0.0 0.0 0.15034677899186855 0.2875081260153729 0.0 0.0 0.24794506824117526 0.031481683890694966 0.0 0.0 0.9697906766331524
0 0.373047 0.250651 0.074219 0.113281 0.0 0.061753660737586764 0.06198546161340179 0.0 0.0 0.3594753409778143 0.296720111330111 0.0 0.0 0.6330263858135099 0.9257955865694012 0.0 0.0
0 0.473633 0.445312 0.101562 0.153646 0.0 0.0 0.16488879795747607 0.0 0.1335731477155756 0.0 0.2883238309096732 0.0 0.26270959550762263 0.0 0.9922934834141124 0.0 0.9549266671793892
0 0.495117 0.753255 0.062500 0.087240 0.0 0.2487730796746973 0.0 0.0 0.13213440265414167 0.2500861236677661 0.0 0.0 0.2604445699354989 0.0041093972279057315 0.0 0.0 0.986961620424583
0 0.458496 0.702474 0.051758 0.069010 0.0 0.2900837685170402 0.0 0.13227137604680214 0.0 0.25914131176305805 0.0 0.2905243803000422 0.0 0.005903156685932645 0.0 0.020455350294509837 0.0
0 0.796387 0.256510 0.079102 0.244792 0.2968616108037901 0.0 0.0 0.0 0.17328058709807026 0.0 0.0 0.0 0.10167552179564815 0.0 0.0 0.0 0.5546993407993014
0 0.437500 0.963542 0.083984 0.067708 0.0 0.0 0.24688148248482344 0.0 0.17930464952757114 0.0 0.355309886950311 0.0 0.3673494056116846 0.0 0.6835420955779304 0.0 0.6788965626498668
0 0.866699 0.227865 0.069336 0.114583 0.13648696596218943 0.0 0.06441132766751263 0.0 0.023365907674005378 0.0 0.0769499478750931 0.0 0.07553984317673762 0.0 0.5423397639961044 0.0 0.5554308757911037
0 0.812500 0.084635 0.234375 0.088542 0.3004917043703745 0.0 0.0 0.0 0.0 0.0 0.0 0.0 0.0 0.0 0.0 0.0 0.0
0 0.875488 0.031250 0.114258 0.059896 0.0 0.0 0.21939603051682888 0.0 0.2036838140923881 0.0 0.245086957331343 0.0 0.24551855785293988 0.0 0.4332799137070304 0.0 0.41797024263312516
0 0.932617 0.944010 0.076172 0.111979 0.0 0.16247231225063313 0.0 0.20804784864116113 0.0 0.3534763479942996 0.0 0.1976600255829592 0.0 0.6330470281630015 0.0 0.5982197620390455 0.0
0 0.985840 0.939453 0.028320 0.121094 0.0 0.16725590304371082 0.0 0.09069881379891001 0.0 0.20611543869017615 0.0 0.17820476359304752 0.0 0.6118926421566288 0.0 0.6489190419921973 0.0
0 0.869629 0.953776 0.047852 0.092448 0.0 0.22052714424243766 0.0 0.15721710141890627 0.0 0.2793554184487822 0.0 0.1966764769821386 0.0 0.5338505971360998 0.0 0.5536438984587909 0.0
0 0.823730 0.953776 0.047852 0.092448 0.0 0.2034979405030837 0.0 0.10544485019213437 0.0 0.24460230921683646 0.0 0.24917537848036572 0.0 0.5283905439135919 0.0 0.4911949476404288 0.0
0 0.755371 0.948568 0.092773 0.102865 0.15503833575748865 0.09706951813528844 0.03654572771063846 0.11268848696069185 0.016955073370423242 0.25130244848860617 0.2436762926218345 0.27669329728403674 0.26708418121630073 0.4307749221670301 0.4767026041960403 0.4218972143593135 0.31626599381596726
0 0.671875 0.944010 0.070312 0.111979 0.395471517501655 0.0 0.0 0.0 0.0 0.0 0.0 0.0 0.0 0.0 0.0 0.0 0.0
0 0.387695 0.759115 0.091797 0.111979 0.2600040139128101 0.0 0.06145630553264058 0.0 0.05526647411090287 0.0 0.24366989188398908 0.0 0.2661809073067847 0.0 0.6995257058458928 0.0 0.6713173294008757
