0 0.254883 0.804688 0.128906 0.106771 0.0 0.11962033500736649 0.032968900306964255 0.10485986834610792 0.0 0.40723372401715835 0.39033785925081926 0.40611791225649496 0.0 0.6857159828908038 0.7114987428697096 0.668250407918036 0.0
0 0.461914 0.374349 0.128906 0.110677 0.0 0.08300302485696905 0.05707916400598811 0.0 0.08630845023028662 0.34096558550625794 0.34111738643614914 0.0 0.2953124063125448 0.5835351535544564 0.5459325146473349 0.0 0.6126962442663613
0 0.049805 0.322266 0.097656 0.126302 0.0 0.049758530427023336 0.08467051241851362 0.07219157426211045 0.056900719414126576 0.32058454943575404 0.33386808258305667 0.32208858346687425 0.33900577740245114 0.6853254478522606 0.6750506905652844 0.7087428475485607 0.6658559588940379
0 0.480469 0.552083 0.111328 0.119792 0.005288555488345893 0.0 0.20085710318540298 0.0 0.07140889542254515 0.0 0.27416653986865147 0.0 0.2424885165168039 0.0 0.547274115582307 0.0 0.536945044663345
0 0.725586 0.072266 0.189453 0.115885 0.028187632890675794 0.02725174126842813 0.056009812730006214 0.0 0.10669996803893539 0.3230665857126636 0.2683004723346481 0.0 0.34225837465749237 0.5315759923605041 0.6094811181066534 0.0 0.5332915006154243
0 0.481445 0.656901 0.121094 0.097656 0.0 0.0 0.14514258023464816 0.0 0.16965585087050836 0.0 0.335236642062211 0.0 0.3353241366399428 0.0 0.53850254237605 0.0 0.5391340444314532
0 0.316406 0.458333 0.070312 0.140625 0.009953760919590743 0.09435003292572697 0.0 0.06797345891996764 0.0 0.2288694934033204 0.0 0.24731331397109077 0.0 0.6690734274456235 0.0 0.7308745926001178 0.0
0 0.497559 0.844401 0.114258 0.110677 0.0 0.0 0.18727509242539947 0.0 0.18151348593185346 0.0 0.2462637433899887 0.0 0.24737060614978412 0.0 0.5441000792431328 0.0 0.5485191796969954
0 0.324219 0.189453 0.072266 0.157552 0.0 0.17198673861916428 0.0 0.14501145936145934 0.0 0.29500932066377167 0.0 0.3007150981807828 0.0 0.682690588543442 0.0 0.6791683561153775 0.0
0 0.378906 0.172526 0.060547 0.152344 0.0 0.19941504092780887 0.0 0.14911474499268718 0.0 0.3052156162819824 0.0 0.30307004004484084 0.0 0.6749396898733114 0.0 0.6754654951750513 0.0
0 0.262207 0.220703 0.073242 0.149740 0.0 0.18083100109766495 0.0 0.1532702596282742 0.0 0.2896245587367551 0.0 0.291201738520763 0.0 0.6736892340182639 0.0 0.6829325492579623 0.0
0 0.490723 0.747396 0.120117 0.088542 0.0 0.0 0.16172429798349777 0.0 0.1506180154737252 0.0 0.3368135821587877 0.0 0.2845750430172488 0.0 0.5265821476123048 0.0 0.5422832604947201
0 0.187500 0.226562 0.083984 0.174479 0.3193130019801157 0.0 0.0 0.0 0.0 0.0 0.0 0.0 0.0 0.0 0.0 0.0 0.0
0 0.966797 0.208984 0.066406 0.084635 0.0 0.0 0.16876334090361422 0.0 0.1184146450484361 0.0 0.24014070649224178 0.0 0.18889769290483527 0.0 0.5780699158836129 0.0 0.46110397728874575
0 0.486816 0.457031 0.092773 0.072917 0.0 0.0 0.09127736576700513 0.0 0.08699369112142592 0.0 0.275338096526246 0.0 0.27274495805911186 0.0 0.5465548017989661 0.0 0.5434546703184215
0 0.027344 0.108724 0.052734 0.102865 0.0 0.0 0.1764899170120278 0.0 0.0 0.0 0.26990996998281047 0.0 0.0 0.0 0.6876745687260128 0.0 0.0
0 0.240234 0.507812 0.091797 0.195312 0.0 0.0779521062591221 0.022277258217537652 0.02991458315924114 0.07222311466225859 0.28605224931572953 0.34255055581719424 0.2896040054121781 0.32870730559365735 0.721854678604563 0.686860321336367 0.7186424478405861 0.6478426845712367
0 0.178711 0.098307 0.101562 0.087240 0.0 0.0 0.20050952019646892 0.0 0.18466759027823926 0.0 0.3034767945085229 0.0 0.3046057380604635 0.0 0.6860095962793361 0.0 0.678648399110023
0 0.042969 0.205729 0.080078 0.104167 0.0 0.0 0.1649114976970382 0.0 0.1282257612921759 0.0 0.32238818293496513 0.0 0.2732221800852542 0.0 0.6763302126698002 0.0 0.7052208191081628
0 0.295898 0.681641 0.093750 0.154948 0.0 0.07433957578795544 0.10822106507241584 0.030116828805227133 0.11110394198539464 0.3069664574672595 0.3061862038347346 0.31519326222655436 0.30606766121602413 0.6291355198692998 0.6689351478826797 0.6764961584390966 0.6867764760043198
0 0.019531 0.027995 0.037109 0.053385 0.0 0.0 0.46805102495932416 0.0 0.0 0.0 0.22398633774458096 0.0 0.0 0.0 0.687176894581239 0.0 0.0
0 0.055664 0.615885 0.109375 0.125000 0.0 0.17827954036329896 0.10269294823014238 0.1628166195788406 0.0 0.2573168002375328 0.2607789040043119 0.2634488850284899 0.0 0.6841034511187546 0.6859847799253517 0.7004329358403601 0.0
0 0.657715 0.675781 0.036133 0.098958 0.3253155032996209 0.0 0.0 0.0 0.0 0.0 0.0 0.0 0.0 0.0 0.0 0.0 0.0
0 0.489746 0.725260 0.120117 0.109375 0.0 0.0 0.15459293985588346 0.0 0.15590701497015258 0.0 0.32653457521647783 0.0 0.2651312815613214 0.0 0.5294443881874614 0.0 0.5121641937317032
0 0.728027 0.187500 0.184570 0.132812 0.10821861773405632 0.0 0.0362963994092035 0.03289548479492721 0.09040358172676038 0.0 0.33354373362403 0.340319210935248 0.3442264583659808 0.0 0.524478282467872 0.5466167721677095 0.5461012927308108
0 0.966797 0.042318 0.066406 0.082031 0.3937125962038591 0.0 0.0 0.0 0.0 0.0 0.0 0.0 0.0 0.0 0.0 0.0 0.0
0 0.167969 0.030599 0.111328 0.058594 0.0 0.0 0.1327344328916785 0.02624750967585939 0.20211779671965202 0.0 0.32697921844371436 0.28387451246314566 0.32047171477644915 0.0 0.6851046984138186 0.6943020821503656 0.6765318854163083
0 0.458008 0.159505 0.097656 0.183594 0.03167739102302554 0.06866015207164408 0.15485853752984144 0.12024763744351509 0.05857031101081358 0.2666021589113798 0.299879959125114 0.2806868682032145 0.29162358333427885 0.6820489302164147 0.5252573541601967 0.6867380270995302 0.5527716554742451
0 0.446777 0.027344 0.098633 0.052083 0.0 0.0 0.21143375943459822 0.0 0.17730087846803358 0.0 0.31074078594498944 0.0 0.2885466234927198 0.0 0.5366142013991727 0.0 0.551867186646154
0 0.381836 0.445312 0.070312 0.140625 0.0 0.20562169089091226 0.0 0.17603825336485038 0.0 0.22449579295240638 0.0 0.22482845644865485 0.0 0.6829985541840188 0.0 0.6849746240378143 0.0
