0 0.435547 0.657552 0.108073 0.143229 0.0 0.04987584277873306 0.13172241553222236 0.0 0.14485368015448064 0.3547559056792282 0.39081534943598406 0.0 0.3869349824865442 0.34334788457584 0.3420116527768085 0.0 0.33910523570860046
0 0.091146 0.944661 0.091146 0.110677 0.0 0.08961359371717431 0.06126890537481679 0.07131392208984301 0.0 0.3010838434075804 0.3285861910864019 0.2475276033019934 0.0 0.37633353340717357 0.35478323421987296 0.38379462461944375 0.0
0 0.553385 0.862630 0.130208 0.136719 0.0 0.0 0.16751476797161918 0.0 0.20287274528338084 0.0 0.2458949367625815 0.0 0.23298404978806372 0.0 0.36444092249242 0.0 0.36931288567784354
0 0.197266 0.455729 0.196615 0.182292 0.0 0.06744789973631377 0.0628467269411556 0.04672359384592376 0.07816547258906445 0.23531745297385268 0.2278518567198844 0.233127904918872 0.2302438525071099 0.24878149614997339 0.2087813761401479 0.2637706700834498 0.21101232336012604
0 0.483724 0.523438 0.134115 0.143229 0.0 0.07826458050099175 0.12747713325771726 0.0 0.13489985897217602 0.34780529061195375 0.37159933435428427 0.0 0.3676663415418709 0.35283959710442864 0.32625457244960676 0.0 0.33174091538951705
0 0.356771 0.479818 0.106771 0.121094 0.0 0.10695576181094539 0.045640291584398085 0.09847450493998133 0.0 0.315488394532847 0.3129818850953931 0.31650516939248735 0.0 0.3532121288108281 0.32491952222083503 0.3413657171682966 0.0
0 0.367839 0.941406 0.141927 0.117188 0.0 0.0 0.19040209710643127 0.0 0.22177786002176703 0.0 0.3058645227095863 0.0 0.27946998419445723 0.0 0.35313568824195346 0.0 0.34148350757759893
0 0.025391 0.931641 0.048177 0.102865 0.0 0.22983780944294574 0.0 0.26007955913734976 0.0 0.2571269468810029 0.0 0.2260926656732108 0.0 0.302382923481464 0.0 0.31314641115743536 0.0
0 0.529297 0.962891 0.136719 0.074219 0.0 0.0 0.1899027448383107 0.0 0.18956934813290652 0.0 0.24677550141373997 0.0 0.2485748035271586 0.0 0.3720311978805689 0.0 0.3635305993084924
0 0.578776 0.754557 0.131510 0.095052 0.0 0.0 0.14611333816349198 0.0 0.15820113122177362 0.0 0.17069079497071005 0.0 0.18707140550901277 0.0 0.39808249749875635 0.0 0.3381726872139214
0 0.300781 0.686849 0.111979 0.214844 0.0 0.0 0.1502558188350683 0.0 0.11537663530878935 0.0 0.2710656062859887 0.0 0.2920121265901547 0.0 0.3334233923287166 0.0 0.3326848578887886
0 0.175130 0.820964 0.061198 0.097656 0.0 0.0 0.0 0.32538898256115695 0.0 0.0 0.0 0.08620823522678542 0.0 0.0 0.0 0.338996096872247 0.0
0 0.407552 0.807943 0.130208 0.152344 0.0 0.0 0.20115656289191755 0.0 0.21954086429260722 0.0 0.31948533109717664 0.0 0.3059121380400498 0.0 0.3472377534890307 0.0 0.3416794581157875
0 0.659505 0.558594 0.207031 0.278646 0.0 0.03582245300921437 0.11561173499716912 0.035304988325968616 0.11384089278044705 0.2837811473311709 0.27993280068707876 0.28234909606039493 0.276816820547653 0.30084992546775013 0.30288502839441095 0.30166713989236704 0.30137162796589256
0 0.957682 0.031250 0.084635 0.059896 0.0 0.0 0.0 0.15207176460000288 0.09023569141672856 0.0 0.0 0.23765187906532978 0.2704239233758783 0.0 0.0 0.5607857719279283 0.5579401355101847
0 0.238281 0.899089 0.117188 0.201823 0.0 0.0 0.15692057915891053 0.0 0.19195431374278288 0.0 0.28331018897435956 0.0 0.28965314114745505 0.0 0.3447884571390375 0.0 0.32411585433807205
0 0.037109 0.761719 0.071615 0.091146 0.0 0.16148031897434872 0.0 0.0 0.34758067208588295 0.21126244770629413 0.0 0.0 0.24459947470175109 0.26675857514720613 0.0 0.0 0.2734097441957497
0 0.711589 0.343099 0.160156 0.141927 0.0 0.05751524508702102 0.12757242799413698 0.0 0.1191460679821791 0.1885347194239499 0.2790109208261769 0.0 0.27353432601154426 0.1328349473553679 0.2294412943961068 0.0 0.23302146959563036
0 0.220052 0.276042 0.244792 0.179688 0.012119849962857115 0.15990920318444726 0.0 0.1368478371872254 0.01695752196614169 0.3614139166565908 0.0 0.3664401888522761 0.3549930244641129 0.3284523196921831 0.0 0.22742782664200964 0.26519934476715745
0 0.020833 0.840495 0.039062 0.071615 0.0 0.0 0.34299298571171905 0.0 0.0 0.0 0.17701286172540173 0.0 0.0 0.0 0.26585185655108795 0.0 0.0
0 0.703776 0.972656 0.095052 0.054688 0.07719834902336291 0.0 0.0 0.02735262230442678 0.2215849759916571 0.0 0.0 0.32136114468137256 0.1903130711183441 0.0 0.0 0.3762235875974568 0.3799713538324327
0 0.401042 0.843750 0.117188 0.083333 0.0 0.0 0.24495174195862335 0.0 0.19106619932190677 0.0 0.31934126400404905 0.0 0.3107923960118102 0.0 0.3484178204501316 0.0 0.3411124006326948
0 0.421224 0.764323 0.110677 0.096354 0.0 0.0 0.17419124037397396 0.0 0.1579111646734988 0.0 0.3266982363613627 0.0 0.3221927051184293 0.0 0.3446895806644281 0.0 0.3423761374111289
0 0.106120 0.792318 0.069010 0.079427 0.0 0.0 0.14906634009389208 0.0 0.049776222424859164 0.0 0.30865190261792086 0.0 0.38494519104760877 0.0 0.3756614529108049 0.0 0.38008474734702224
0 0.399089 0.242839 0.128906 0.149740 0.0 0.18134574870806985 0.0 0.07979583870136306 0.0 0.29460618227203417 0.0 0.47961818872090256 0.0 0.9374017753985852 0.0 0.929434672148876 0.0
0 0.451823 0.134766 0.106771 0.134115 0.0 0.0 0.11712047303940515 0.04190134417350843 0.1452769393255909 0.0 0.31537203231926625 0.32575637529143425 0.29503546596299857 0.0 0.9538566978099863 0.961073865259936 0.9425049815908408
0 0.561849 0.100911 0.095052 0.121094 0.0 0.1280718915057893 0.0 0.13950234368428505 0.0 0.3102667705630958 0.0 0.33034698746793983 0.0 0.9418107383988191 0.0 0.9479318603324189 0.0
0 0.046875 0.195964 0.091146 0.128906 0.39736764959080045 0.0 0.0 0.0 0.0 0.0 0.0 0.0 0.0 0.0 0.0 0.0 0.0
0 0.139974 0.126302 0.162760 0.122396 0.0 0.14541504140047598 0.0 0.1643772764432971 0.013542182158402626 0.2519359503897389 0.0 0.26032176459229656 0.31401908519176475 0.6849158908409378 0.0 0.6155826953288409 0.2947735134456789
0 0.310547 0.046875 0.196615 0.091146 0.0 0.1303224047800097 0.05482483248871546 0.15241648353210943 0.04670155325606721 0.3992365673012821 0.45685780735242904 0.3875616708770242 0.48575588742031517 0.9380453310003819 0.9373579964148665 0.9500199629981783 0.9249516989878711
0 0.952474 0.204427 0.095052 0.127604 0.0 0.07110327730799793 0.04611444538012317 0.08051484749938237 0.03981803551847276 0.42959960907287464 0.5244066951980083 0.472257355826144 0.4152247427147412 0.6034357183580867 0.6326588083543919 0.6382256307873846 0.6717960285649477
