0 0.391113 0.644043 0.086914 0.090820 0.0 0.2185270474835769 0.0 0.17599329775760392 0.0 0.2858760898423504 0.0 0.28316418195109416 0.0 0.6372209784030287 0.0 0.6507998484166465 0.0
0 0.471191 0.632812 0.084961 0.099609 0.0 0.17932153692307465 0.0 0.190687116342265 0.0 0.2520284399775417 0.0 0.2570121212308415 0.0 0.6372125328648198 0.0 0.642661753911567 0.0
0 0.547852 0.614746 0.087891 0.084961 0.0 0.1623710826122246 0.0 0.2431640123992646 0.0 0.2873832447974281 0.0 0.3257427360961691 0.0 0.6490980486035222 0.0 0.6007895068777764 0.0
0 0.298340 0.653320 0.102539 0.068359 0.0 0.22360954550576598 0.0 0.23306170647960167 0.0 0.29494267438580746 0.0 0.3074544651222462 0.0 0.6604611307617093 0.0 0.6620699641111312 0.0
0 0.308594 0.967773 0.099609 0.064453 0.0 0.2155283736207895 0.0 0.0 0.0 0.29257082645613297 0.0 0.0 0.0 0.5583337137799738 0.0 0.0 0.0
0 0.560547 0.922852 0.087891 0.064453 0.0 0.26686001615825655 0.0 0.0 0.0 0.3079269183461483 0.0 0.0 0.0 0.5762804838897065 0.0 0.0 0.0
0 0.473145 0.940918 0.090820 0.075195 0.0 0.08980854039132292 0.0 0.0 0.0 0.22464361022119306 0.0 0.0 0.0 0.5831230304126386 0.0 0.0 0.0
0 0.393555 0.955078 0.070312 0.072266 0.0 0.2579333458274528 0.0 0.0 0.0 0.28199942921657467 0.0 0.0 0.0 0.5840363986456487 0.0 0.0 0.0
0 0.912109 0.836426 0.107422 0.051758 0.43488245674269604 0.0 0.0 0.0 0.0 0.0 0.0 0.0 0.0 0.0 0.0 0.0 0.0
0 0.374512 0.496582 0.106445 0.086914 0.0 0.12640780269919216 0.0 0.06091911347834169 0.0 0.3164750972975592 0.0 0.3089757650537365 0.0 0.6574763842450512 0.0 0.6522345494585668 0.0
0 0.291016 0.522461 0.082031 0.085938 0.0 0.14382947339643784 0.0 0.10953502770460141 0.0 0.2526089567869787 0.0 0.26578775879836447 0.0 0.6588243138726112 0.0 0.6519351017476935 0.0
0 0.666992 0.582031 0.173828 0.095703 0.0 0.14028456849472334 0.034228063302555164 0.1742518824835519 0.0 0.2953553172966769 0.286142296273967 0.26592145699352665 0.0 0.6431333202923408 0.6397624802729182 0.6489191178831883 0.0
0 0.210938 0.977539 0.093750 0.044922 0.0 0.0 0.49434677687677636 0.0 0.0 0.0 0.11436759122316899 0.0 0.0 0.0 0.9702716534967825 0.0 0.0
0 0.645020 0.908203 0.079102 0.066406 0.0 0.24414609647612415 0.0 0.0 0.0 0.30413556039409806 0.0 0.0 0.0 0.5717979897998291 0.0 0.0 0.0
0 0.109375 0.129883 0.216797 0.257812 0.4219237911697512 0.0 0.0 0.0 0.0 0.0 0.0 0.0 0.0 0.0 0.0 0.0 0.0
0 0.187012 0.556641 0.133789 0.087891 0.0 0.1528349185033338 0.0 0.09679973568924116 0.005886614828531637 0.25476330159475136 0.0 0.27878264531411995 0.2470923246610985 0.7716118347649579 0.0 0.6903842097514554 0.627748463377254
0 0.397949 0.097168 0.069336 0.061523 0.0 0.0 0.0 0.0 0.3740941080960279 0.0 0.0 0.0 0.15952326099519296 0.0 0.0 0.0 0.27247446362540273
0 0.896973 0.596680 0.200195 0.242188 0.0 0.1260027768001388 0.0 0.12963947650137383 0.0 0.12025763838882728 0.0 0.12633189046088447 0.0 0.633524771789954 0.0 0.6528150670255859 0.0
0 0.030762 0.604980 0.059570 0.108398 0.0 0.03647777338667072 0.14112692708756036 0.09599374996844875 0.05437459110924575 0.23724055066044025 0.3291481685948992 0.3110826292822078 0.38975930803164544 0.7441282919096882 0.6947984844579229 0.721146622863285 0.7170090182185378
0 0.916504 0.138672 0.166992 0.205078 0.1042800363667172 0.0037209198801116407 0.0 0.047786744601759516 0.0 0.13214744644007353 0.0 0.10906738694181907 0.0 0.6334532726366358 0.0 0.8371160253259777 0.0
0 0.719727 0.893066 0.072266 0.063477 0.0 0.19892240833523062 0.0 0.0 0.0 0.2705028745685685 0.0 0.0 0.0 0.6007250403978541 0.0 0.0 0.0
0 0.200684 0.673828 0.104492 0.064453 0.0 0.19612189849119602 0.0 0.18136640988999408 0.030010941430754303 0.3060586354770588 0.0 0.3070580997271206 0.29063458656771474 0.6225013678664834 0.0 0.6538909643620223 0.6426915512434078
0 0.077637 0.727051 0.067383 0.094727 0.0 0.24688478698936434 0.0 0.10473922641696312 0.0 0.2575447003440935 0.0 0.2776936049767963 0.0 0.7306898947176882 0.0 0.7358127086130998 0.0
0 0.782715 0.408691 0.110352 0.084961 0.37680641560162775 0.0 0.005635458932310373 0.0 0.0 0.0 0.11524576575538291 0.0 0.0 0.0 0.6415597971211379 0.0 0.0
0 0.373535 0.150879 0.069336 0.061523 0.0 0.0 0.0 0.0 0.49771790939946003 0.0 0.0 0.0 0.1588005906609166 0.0 0.0 0.0 0.1532702076808012
0 0.329590 0.200684 0.069336 0.061523 0.0 0.0 0.0 0.0 0.4678797596781438 0.0 0.0 0.0 0.1590403543386006 0.0 0.0 0.0 0.03386575130252759
0 0.250488 0.264160 0.069336 0.061523 0.0 0.43659974247744493 0.0 0.0 0.0 0.15709605897153373 0.0 0.0 0.0 0.8933245915187327 0.0 0.0 0.0
0 0.202637 0.298340 0.069336 0.061523 0.0 0.4921761557153292 0.0 0.0 0.0 0.1612161400046473 0.0 0.0 0.0 0.8944873932794319 0.0 0.0 0.0
0 0.153809 0.338379 0.069336 0.061523 0.0 0.4496864495772959 0.0 0.0 0.0 0.15987270819053132 0.0 0.0 0.0 0.8771470607965851 0.0 0.0 0.0
0 0.027344 0.747070 0.052734 0.068359 0.0 0.1742110889702097 0.0 0.22037018087424784 0.0 0.2695067902078454 0.0 0.3058467883574424 0.0 0.723500361706342 0.0 0.7399856506320147 0.0
0 0.912109 0.373047 0.175781 0.113281 0.3970595025608494 0.0 0.0 0.0 0.0 0.0 0.0 0.0 0.0 0.0 0.0 0.0 0.0
0 0.612793 0.441406 0.231445 0.117188 0.20441222449591256 0.0 0.0 0.0 0.0 0.0 0.0 0.0 0.0 0.0 0.0 0.0 0.0
0 0.473633 0.316406 0.171875 0.132812 0.28711996379727 0.0 0.0 0.0 0.0 0.0 0.0 0.0 0.0 0.0 0.0 0.0 0.0
0 0.634277 0.257324 0.133789 0.108398 0.2008946640011656 0.0 0.0 0.08160058577888232 0.0 0.0 0.0 0.08930248400224552 0.0 0.0 0.0 0.8429424043609711 0.0
0 0.763672 0.183105 0.160156 0.129883 0.26229361074436164 0.0 0.0 0.0 0.0 0.0 0.0 0.0 0.0 0.0 0.0 0.0 0.0
0 0.764648 0.100586 0.119141 0.097656 0.29649454008402987 0.0 0.0 0.0 0.0 0.0 0.0 0.0 0.0 0.0 0.0 0.0 0.0
0 0.019531 0.841797 0.037109 0.062500 0.0 0.140512605159428 0.0 0.051359941254808944 0.0 0.1719244170493727 0.0 0.19516236883469182 0.0 0.7415499713889993 0.0 0.7028967368559651 0.0
0 0.048340 0.836426 0.026367 0.065430 0.0 0.16622226177865154 0.0 0.04793978045344783 0.0 0.20627614275761372 0.0 0.2343972390125485 0.0 0.8610166911684822 0.0 0.7290046037214034 0.0
0 0.080566 0.827637 0.034180 0.059570 0.0 0.12114042743332086 0.0 0.05280732754771352 0.0 0.22780928402278502 0.0 0.1872650704810766 0.0 0.7433632348316561 0.0 0.7156019511860595 0.0
0 0.017578 0.969238 0.033203 0.059570 0.0 0.0 0.0 0.0 0.2542789830036494 0.0 0.0 0.0 0.15103667023053818 0.0 0.0 0.0 0.6571257141254048
