0 0.279948 0.052734 0.182292 0.102865 0.06176602887720807 0.04305750594518085 0.0 0.115556971896506 0.139366911973951 0.34139100380707965 0.0 0.3686294064689466 0.22128770278327614 0.9028387198110555 0.0 0.9030845726236477 0.9064136485528524
0 0.511719 0.335286 0.151042 0.141927 0.08103819389002315 0.15781215594188092 0.0 0.14532365121231977 0.0 0.3592671698407835 0.0 0.36501917755292557 0.0 0.9007273023231741 0.0 0.9040889139956025 0.0
0 0.396484 0.416016 0.165365 0.136719 0.04676902436171919 0.20564767079467586 0.0 0.11784201722735094 0.041890257662769964 0.2299448200561373 0.0 0.35529412354193574 0.3511030647762621 0.9051352654509777 0.0 0.8918708439353111 0.9091555963853735
0 0.729167 0.177734 0.151042 0.131510 0.08762070253927298 0.13166434867176277 0.05417235022175033 0.11668044048066446 0.0 0.31761437911019286 0.35116983968425525 0.31366276483931715 0.0 0.8979893071578883 0.9056587849128742 0.8960261792443652 0.0
0 0.628255 0.258464 0.139323 0.123698 0.05023126517274462 0.22498686289078088 0.0 0.17810457305444985 0.0 0.3209486719762478 0.0 0.31706514336421254 0.0 0.8966609112553116 0.0 0.894651755455882 0.0
0 0.042318 0.250000 0.082031 0.111979 0.0 0.07155081457129503 0.14467829617126787 0.2547733408880707 0.0 0.39632670515980023 0.4259440006894838 0.4109543277998783 0.0 0.8812990569020452 0.8926076322555715 0.9021666614233314 0.0
0 0.382812 0.013021 0.119792 0.023438 0.0 0.0 0.0 0.3113134225476837 0.0 0.0 0.0 0.35015802145463243 0.0 0.0 0.0 0.8955986094023223 0.0
0 0.029948 0.554036 0.057292 0.162760 0.036651377885457734 0.0 0.07497761352493688 0.03673126677354598 0.0 0.0 0.3955549189789437 0.36346868069458493 0.0 0.0 0.890687162034188 0.8929335075336793 0.0
0 0.499349 0.645182 0.113281 0.089844 0.0 0.1041485218373462 0.0643445168798434 0.06942668553991471 0.0246888179753371 0.3474470224334043 0.34284278847272254 0.3529158520234247 0.3641684057956081 0.7836179412880063 0.787471145707986 0.7956984412179376 0.7989931448640349
0 0.590495 0.621094 0.074219 0.114583 0.0 0.0 0.21148776214642426 0.02166472853716931 0.06060611280088491 0.0 0.3167347062159275 0.28641134039968075 0.3383763079049184 0.0 0.78902364770633 0.7593447593605447 0.7725326884554423
