0 0.496582 0.901855 0.106445 0.110352 0.0 0.21697140294095812 0.0 0.19751194521728957 0.0 0.17849803134230907 0.0 0.18780157619540527 0.0 0.5318915471001587 0.0 0.5422276167160685 0.0
0 0.712891 0.893066 0.095703 0.114258 0.0 0.22499376071559346 0.0 0.16541731978510307 0.0 0.26576220953378027 0.0 0.3626868622352536 0.0 0.543454146673101 0.0 0.5382267954642379 0.0
0 0.576660 0.892090 0.061523 0.131836 0.0 0.22613381946954858 0.0 0.1559497218108513 0.0 0.22510400121429489 0.0 0.20632013321100615 0.0 0.5130771839034324 0.0 0.5562405845992481 0.0
0 0.409180 0.901855 0.068359 0.112305 0.06745412236575592 0.18604021701180257 0.0 0.16208455996246102 0.0 0.27599795491439605 0.0 0.3076615450911754 0.0 0.5432787625934131 0.0 0.48666903662340627 0.0
0 0.788086 0.046387 0.107422 0.090820 0.0334357578191779 0.0 0.21219640654564959 0.0 0.17533789353893575 0.0 0.3182112022057204 0.0 0.34010382799592265 0.0 0.6914105683655236 0.0 0.6840624623921198
0 0.355957 0.669434 0.086914 0.092773 0.0 0.16223844205550972 0.0 0.25164311891642616 0.0 0.28529456845918055 0.0 0.22916322444543438 0.0 0.22720299027178062 0.0 0.17993207118730367 0.0
0 0.350098 0.470703 0.096680 0.099609 0.0 0.2178890957585942 0.0 0.1678902592166675 0.0 0.2566392070928832 0.0 0.27013080402858436 0.0 0.01316129515294209 0.0 0.025525020260456523 0.0
0 0.505371 0.735840 0.106445 0.108398 0.15948213406076325 0.08514287535791171 0.019395303593002976 0.10787056898080502 0.021264230196220844 0.24439480094542235 0.2559489609522136 0.2637820781449376 0.2548382812400828 0.4103928788313684 0.47700695078499455 0.4164370093548238 0.33351814096753
0 0.169922 0.258789 0.099609 0.111328 0.0 0.24684706318042876 0.0 0.0 0.16315320032412917 0.2698989934157173 0.0 0.0 0.2762693577377857 0.010496269175289305 0.0 0.0 0.9899717606827984
0 0.292969 0.612305 0.080078 0.085938 0.0 0.18949535451858715 0.0 0.1686549907173974 0.0 0.3787772933261959 0.0 0.3766130886977888 0.0 0.07875630699400275 0.0 0.08158098990667718 0.0
0 0.228516 0.798828 0.119141 0.099609 0.0 0.0 0.1828287329904528 0.0 0.1875804481200145 0.0 0.22547683708600208 0.0 0.24372241384857027 0.0 0.6763027211583909 0.0 0.6908773215819953
0 0.339355 0.901367 0.069336 0.103516 0.0 0.2276874043409237 0.0 0.1795897069522394 0.0 0.28163570736684873 0.0 0.26967190470003627 0.0 0.5414252010346533 0.0 0.5401755243254336 0.0
0 0.059570 0.825684 0.107422 0.096680 0.0 0.0 0.17077015261959902 0.0 0.1304830054681181 0.0 0.2097128719256479 0.0 0.2890892980826214 0.0 0.6864048555320552 0.0 0.682134375880416
0 0.685059 0.730957 0.083008 0.137695 0.0 0.091428700107258 0.0 0.20476712380463774 0.0 0.3545073080597571 0.0 0.19491085481953635 0.0 0.6311600745682994 0.0 0.6045157545249721 0.0
0 0.819824 0.124512 0.108398 0.079102 0.0 0.0 0.2589150050331258 0.0 0.24203449994300394 0.0 0.2838254135431595 0.0 0.30557909795732463 0.0 0.7075576288548738 0.0 0.717482578000992
0 0.037109 0.265137 0.072266 0.168945 0.0 0.03502112826223508 0.20618457816994457 0.08610970691675854 0.019396010746485646 0.3196085220767398 0.2972103996678726 0.3077926611346829 0.34262017600707567 0.786892789322055 0.674577889692738 0.8203256925772443 0.7974498256755753
0 0.729980 0.551270 0.071289 0.110352 0.0 0.18673508179013915 0.0 0.1888822309303139 0.0 0.2925146080459169 0.0 0.2881328174266189 0.0 0.6119214807331244 0.0 0.6288314556431898 0.0
0 0.403809 0.529785 0.079102 0.086914 0.0 0.16324587131962073 0.0 0.21456598868668028 0.0 0.19629664857565077 0.0 0.15390303210893833 0.0 0.18533589927339883 0.0 0.17966766697543335 0.0
0 0.187500 0.729492 0.078125 0.066406 0.0 0.0 0.20295110104267106 0.0 0.14739896924398863 0.0 0.355309886950311 0.0 0.3673494056116846 0.0 0.6835420955779304 0.0 0.6788965626498668
0 0.786621 0.886230 0.055664 0.100586 0.0 0.12685648592154525 0.0 0.18151782291721438 0.0 0.34329737751478884 0.0 0.3262878213346522 0.0 0.571124836711629 0.0 0.5394913670435711 0.0
0 0.510742 0.531738 0.119141 0.155273 0.08468330737644486 0.05721247033495731 0.05516252273743778 0.07308013641907124 0.05847472705553362 0.32695092725713504 0.28605608597043586 0.3038805314936663 0.2840356647254565 0.31385998273849264 0.35386796041196933 0.3434296633600452 0.34654513309852303
0 0.030273 0.668945 0.058594 0.109375 0.0 0.0 0.2961510712583634 0.0 0.08182704180546556 0.0 0.18596789987576562 0.0 0.2884267466878712 0.0 0.6760509527964851 0.0 0.6643450722961268
0 0.600098 0.577637 0.081055 0.094727 0.0 0.1713734554137253 0.0 0.21657859063378637 0.0 0.3361428961456243 0.0 0.32120991901817836 0.0 0.5471134584664307 0.0 0.5516768798688184 0.0
0 0.179688 0.652832 0.105469 0.094727 0.0 0.0 0.19264707106823162 0.0 0.12348885697099819 0.0 0.26144151459089193 0.0 0.2646163857051236 0.0 0.6891334022689891 0.0 0.6878286287004648
0 0.795410 0.699219 0.049805 0.105469 0.0 0.11003431346450604 0.0 0.18315242896560088 0.0 0.2895867326617716 0.0 0.15382343987495897 0.0 0.6059663905777717 0.0 0.6001033764301534 0.0
0 0.962891 0.035156 0.074219 0.068359 0.0 0.0 0.11007832093832212 0.0 0.2915202136183021 0.0 0.2632043726906508 0.0 0.2574907082406258 0.0 0.6736925264215752 0.0 0.6766395645841312
0 0.250488 0.912598 0.110352 0.137695 0.0 0.01958534768803176 0.1394503522754238 0.035826812747295704 0.08475483074272919 0.47902400938699585 0.22689717922288927 0.4372070978238609 0.3183800411635614 0.5464078999251685 0.6770921961627059 0.5348524543412799 0.6789410347704625
0 0.937988 0.891602 0.124023 0.099609 0.0 0.0 0.09154529752495214 0.06795748923658289 0.1399452358509561 0.0 0.19761170605300207 0.1811306951503906 0.22395661034484848 0.0 0.710936162955073 0.5435980562275365 0.5933105920542814
0 0.664062 0.572266 0.058594 0.095703 0.0 0.19561927008137495 0.0 0.1805641823266689 0.0 0.28027971133630497 0.0 0.30696327175609944 0.0 0.6052261498537239 0.0 0.6166268941792572 0.0
0 0.291992 0.392090 0.087891 0.094727 0.0 0.2416438357415253 0.0 0.0 0.18902706142207892 0.2875081260153729 0.0 0.0 0.24794506824117526 0.031481683890694966 0.0 0.0 0.9697906766331524
0 0.971680 0.120117 0.056641 0.101562 0.0 0.030612314255795647 0.009739859721582159 0.0 0.26557639560154384 0.1903953956825991 0.2210955219906307 0.0 0.23180537152373332 0.06035486667809909 0.19884483590836086 0.0 0.7779537337086907
0 0.841797 0.885742 0.060547 0.095703 0.0 0.21519075113757738 0.0 0.2165728070879742 0.0 0.2699644776468112 0.0 0.2490831559300059 0.0 0.5526316441878748 0.0 0.5360683797955239 0.0
0 0.932617 0.545898 0.076172 0.078125 0.0 0.20273667641847382 0.0 0.23306405256852317 0.0 0.2559246273850228 0.0 0.2863834168581829 0.0 0.20159429946804178 0.0 0.20111916621070172 0.0
0 0.623047 0.738281 0.052734 0.123047 0.0 0.1293160067684405 0.0 0.18563610423897045 0.0 0.2818195804448256 0.0 0.18431104369893705 0.0 0.5346304529573339 0.0 0.530190470777792 0.0
0 0.123535 0.187988 0.075195 0.084961 0.0 0.06095166514359213 0.06118045561842255 0.0 0.0 0.3594753409778143 0.296720111330111 0.0 0.0 0.6330263858135099 0.9257955865694012 0.0 0.0
0 0.018066 0.592773 0.034180 0.066406 0.0 0.0 0.4313974830626077 0.0 0.0 0.0 0.16638015357918712 0.0 0.0 0.0 0.6816764673516369 0.0 0.0
0 0.850586 0.685547 0.078125 0.091797 0.0 0.21507282994530272 0.0 0.11838583648489329 0.0 0.2620234524196777 0.0 0.2674861414918879 0.0 0.40629810453295506 0.0 0.56643828470305 0.0
0 0.125488 0.462891 0.122070 0.142578 0.0 0.006498144879515095 0.15519365071033697 0.0 0.09951926690511372 0.22785337316410373 0.23297648017781128 0.0 0.2398860826370784 0.8505724643378626 0.7954785470798706 0.0 0.7096850822625239
0 0.578613 0.733887 0.043945 0.108398 0.0 0.13474902687380994 0.0 0.168889313462111 0.0 0.2524230263525797 0.0 0.18207790890656356 0.0 0.46279940251306073 0.0 0.49748500708061993 0.0
0 0.918945 0.762695 0.095703 0.058594 0.0 0.0 0.16633204490746328 0.0 0.1494528029707225 0.0 0.26043140565169054 0.0 0.27483375782822506 0.0 0.6994978159067818 0.0 0.6932299422961108
0 0.902832 0.710449 0.077148 0.073242 0.0 0.0 0.2355116999688653 0.014277455232234233 0.10714107465145424 0.0 0.24657786828999959 0.29946220986622063 0.25964527520664954 0.0 0.9091653281417681 0.049699184680873525 0.8026617153582395
0 0.935547 0.812500 0.101562 0.058594 0.0 0.0 0.224773487805842 0.0 0.13848749510923783 0.0 0.2587293533399131 0.0 0.2511405797714846 0.0 0.6964580591894154 0.0 0.6679919363727743
0 0.104980 0.948730 0.094727 0.088867 0.0 0.07377494461780033 0.11942306427933093 0.12048179649324572 0.06247215361929444 0.24604780187259523 0.27285828646294435 0.2664231265242346 0.2863922304999045 0.6134820271764907 0.6664462079763793 0.6261913598560075 0.6890286170466453
0 0.088379 0.890625 0.096680 0.044922 0.0 0.0 0.06904294689669603 0.0 0.21326536747865363 0.0 0.25185529815913904 0.0 0.2518240832356575 0.0 0.7108114550844772 0.0 0.6630005875035051
0 0.630371 0.023926 0.139648 0.045898 0.0 0.0 0.17568656989161927 0.0 0.16310464029835334 0.0 0.245086957331343 0.0 0.24551855785293988 0.0 0.4332799137070304 0.0 0.41797024263312516
0 0.029785 0.964844 0.057617 0.064453 0.0 0.0 0.0 0.2441081168499663 0.0 0.0 0.0 0.2561039597568011 0.0 0.0 0.0 0.5997173851729976 0.0
0 0.231934 0.340332 0.081055 0.090820 0.0 0.0 0.2621473414346608 0.0 0.21236036646787718 0.0 0.2883238309096732 0.0 0.26270959550762263 0.0 0.9922934834141122 0.0 0.9549266671793892
0 0.359863 0.766113 0.063477 0.079102 0.0 0.0 0.11247965966989638 0.0 0.19232211235519686 0.0 0.3128850109358107 0.0 0.3101845169570991 0.0 0.22485992603757332 0.0 0.23816475382263164
0 0.555176 0.065918 0.237305 0.055664 0.3540556360785872 0.0 0.0 0.0 0.0 0.0 0.0 0.0 0.0 0.0 0.0 0.0 0.0
0 0.201660 0.530762 0.061523 0.061523 0.0 0.20530242019762304 0.0 0.0936130751613674 0.0 0.25914131176305805 0.0 0.2905243803000422 0.0 0.005903156685932645 0.0 0.020455350294509837 0.0
0 0.864258 0.536621 0.080078 0.090820 0.0 0.15379260558999508 0.0 0.16388819425207204 0.0 0.2762801869993036 0.0 0.26636224092790495 0.0 0.37727405045588447 0.0 0.405423405209169 0.0
0 0.968750 0.587402 0.062500 0.084961 0.0 0.0 0.18847001958949683 0.16382726223041852 0.0 0.0 0.27743294542670127 0.3224347279475092 0.0 0.0 0.9821770147295733 0.029813771931298385 0.0
0 0.939453 0.307129 0.121094 0.196289 0.0 0.06604232861850134 0.0642310188699931 0.07344235191419413 0.13702055023478246 0.3646349731040238 0.36412455338095123 0.3636785148565237 0.35188958482059546 0.8940759123274341 0.8880965263903821 0.8975002675965884 0.8356839265638609
0 0.861328 0.193359 0.082031 0.070312 0.0 0.0 0.1791745024687095 0.0 0.21285600637476684 0.0 0.17119425423399198 0.0 0.17800124494196684 0.0 0.8725072095748696 0.0 0.8161539192627013
0 0.792480 0.538086 0.061523 0.093750 0.22823574383262996 0.02791553273320009 0.030495529257879433 0.26681697499433016 0.026169843709002417 0.3046982568888471 0.448225836389923 0.29177825214231945 0.4633226769972992 0.7389912859832368 0.5883930638984493 0.5912581296730051 0.607013071530966
0 0.742676 0.168457 0.055664 0.067383 0.0 0.0 0.15882422674805494 0.0 0.0 0.0 0.07508330150295059 0.0 0.0 0.0 0.686754675054046 0.0 0.0
0 0.015137 0.488770 0.028320 0.135742 0.0 0.0 0.1305679053738626 0.0 0.0 0.0 0.3284770731663974 0.0 0.0 0.0 0.6827459231936793 0.0 0.0
0 0.140625 0.579590 0.097656 0.086914 0.1537861326227421 0.0 0.0 0.0 0.02518245425695388 0.0 0.0 0.0 0.18520820647782998 0.0 0.0 0.0 0.6897177816678259
0 0.541016 0.195312 0.103516 0.193359 0.2153901567238477 0.0 0.0 0.0 0.12572502288590687 0.0 0.0 0.0 0.10167552179564818 0.0 0.0 0.0 0.5546993407993016
0 0.613770 0.168945 0.067383 0.080078 0.15071943501798507 0.0 0.07112795603863892 0.0 0.025802437459735882 0.0 0.0769499478750931 0.0 0.07553984317673762 0.0 0.5423397639961044 0.0 0.5554308757911037
0 0.746094 0.332031 0.179688 0.119141 0.32877576057248287 0.0 0.0 0.006354909017073364 0.0 0.0 0.0 0.29133256853630674 0.0 0.0 0.0 0.5752687327169964 0.0
0 0.030273 0.755859 0.058594 0.072266 0.0 0.0 0.055364424443402394 0.0 0.04712280035123116 0.0 0.3108333300245229 0.0 0.3195970867085489 0.0 0.6175858615935146 0.0 0.6929911059075382
0 0.235352 0.567871 0.078125 0.077148 0.0 0.16878781101979468 0.0 0.0 0.08965068331977208 0.2500861236677661 0.0 0.0 0.2604445699354989 0.0041093972279057315 0.0 0.0 0.986961620424583
0 0.424316 0.709473 0.071289 0.092773 0.3531016058212325 0.0 0.0 0.0 0.0 0.0 0.0 0.0 0.0 0.0 0.0 0.0 0.0
0 0.635254 0.893066 0.061523 0.114258 0.0 0.17488441062215604 0.0 0.13638811238870405 0.0 0.25091596571687874 0.0 0.24475421381256116 0.0 0.560333061932018 0.0 0.5095978298851573 0.0
0 0.752441 0.716797 0.049805 0.105469 0.0 0.12752016125705962 0.0 0.11738941726755685 0.0 0.2156323592293775 0.0 0.17799599575365593 0.0 0.6566772059615222 0.0 0.6162496416412175 0.0
