0 0.053711 0.370605 0.105469 0.098633 0.0 0.0 0.19534183398572438 0.0 0.14361280828778425 0.0 0.32523236459779165 0.0 0.3435435961256179 0.0 0.6219469089194462 0.0 0.6139186963458122
0 0.067383 0.466797 0.095703 0.091797 0.0 0.0 0.19543325735529676 0.0 0.14714660593215484 0.0 0.24502480907510676 0.0 0.24646170876420048 0.0 0.6245958460070541 0.0 0.6211098230679647
0 0.083008 0.555664 0.111328 0.089844 0.0 0.0 0.15024702805774423 0.0 0.13800165258533706 0.0 0.3341038368639973 0.0 0.333261412455416 0.0 0.6202005908170294 0.0 0.6183217398487655
0 0.043457 0.271484 0.084961 0.099609 0.0 0.0 0.26361503440791445 0.0 0.21208554665174226 0.0 0.3549355520787485 0.0 0.35650872601760364 0.0 0.6237402035451546 0.0 0.625040976390261
0 0.415527 0.332031 0.084961 0.080078 0.0 0.10003813324187998 0.0 0.09337437376884034 0.042245941896375594 0.24834610209785898 0.0 0.2544920939227564 0.2582616849803882 0.3024626090217808 0.0 0.29889962313166873 0.3008923004681394
0 0.282227 0.155762 0.083984 0.086914 0.0 0.09470208533933049 0.0 0.1243310121546551 0.05957697458950776 0.27230831664516264 0.0 0.269522769413546 0.2838019008644528 0.3064777736708682 0.0 0.30127334154122043 0.32497373003653673
0 0.345215 0.304688 0.079102 0.087891 0.0 0.10869436598994252 0.06485844653146154 0.048694594676597786 0.0 0.3234179369561093 0.32883867384707893 0.3127786990478981 0.0 0.2605317741431095 0.3192343383741843 0.2779255541193843 0.0
0 0.104492 0.645020 0.109375 0.086914 0.0 0.0 0.18566088164370445 0.0 0.16196380311621197 0.0 0.2822926741791749 0.0 0.28194577547247285 0.0 0.6180111357330864 0.0 0.6218333677740412
0 0.155762 0.065430 0.067383 0.064453 0.0 0.16227791775222786 0.0 0.17719421138343336 0.07831883009561567 0.35632416648781046 0.0 0.3608239003216101 0.36079767991840284 0.08374492538179858 0.0 0.07375890548719705 0.07694041519420378
0 0.367188 0.574707 0.074219 0.086914 0.0 0.10680166591412522 0.0 0.13313132187926444 0.04533946369198996 0.28879556340429663 0.0 0.2905540857816858 0.44862154435032114 0.30064555102958507 0.0 0.28190292505506453 0.30911569644685305
0 0.271484 0.284180 0.085938 0.083984 0.0 0.07733481495691102 0.0 0.06633671632200669 0.056218126469472635 0.33541328099773776 0.0 0.33241979117201864 0.3247089045245239 0.28959051040296563 0.0 0.2845623730448949 0.28708469360600475
0 0.603027 0.799316 0.083008 0.077148 0.0 0.128805216559351 0.09007435495219021 0.12322998426728939 0.0 0.30915737229776696 0.2351488190973248 0.32033904665975116 0.0 0.2923766963473953 0.5219539094521853 0.3124508702269556 0.0
0 0.205566 0.103516 0.069336 0.066406 0.0 0.193810533029665 0.1144815338525577 0.1362915895210631 0.0 0.35879382753172856 0.36853384217421054 0.3645218127223683 0.0 0.0745428012405173 0.0646390370619593 0.09097250001544492 0.0
0 0.131348 0.230469 0.077148 0.080078 0.0 0.11975980578523777 0.0 0.20958404079902648 0.05495627171889739 0.269305542271785 0.0 0.2179492589979038 0.2538343486545754 0.22758795039235938 0.0 0.22252103273800117 0.21147981186331796
0 0.566895 0.645020 0.077148 0.083008 0.0 0.11823566912255928 0.07869190285289197 0.09982325508011829 0.0 0.35384293023114405 0.4036189851489957 0.35282739363716475 0.0 0.29112335663469807 0.2967435689384552 0.3129123633418759 0.0
0 0.963867 0.059082 0.072266 0.112305 0.0 0.0 0.16939375635636114 0.0 0.05012821174070732 0.0 0.32474924910761405 0.0 0.27339671235872864 0.0 0.6775556592657778 0.0 0.6599403987694437
0 0.459473 0.758789 0.083008 0.072266 0.0 0.10727796498778762 0.05437559940663421 0.08302017536853697 0.0 0.2864011311489595 0.2693389085619853 0.3143507068934737 0.0 0.30209992597685315 0.2976342445789726 0.31033381514821484 0.0
0 0.239258 0.736328 0.087891 0.080078 0.03822606827173969 0.1365908148774897 0.0 0.17288332636322054 0.07492249460027024 0.2802908140172555 0.0 0.26381355678295704 0.2796575878746234 0.6160761479916967 0.0 0.5507171623994408 0.625968060733604
0 0.148438 0.903320 0.101562 0.087891 0.03872866432950697 0.0 0.13715035834359962 0.0 0.1546384632069004 0.0 0.2670349909350076 0.0 0.38092998456569543 0.0 0.6208388150767239 0.0 0.6188050136780393
0 0.630371 0.155762 0.147461 0.090820 0.0 0.09921080748778013 0.021354061273996396 0.07820532384182927 0.043296855597311994 0.3079973490723389 0.27065640753967063 0.32079565692597184 0.3207399745054587 0.6189528831703761 0.603040195873317 0.6262214966129144 0.6240074928778471
0 0.309082 0.028320 0.069336 0.054688 0.0 0.17419932173485964 0.10966904961786006 0.2313122541472969 0.0 0.2998041222949795 0.39478019128026703 0.3140194858832962 0.0 0.05190998284279994 0.07430584173977321 0.07786005462883609 0.0
0 0.709961 0.906738 0.068359 0.063477 0.07380168137423797 0.0 0.0 0.24333856339070076 0.0 0.0 0.0 0.19819809672912944 0.0 0.0 0.0 0.5512018781575395 0.0
0 0.434082 0.594238 0.090820 0.102539 0.0 0.056555511171615044 0.06296940652040126 0.032596177515580624 0.0 0.28691605753723154 0.27505830361273037 0.29059205302618457 0.0 0.298287314382152 0.3028339158121222 0.3005198957847774 0.0
0 0.619629 0.265137 0.069336 0.071289 0.0 0.1423348843873267 0.0 0.09265419165204254 0.0575420531964117 0.32411227873933396 0.0 0.3345750449223304 0.3308075265568569 0.2747980661535059 0.0 0.2631852469805892 0.26814321299972527
0 0.500000 0.622070 0.080078 0.091797 0.0 0.12594937527257466 0.0 0.10281624839231993 0.0631748628457443 0.35848658122985416 0.0 0.36650251812538764 0.36780397227901673 0.3075287121111608 0.0 0.30624898256959343 0.3033983727656079
0 0.276855 0.881836 0.073242 0.087891 0.0 0.09974441870515353 0.016473800829215367 0.12360440925955483 0.060945792124432276 0.2589173250545188 0.3349080042679476 0.28317238348267065 0.3697304197944614 0.6229141829989349 0.6443039299703028 0.6282571885159737 0.5998929787761818
0 0.532227 0.780273 0.076172 0.076172 0.0 0.11305429422676093 0.0 0.10030939802651129 0.06870239260595672 0.32552591149389093 0.0 0.3370936087630078 0.3193815077834303 0.3061125862232449 0.0 0.3129044706788351 0.31029215858589254
0 0.474121 0.458008 0.077148 0.097656 0.0 0.10878617670254669 0.0 0.07868330611738227 0.040854460595143346 0.36144985929720874 0.0 0.28372829613753014 0.3562328197351473 0.2871511462863909 0.0 0.32088259753184656 0.31013476067101886
0 0.695801 0.289062 0.063477 0.076172 0.0 0.09516752400013817 0.06227467817219598 0.06941808731915738 0.0 0.24179951244894327 0.24380417228323523 0.24685991162389098 0.0 0.2665281489974452 0.3150372061019589 0.26432042442064524 0.0
0 0.392578 0.459473 0.074219 0.059570 0.0 0.08805503993467712 0.056532984699395314 0.09239972637208238 0.0 0.3185745623747404 0.3102309542164456 0.3230588555008406 0.0 0.28520089960537987 0.3129098298484728 0.31902363715624976 0.0
0 0.346191 0.872559 0.071289 0.084961 0.0 0.0913697966507271 0.0594399920170379 0.09647547489766649 0.0 0.28156913406158296 0.30629962059250976 0.2948801755055692 0.0 0.6146757924614275 0.6268154772462051 0.6277431788354344 0.0
0 0.849609 0.359863 0.095703 0.079102 0.0 0.08510087162822812 0.05118673490295379 0.06420633120446101 0.0 0.3299410762184273 0.31012072621523923 0.346156955913856 0.0 0.1860633599873221 0.18719718150750472 0.18653170352733292 0.0
0 0.343262 0.177246 0.061523 0.086914 0.0 0.1415591049002241 0.030620992349551568 0.0643452968928025 0.0 0.1664203642135813 0.2516041948147905 0.28413395408142283 0.0 0.3001066432298001 0.2751669064866468 0.288325427822618 0.0
0 0.183594 0.417969 0.076172 0.099609 0.0 0.09169943579993686 0.0 0.095665465646965 0.06426898703530746 0.19786314662424592 0.0 0.1938960449246771 0.27075225494403604 0.6552873530926419 0.0 0.6229663362915353 0.630290204440388
0 0.619629 0.515137 0.088867 0.073242 0.0 0.16281184884535546 0.0 0.15713458874462577 0.0 0.40563014391828545 0.0 0.3896066272983172 0.0 0.6284232177678752 0.0 0.6242570947064988 0.0
0 0.168945 0.972656 0.089844 0.054688 0.0 0.0 0.06989307513600707 0.0 0.07039613427015101 0.0 0.26967115802153013 0.0 0.380489268025627 0.0 0.6516000044463274 0.0 0.6098132973086898
0 0.793457 0.325195 0.079102 0.078125 0.0 0.1568313514197541 0.0 0.08043556466846317 0.06084905806897699 0.2049926282643909 0.0 0.2791384893761314 0.2692006118617237 0.19105513012134517 0.0 0.178269147797378 0.19062861036510317
0 0.540039 0.479980 0.083984 0.102539 0.0 0.07460915505442041 0.02411529216140386 0.07957090546059213 0.0 0.3401339338788014 0.33292956837233567 0.35203384035205526 0.0 0.2968403008609894 0.3116297718217221 0.30663678553246837 0.0
0 0.119629 0.730957 0.096680 0.084961 0.0 0.0 0.18620369200212336 0.0 0.14587657008527738 0.0 0.31037330577221767 0.0 0.35314883440791334 0.0 0.6225590456510608 0.0 0.6058807779485593
0 0.319824 0.726074 0.075195 0.077148 0.0 0.12555459410639133 0.06528328976026182 0.13659130347976214 0.0 0.284805724948675 0.3790686998392744 0.28282816950716216 0.0 0.6203012121528407 0.6347121435368723 0.6334561767302059 0.0
0 0.333984 0.439453 0.062500 0.058594 0.0 0.13271237261483204 0.0 0.17579603609946462 0.0 0.36025253299939103 0.0 0.33947067428127886 0.0 0.2998422448922009 0.0 0.30181148455682677 0.0
0 0.428711 0.879395 0.076172 0.079102 0.0 0.12068273314147641 0.0 0.11408179350464778 0.07679069215678823 0.2671369953832384 0.0 0.2712474495706931 0.27060359506476545 0.30114840473447957 0.0 0.30435626125959186 0.30544378674905426
0 0.342285 0.970703 0.075195 0.056641 0.0 0.0 0.23365161047241725 0.0 0.06037343212748489 0.0 0.15775816215803792 0.0 0.15086656872239632 0.0 0.5373851518869575 0.0 0.5676382452216949
0 0.442383 0.052734 0.160156 0.103516 0.0 0.06035517866497625 0.028958644535740756 0.06735011705514285 0.04568919662140897 0.3038622219765086 0.3002213261688089 0.30304748591403446 0.2523929588583671 0.6047370411004734 0.6283108940856872 0.6250005592136576 0.6211413937201282
0 0.552734 0.383301 0.083984 0.088867 0.0 0.07781497087830026 0.0 0.06961940150791178 0.04569464658567355 0.30993577022635227 0.0 0.289660221580959 0.28249540785540544 0.29338301088511054 0.0 0.31210184756036796 0.299912699559178
0 0.031738 0.197266 0.061523 0.052734 0.07331510368098229 0.0 0.0 0.0 0.0 0.0 0.0 0.0 0.0 0.0 0.0 0.0 0.0
0 0.027344 0.141602 0.052734 0.064453 0.0 0.0 0.18863249777534588 0.0 0.0 0.0 0.24950311839591507 0.0 0.0 0.0 0.6052831446193845 0.0 0.0
0 0.622559 0.391602 0.084961 0.076172 0.0 0.10103137014478397 0.05487438661449042 0.13358911794896616 0.0 0.23970968524213715 0.22960696955175652 0.2386464663910662 0.0 0.29289571483332555 0.2960740775905606 0.3096027572340511 0.0
0 0.434570 0.202637 0.072266 0.059570 0.0 0.0940939118223032 0.0 0.13770486364239157 0.06273105898298231 0.26024283945774784 0.0 0.2931490140344718 0.23938935788781052 0.6147862897440001 0.0 0.643479251664227 0.6357013838648353
0 0.892578 0.556641 0.056641 0.078125 0.3151219248209297 0.0 0.0 0.0 0.0 0.0 0.0 0.0 0.0 0.0 0.0 0.0 0.0
0 0.395020 0.743652 0.067383 0.059570 0.0 0.15622198545307103 0.0 0.12997405864785297 0.04854857462660991 0.38527313306663885 0.0 0.34413916730511346 0.35045960460320763 0.2878765123762463 0.0 0.3100899015038547 0.29576358731136765
0 0.570801 0.038574 0.071289 0.075195 0.0 0.15258040632448389 0.0 0.12099338245554653 0.06328614298212888 0.24297940055533676 0.0 0.23784897189428122 0.22999342130155742 0.62235080014078 0.0 0.620993585897628 0.6209591035602797
0 0.857910 0.530273 0.055664 0.076172 0.3925144584191811 0.0 0.0 0.0 0.0 0.0 0.0 0.0 0.0 0.0 0.0 0.0 0.0
0 0.966797 0.596680 0.058594 0.087891 0.21743495963680087 0.0 0.0 0.0 0.0 0.0 0.0 0.0 0.0 0.0 0.0 0.0 0.0
0 0.927246 0.578613 0.057617 0.083008 0.3802538418302045 0.0 0.0 0.0 0.0 0.0 0.0 0.0 0.0 0.0 0.0 0.0 0.0
0 0.639160 0.034668 0.075195 0.067383 0.0 0.122672182354643 0.05780957033490234 0.14625932573506623 0.0 0.24163683006484973 0.272422447287332 0.22481605865288337 0.0 0.6362531189594054 0.5653049944198029 0.6228972355103015 0.0
0 0.762207 0.121094 0.075195 0.085938 0.0 0.1478867958022926 0.0 0.125770706096174 0.08640927924263488 0.2938792836822474 0.0 0.3018252376852285 0.3141184423275803 0.6155581770112022 0.0 0.6460918749127479 0.6127038333654392
0 0.970215 0.184082 0.059570 0.116211 0.009021237524919868 0.0394995535582567 0.05824224182557721 0.0 0.3198054745126127 0.3154287817718441 0.3342205218493715 0.0 0.3283978738897331 0.66985977462361 0.7139088889548348 0.0 0.6625456439910111
0 0.721680 0.652832 0.082031 0.075195 0.0 0.07533681109639848 0.05522869316468317 0.07519453736703148 0.0 0.24963600654826526 0.2853474930449024 0.2646700390412815 0.0 0.6344822785805935 0.6440197087234656 0.6228267327798689 0.0
0 0.566406 0.929199 0.060547 0.057617 0.0 0.19530493167027743 0.0 0.24956475754556495 0.14129840447658015 0.27159749706444497 0.0 0.2683770377174981 0.273658183198704 0.31666765700261945 0.0 0.28637017233621564 0.3082748242690337
0 0.198242 0.245117 0.078125 0.076172 0.0 0.11050171135104991 0.06889354103573316 0.0900471820736406 0.0 0.2486486674290533 0.2458140407547137 0.2572153749850612 0.0 0.2345089810783332 0.22419699926038056 0.23115530254078653 0.0
0 0.249023 0.400879 0.070312 0.125977 0.0 0.05344600341219751 0.10019317808910437 0.08053856270890947 0.0 0.2790696609825453 0.20501576886637046 0.2983280637453184 0.0 0.6215147090953795 0.613820852622779 0.6148497548482106 0.0
0 0.491699 0.904785 0.071289 0.065430 0.0 0.13475307540845238 0.06092724250544773 0.0907120455918431 0.03246438645817741 0.3936366635574474 0.3512942029834661 0.3774967937284361 0.39851001785000745 0.29601437920835344 0.3007333480511275 0.3005983670692419 0.31363363890984414
0 0.818848 0.504883 0.075195 0.074219 0.2447254133582957 0.0 0.0 0.0 0.0 0.0 0.0 0.0 0.0 0.0 0.0 0.0 0.0
0 0.752930 0.971191 0.128906 0.055664 0.0 0.15766647731282213 0.03779826055451011 0.10704589333761322 0.013968062087513949 0.2856578329447801 0.26865379708210696 0.28863698350939193 0.28761800753798944 0.6254933701779029 0.610895511060384 0.6267627431255746 0.6158193103188542
0 0.487793 0.345215 0.088867 0.075195 0.0 0.15964569962809474 0.011049934564663494 0.12372835753725868 0.0 0.3331813230624529 0.3611014074818362 0.2012872699649902 0.0 0.2986425601099836 0.3051278917631142 0.42649157905001783 0.0
0 0.275391 0.014648 0.076172 0.027344 0.0 0.10488969204024551 0.0 0.28553265561905944 0.0 0.3102515369255677 0.0 0.30407091428034133 0.0 0.06238403998951914 0.0 0.07037761469991966 0.0
0 0.958496 0.440918 0.083008 0.086914 0.0 0.1117895932823088 0.0 0.12367878209721209 0.019043403575299402 0.2923459280974733 0.0 0.2979584357366346 0.5193876644614184 0.19311666867022198 0.0 0.18523609253277237 0.16064787445828585
0 0.690430 0.511719 0.070312 0.060547 0.0 0.08888266715770056 0.035728159710033944 0.11552554964943877 0.0 0.2806275551854276 0.30866468501392663 0.2584082775883006 0.0 0.6225514559203967 0.6391827774534872 0.6195213765675274 0.0
0 0.400391 0.403320 0.072266 0.060547 0.0 0.0 0.23994837667659405 0.0 0.03980478749059695 0.0 0.1498496282504496 0.0 0.2575008403552982 0.0 0.2959880172070181 0.0 0.3816831171746445
0 0.630859 0.948242 0.070312 0.076172 0.0 0.13730795724140388 0.11436030068377576 0.030024314887612088 0.0 0.2767884444956228 0.24053297705214657 0.2910179860483474 0.0 0.3487712915944673 0.2636968370042104 0.29442099220190066 0.0
0 0.623535 0.496094 0.090820 0.105469 0.0 0.1741122966958524 0.0 0.2093471502297204 0.0 0.41130177902258 0.0 0.3252209545001757 0.0 0.6297371184912133 0.0 0.6262971093653781 0.0
0 0.986328 0.616211 0.027344 0.107422 0.402895238190367 0.0 0.0 0.0 0.0 0.0 0.0 0.0 0.0 0.0 0.0 0.0 0.0
0 0.744629 0.026855 0.069336 0.051758 0.0 0.13438384451426705 0.0 0.15047599200244144 0.043313410560052244 0.3514398108920887 0.0 0.3367807515467969 0.3592755413171512 0.6227219829766747 0.0 0.6417580762878707 0.6355312362635112
0 0.751465 0.810059 0.084961 0.081055 0.0 0.09572692599907519 0.05452306827366506 0.10146136786860306 0.0 0.3022047687308718 0.2588833706582658 0.2723860603439975 0.0 0.6451958097487124 0.6300484429397184 0.6280689788588442 0.0
0 0.402832 0.678711 0.084961 0.058594 0.0 0.05890759147700343 0.0 0.17774945985700213 0.0 0.27361921028217334 0.0 0.24579408599864916 0.0 0.3290153488751593 0.0 0.30844597963617654 0.0
0 0.686523 0.814941 0.064453 0.079102 0.0 0.06444795262551521 0.0 0.08329577578036082 0.03525650187192138 0.34593303565408345 0.0 0.35851558212703566 0.33870138533473976 0.6285289339180289 0.0 0.6278482119666712 0.6246809495300103
0 0.730957 0.809082 0.125977 0.084961 0.0 0.036165886973110115 0.0 0.034348700645135975 0.0 0.28422132295919617 0.0 0.29074112241552985 0.0 0.6179447968891862 0.0 0.6249328595559374 0.0
0 0.134277 0.814941 0.104492 0.098633 0.05242974720661782 0.0 0.14708442304302183 0.0 0.21510800492750348 0.0 0.2537958375241157 0.0 0.37584765062631276 0.0 0.6153788377452065 0.0 0.6187062805273924
0 0.026855 0.072754 0.051758 0.065430 0.0 0.0 0.15655336410029683 0.0 0.1238871010964929 0.0 0.2378169484042141 0.0 0.2573306938092132 0.0 0.025024547003811095 0.0 0.07808044965766972
0 0.098145 0.025391 0.081055 0.048828 0.13362514103273088 0.040616750676304575 0.0 0.08087876547808381 0.0 0.32549915783240213 0.0 0.3337700754258455 0.0 0.8354417739425058 0.0 0.9458761327463908 0.0
0 0.823730 0.013184 0.088867 0.024414 0.0 0.03088696594381249 0.0 0.5074777064167494 0.0 0.23858572913992013 0.0 0.23019837793875564 0.0 0.625971028073859 0.0 0.6143526688586153 0.0
0 0.831543 0.103516 0.075195 0.085938 0.0 0.04844904435056381 0.0716843110453239 0.06005827031299981 0.0 0.2803661537854118 0.27566457780596954 0.28120631269050717 0.0 0.6252195554831761 0.6208393820302446 0.6078367442814138 0.0
0 0.488770 0.180176 0.073242 0.086914 0.04820541720822451 0.08754181604813618 0.0544495292095853 0.11421136131074587 0.0 0.3163575521756838 0.28297036727360003 0.30126431298760653 0.0 0.6225753615824918 0.6135175353053873 0.6440368227734723 0.0
0 0.402832 0.975586 0.057617 0.048828 0.3204565589784419 0.0 0.0 0.0 0.0 0.0 0.0 0.0 0.0 0.0 0.0 0.0 0.0
0 0.287109 0.582031 0.072266 0.072266 0.0 0.07299326156716367 0.03905615458592406 0.11244915263352553 0.0 0.38210168117667037 0.3830801733919416 0.38100677265341015 0.0 0.6367408703571351 0.618409402166315 0.6260955854256458 0.0
0 0.216797 0.593750 0.072266 0.072266 0.0 0.12749300414447617 0.0 0.08231398567760022 0.0 0.2969710443225774 0.0 0.3382179324801581 0.0 0.7080046356453432 0.0 0.5529645223093471 0.0
