0 0.501953 0.399902 0.183594 0.112305 0.10125884682438566 0.07256116226517323 0.028193164477341954 0.08295125312351885 0.0 0.33036455283321275 0.3308044698751192 0.34991773475829707 0.0 0.8846777594773879 0.8971805090416328 0.8947032095476295 0.0
0 0.507812 0.749512 0.164062 0.108398 0.07326232829582818 0.1426695910002247 0.0 0.13137939696328982 0.0 0.3592671698407835 0.0 0.36501917755292557 0.0 0.9007273023231741 0.0 0.9040889139956025 0.0
0 0.624349 0.687988 0.147135 0.100586 0.0438698178950897 0.196493810575203 0.0 0.155548843122131 0.0 0.3209486719762478 0.0 0.31706514336421254 0.0 0.8966609112553116 0.0 0.894651755455882 0.0
0 0.273438 0.522949 0.187500 0.112305 0.0388629917918938 0.10420503177068617 0.0 0.09169146878863578 0.0734086328387431 0.34797063896732144 0.0 0.3600950335432394 0.21974595398378244 0.9105413748074428 0.0 0.9018104387794766 0.9052689294218237
0 0.395833 0.466797 0.158854 0.097656 0.11413644139918755 0.1591708023464733 0.0 0.15967434602765734 0.0 0.33667584647200677 0.0 0.35779263649284526 0.0 0.8996420511475702 0.0 0.8951282370414813 0.0
0 0.399740 0.812988 0.164062 0.106445 0.04541029123806067 0.19967319717831672 0.0 0.11441847238435447 0.04067326240957022 0.2299448200561373 0.0 0.35529412354193574 0.3511030647762621 0.9051352654509777 0.0 0.8918708439353111 0.9091555963853735
0 0.734375 0.635254 0.151042 0.092773 0.09315464164701656 0.13997999174576883 0.05759376181470298 0.12404973145839064 0.0 0.31761437911019286 0.35116983968425525 0.31366276483931715 0.0 0.8979893071578883 0.9056587849128742 0.8960261792443652 0.0
0 0.861328 0.231445 0.154948 0.101562 0.0 0.13372755450168072 0.0 0.1413895985214677 0.05386149468512389 0.29434775757337994 0.0 0.3156682076987339 0.3144795709661544 0.9173852230169459 0.0 0.874251536170365 0.901736796690887
0 0.174479 0.226562 0.161458 0.109375 0.019035028059642065 0.24137039956321885 0.0 0.15924077338603707 0.0 0.31116109995720576 0.0 0.39541259841892834 0.0 0.8966591858667192 0.0 0.898294447122231 0.0
0 0.290365 0.177246 0.158854 0.100586 0.05915607423470416 0.12617906164656328 0.051500993454630564 0.10865075005844588 0.0 0.32453506626369066 0.43094221927461934 0.39716383933840904 0.0 0.8884481355056337 0.8962833636941515 0.8957723238802133 0.0
0 0.498047 0.978516 0.110677 0.042969 0.0 0.16716673170844631 0.10327811091703207 0.11143539927703423 0.03962753323688466 0.3474470224334043 0.34284278847272254 0.3529158520234247 0.3641684057956081 0.7836179412880063 0.787471145707986 0.7956984412179376 0.7989931448640349
0 0.688151 0.046875 0.207031 0.091797 0.24625865967511554 0.0 0.0 0.048312959249079475 0.014970203612739562 0.0 0.0 0.4145358288727713 0.43174067268322586 0.0 0.0 0.9061561466388974 0.8748683503158724
0 0.589844 0.953613 0.078125 0.083008 0.0 0.0 0.22367687543482578 0.0 0.05450250453920051 0.0 0.30829102630082283 0.0 0.332133694111188 0.0 0.7926670603370918 0.0 0.7805784995157359
0 0.950521 0.162109 0.098958 0.097656 0.0 0.2075648375738527 0.0 0.1614727872588053 0.0 0.31536404992936024 0.0 0.31626194531174084 0.0 0.9099095050793761 0.0 0.9057972201980136 0.0
0 0.081380 0.291992 0.160156 0.109375 0.11448006606806163 0.08110261662335702 0.0 0.12272911798814856 0.046951259113726815 0.38991676414079485 0.0 0.38864278175476275 0.3860153904345339 0.9044296712905704 0.0 0.8971389308966466 0.8972495141881703
0 0.046224 0.662598 0.089844 0.124023 0.0 0.03363424985205924 0.10530287336783631 0.15332992671149803 0.0 0.3893298596464789 0.4180421805101354 0.3838593002735242 0.0 0.8656768964504103 0.8878954360474314 0.9043760833306301 0.0
0 0.029297 0.913574 0.055990 0.124023 0.036913125502658406 0.0 0.075513069838336 0.03699358492116881 0.0 0.0 0.3955549189789437 0.36346868069458493 0.0 0.0 0.890687162034188 0.8929335075336793 0.0
