0 0.076660 0.611328 0.129883 0.162760 0.0 0.0488017016050882 0.06776211513592229 0.05210685867010264 0.04800530057098398 0.28838816756988755 0.29302397751867937 0.30177910571747346 0.29549579760902756 0.2593119782483359 0.25159472837782776 0.2599071356339367 0.2602341575048137
0 0.279297 0.237630 0.121094 0.167969 0.06357451598981013 0.02575610934896269 0.06356800308047274 0.025607857522154047 0.07778187883528802 0.3593693183455995 0.3724064789541152 0.37723027486127014 0.3642254591686294 0.7879018359354384 0.7970025798310004 0.8007572587722027 0.789873779848197
0 0.796387 0.455729 0.075195 0.179688 0.0 0.031125421214599137 0.11694868100551893 0.056656465557303484 0.13131531553314157 0.3010036118625075 0.30181343517133513 0.24686512990503237 0.29746246585240294 0.6407701507305072 0.6573153454754386 0.6503745553043271 0.6340968965378083
0 0.836426 0.692708 0.088867 0.179688 0.0 0.05418854147653191 0.11584828862417779 0.04895426321405301 0.12294546374831115 0.3121650281908196 0.3418924872687298 0.32772277621679585 0.3401682099249963 0.6267870080067032 0.6087055231551137 0.6193173591365024 0.6211626431975459
0 0.353516 0.378255 0.093750 0.110677 0.0 0.05322130820767056 0.058104823117666266 0.12252292876239532 0.0 0.28915641822730564 0.27005542443879527 0.2729625193984081 0.0 0.9840191825217564 0.7647059097549737 0.4864473614162004 0.0
0 0.756348 0.248047 0.092773 0.157552 0.0 0.03034440402027167 0.09409246969903233 0.039059414367794365 0.09318645684811415 0.3045582641170213 0.3017510908745331 0.29829739664010746 0.30277692911832427 0.6520922517536741 0.6627506392622055 0.6667562327916673 0.6666661223580788
0 0.566406 0.331380 0.072266 0.100260 0.0 0.12758552290495342 0.12975979834394588 0.11300628847316344 0.11885705705302721 0.24966380724161863 0.2513630146317323 0.25170756109690395 0.25964642322263054 0.6841591551059856 0.6698998172392056 0.6644331336729642 0.6538628568678992
0 0.123047 0.302734 0.101562 0.141927 0.0 0.04249856571698923 0.07813478696575758 0.06088953488969707 0.12410826971186471 0.2881330777411679 0.28852243684956697 0.2196879287219905 0.18052476295913752 0.6714108346931291 0.6791425240878053 0.6599813681539318 0.6301557256047295
0 0.575684 0.462891 0.139648 0.097656 0.10574269946658693 0.04504704037920543 0.046435258360602034 0.04820778421843903 0.05073036561413874 0.24989920118003894 0.2527279313918403 0.2545562399003117 0.2520307031663817 0.6390275418002647 0.6244369112996174 0.6591740397940359 0.6675619396132213
0 0.100098 0.463542 0.135742 0.114583 0.0 0.022570427190409654 0.038925086518690886 0.030318267320424044 0.10305913800723068 0.28256884650296643 0.28081639130958697 0.2710267430994097 0.16502912809317621 0.4034777676426752 0.38873617098862306 0.40186495254258336 0.5633795952217127
0 0.961914 0.314453 0.076172 0.123698 0.0 0.05589337365116631 0.09933423546091835 0.04866683591730114 0.1116191300041037 0.27493168345761326 0.2999206761377398 0.2991228783478739 0.3027561272212822 0.8853819922058972 0.9148424675433964 0.9254013809357654 0.918604176519206
0 0.453613 0.777344 0.159180 0.135417 0.0 0.1046992104071884 0.053450469220405784 0.05833150732326773 0.013528619654782753 0.29503402293432535 0.3068066933573024 0.30876907895913425 0.32116148480407514 0.7451132051880041 0.7234308936222451 0.7371827001911183 0.7097397237758839
0 0.455566 0.478516 0.098633 0.108073 0.0 0.07374604426526826 0.0994122307146435 0.08942608193207158 0.04220194953603352 0.2960523959494763 0.28170915102631156 0.2884931866703504 0.31977723771967836 0.1915223209501456 0.2058196941661585 0.20349809519302636 0.19919154263655736
0 0.304199 0.854818 0.102539 0.110677 0.0 0.07188821545737574 0.04079834972406293 0.07859758849127985 0.04909965675915915 0.31853201061465813 0.332670161519484 0.3229713127352928 0.344857619521211 0.7795102655211607 0.7418546269166898 0.7490524990822337 0.7321992071506647
0 0.924805 0.252604 0.066406 0.078125 0.1874907482063915 0.0 0.0 0.0 0.0 0.0 0.0 0.0 0.0 0.0 0.0 0.0 0.0
0 0.979980 0.582682 0.040039 0.105469 0.0 0.1326711584223315 0.07728016167293043 0.10572358710396032 0.08031338837400753 0.27395113301477864 0.28957360473059557 0.2908973452426019 0.29686235613940176 0.7695381893329422 0.7658284960396959 0.763929941241365 0.7448197271350511
0 0.037598 0.793620 0.073242 0.102865 0.0 0.06079747860710025 0.07645521175244448 0.05918130297287637 0.05599365044215219 0.26242058524629647 0.2836364231475452 0.28920174219746386 0.2852347822978203 0.17455972771421432 0.17314531949155088 0.11430214949048528 0.18163325122819615
0 0.611816 0.705729 0.131836 0.098958 0.04667497355542387 0.03418897302210644 0.09137110142690408 0.0 0.06910192910437428 0.33270414455380715 0.3054568034819345 0.0 0.2969690194138712 0.6437575236914892 0.6207297881820976 0.0 0.6325655681258916
0 0.645996 0.784505 0.081055 0.071615 0.0 0.0 0.09188457185450234 0.0948519160324295 0.10819394875282234 0.0 0.3057236069744614 0.2982259687786627 0.3012428317712972 0.0 0.6286120351845169 0.62653302109649 0.617832546522211
0 0.022461 0.132812 0.042969 0.093750 0.0 0.0 0.23055731899923032 0.0 0.0 0.0 0.20131639596894482 0.0 0.0 0.0 0.46953801120181377 0.0 0.0
0 0.528809 0.159505 0.110352 0.209635 0.0 0.04062176419817557 0.12672881572516304 0.04797308486511594 0.11667807157993734 0.33889058461644933 0.33441178717404996 0.2972200106343533 0.3229854491170679 0.6885542300549071 0.6894596007201003 0.6898207191449299 0.7095413447259905
0 0.854004 0.861979 0.071289 0.143229 0.0 0.04855849192139543 0.1564175078842944 0.04638816455586651 0.1578255465374104 0.3032089952859711 0.2896762814798587 0.3000645242730661 0.30404385496457176 0.6594633919059519 0.5549078290763025 0.6036661548832133 0.6163037984039805
0 0.503906 0.972656 0.128906 0.054688 0.0 0.16763140304587015 0.05014757583285571 0.0 0.0 0.3342423252011793 0.3911560431689 0.0 0.0 0.7185667642868603 0.7042112345892692 0.0 0.0
0 0.199219 0.921224 0.117188 0.108073 0.0 0.11567857029101165 0.04172241011931674 0.17622090125932577 0.04880399290696741 0.31406716482645786 0.31064989728415543 0.31211023263114357 0.2925247898164487 0.8105751801222312 0.8033344308100699 0.796326666839597 0.7816824098675915
0 0.250488 0.120443 0.100586 0.082031 0.0 0.0 0.08276856087755048 0.09296401852441531 0.11369154787722012 0.0 0.274600781030608 0.34621797579938 0.2725100330835098 0.0 0.6076853031777303 0.6124916699827591 0.6275552449147335
0 0.017578 0.317057 0.033203 0.102865 0.0 0.03297920197548361 0.06976123279322186 0.0 0.0 0.27592541211484983 0.2945949533238491 0.0 0.0 0.29732691389385746 0.28676950061172873 0.0 0.0
0 0.916016 0.633464 0.054688 0.108073 0.0 0.0 0.0 0.0 0.2292062480907921 0.0 0.0 0.0 0.0916770447518273 0.0 0.0 0.0 0.6936725385543275
0 0.663574 0.914062 0.096680 0.169271 0.0 0.025808231603435865 0.1232872535364045 0.056180874967297574 0.1257472915124459 0.3056196884318737 0.317807208563136 0.31410394118821483 0.3228778653895697 0.5927689472814915 0.5898156784660767 0.6158065884599384 0.6071164404710315
0 0.239746 0.041667 0.100586 0.080729 0.0 0.08338035143192621 0.1801214740734569 0.020180603552878294 0.15149674468075489 0.2485322301205371 0.24319628375231833 0.27524491664436385 0.2755129427783733 0.5151827035515749 0.6122994680904711 0.686155260181347 0.598738525024468
0 0.716309 0.063802 0.067383 0.125000 0.0 0.0 0.22184531028412285 0.06763734612576337 0.25064156388696696 0.0 0.3061734081910783 0.29301338471875915 0.29675886558274245 0.0 0.6937356027044913 0.69503807297893 0.6871363510825884
0 0.887207 0.190755 0.077148 0.095052 0.0 0.0 0.09230861391675235 0.11967070894785953 0.11046914733971945 0.0 0.2864403083936034 0.2821023716757303 0.27678078699910164 0.0 0.9258881356326548 0.9149563141475237 0.8939534166767038
0 0.852051 0.105469 0.083008 0.130208 0.0 0.05283812916895437 0.147100060064054 0.0 0.10986384948178875 0.2656476305540559 0.27354735170435096 0.0 0.26379508471780655 0.9177722670699132 0.925674009202175 0.0 0.8969758512754251
0 0.951660 0.024740 0.077148 0.046875 0.0 0.0 0.16460272617176816 0.0 0.23880264966517145 0.0 0.26611716536492935 0.0 0.26283341938608434 0.0 0.9081168561586757 0.0 0.9112126975813997
