0 0.238932 0.721680 0.136719 0.066406 0.0 0.0 0.261034997471532 0.0 0.2027742726618707 0.0 0.2607395523415161 0.0 0.24802410538969424 0.0 0.6914660636525299 0.0 0.699020424892466
0 0.471354 0.787109 0.125000 0.105469 0.0 0.0 0.17020915532040934 0.0 0.15897511405057815 0.0 0.35578178322811477 0.0 0.35928199716744885 0.0 0.6864596867728922 0.0 0.6868062252727046
0 0.684896 0.692383 0.093750 0.066406 0.0 0.23370599623625415 0.0 0.18539934974445632 0.0 0.28633725887070816 0.0 0.2573413064767255 0.0 0.05500458977375118 0.0 0.07263025467234804 0.0
0 0.428385 0.688965 0.119792 0.098633 0.0 0.0 0.13601158987450213 0.0 0.18820155877385805 0.0 0.3346927738224206 0.0 0.35246903131179885 0.0 0.7047236687295363 0.0 0.6932112731123794
0 0.328125 0.950684 0.109375 0.090820 0.0 0.052264788336022876 0.08678345862052383 0.16005299266253378 0.04901687087941366 0.2940257827787802 0.3172701767983003 0.3035756025598315 0.30518822183097954 0.6768878116065806 0.6841472693111413 0.7176136695696009 0.6842327617754254
0 0.538411 0.894531 0.173177 0.117188 0.0 0.05896310116053875 0.05589001029766653 0.11146194490637186 0.1268795635862763 0.3107868137169888 0.3241063619211638 0.336626035345031 0.3209470321425339 0.68142313310646 0.656752376619474 0.6979626081995478 0.7014703378567588
0 0.304036 0.860352 0.110677 0.080078 0.0 0.018099037057933785 0.11940711542427383 0.024243444515687496 0.09608402385882307 0.2526723772461487 0.25551213331765127 0.2426282005251116 0.24741293837394895 0.7084892755124511 0.6892710874990079 0.6773883329266817 0.6805556974346327
0 0.251953 0.791992 0.136719 0.080078 0.0 0.0 0.20187579345236395 0.0 0.16883239617310633 0.0 0.25215190325016545 0.0 0.2415983270896412 0.0 0.7095093364374573 0.0 0.6766266631156991
0 0.602214 0.658691 0.105469 0.069336 0.06887711471317295 0.26706915956948024 0.0 0.12921859365469382 0.0 0.34777883682205046 0.0 0.3365620290589378 0.0 0.09798040564993914 0.0 0.08866280498118088 0.0
0 0.197917 0.661621 0.138021 0.073242 0.0 0.0 0.23451004257178407 0.0 0.1489356524003638 0.0 0.24967254399617053 0.0 0.23951187532860468 0.0 0.6556292848196994 0.0 0.6806214130882672
0 0.378255 0.536133 0.141927 0.103516 0.0 0.12211981885847664 0.06972219715619579 0.039313112180818725 0.09405157196301117 0.36212762885737526 0.38805000590252614 0.3824960665389921 0.3705679397248491 0.33344105326647655 0.5674439554428193 0.13062933724644665 0.6686186457688131
0 0.684896 0.876953 0.125000 0.089844 0.0 0.1363223077021607 0.024899952843789267 0.14461543428829027 0.022293953159442638 0.36264174036540486 0.36498909800054896 0.4057870873576539 0.37637269580810556 0.6815451012874707 0.7038048762791488 0.6844062005168882 0.6559554750476094
0 0.505208 0.597656 0.138021 0.101562 0.0 0.1666110312100667 0.01681151353712152 0.07292276175988005 0.020089497633443636 0.34344144911373803 0.43754416921519995 0.40396405883583825 0.4374506199111866 0.1280973658852026 0.1261773339364816 0.12221940121240082 0.12449507605348219
0 0.385417 0.615723 0.083333 0.055664 0.0 0.0 0.120904516746498 0.0 0.1792526159919978 0.0 0.3627828057755554 0.0 0.35682962635751164 0.0 0.6977372896990668 0.0 0.6845848959726349
0 0.158203 0.963379 0.084635 0.073242 0.0 0.20047362425188048 0.0 0.16906705600667582 0.0 0.28911914942596173 0.0 0.27825449079215697 0.0 0.6748707808536852 0.0 0.6734678043430942 0.0
0 0.182943 0.591309 0.144531 0.077148 0.0 0.0 0.15871348999349424 0.0 0.16894849109591323 0.0 0.33970991966788977 0.0 0.27754987912122875 0.0 0.6853967196105613 0.0 0.690758172726474
0 0.749349 0.730469 0.105469 0.070312 0.0 0.11477178989651901 0.0 0.07360066112278939 0.0 0.3688759137530552 0.0 0.34534804142997755 0.0 0.005460863991678938 0.0 0.036878008916870104 0.0
0 0.243490 0.969727 0.075521 0.060547 0.0 0.10033172556815245 0.0 0.14655666338087753 0.0 0.29710061188695824 0.0 0.2897749539757497 0.0 0.6630682139679032 0.0 0.6791324596767399 0.0
0 0.923828 0.508789 0.152344 0.140625 0.03030889968311298 0.0 0.0 0.0 0.21738517968161794 0.0 0.0 0.0 0.0667126893065753 0.0 0.0 0.0 0.03153938887122144
0 0.939453 0.971191 0.121094 0.057617 0.0 0.25587716434722485 0.0 0.0745664107514563 0.0 0.2081844791824526 0.0 0.19294533888778664 0.0 0.6745319275798618 0.0 0.6798184383423814 0.0
0 0.811849 0.869629 0.136719 0.059570 0.0 0.11297302124859158 0.05017608864512923 0.17185918296565486 0.0 0.37533149662616955 0.3561205732409585 0.36439944395666807 0.0 0.6743595032488143 0.6779260104783829 0.6859642425575588 0.0
0 0.059245 0.962402 0.115885 0.075195 0.0 0.2858567011177484 0.0 0.03648782936654723 0.0 0.2577476535564516 0.0 0.27010194598990994 0.0 0.6542362481341412 0.0 0.6792771079051622 0.0
0 0.837240 0.791504 0.127604 0.088867 0.0 0.0 0.1268808886401293 0.034468755623379595 0.11643893212754966 0.0 0.36972343465744534 0.35019163091582667 0.36891964038679215 0.0 0.9712987242204755 0.9696259451197086 0.9889279559956388
0 0.143880 0.529297 0.141927 0.082031 0.0 0.0 0.1954339392394137 0.0 0.16901379994743193 0.0 0.2727394777259486 0.0 0.257150311684094 0.0 0.6862530545777517 0.0 0.6915478943765089
0 0.827474 0.983887 0.092448 0.032227 0.0 0.2891477990057612 0.0 0.08655798472474369 0.0 0.31041542448770537 0.0 0.3026983556682256 0.0 0.6693253502665518 0.0 0.7043323667285109 0.0
0 0.102214 0.439453 0.152344 0.126953 0.0 0.09012357014211987 0.12600463289782324 0.05595666084525655 0.10098463638686535 0.2700499617925727 0.3019708315366679 0.23842978983399427 0.2293929988426529 0.05393835929881677 0.7093556002628889 0.15247857272440002 0.694293326858891
0 0.033854 0.378906 0.065104 0.105469 0.0 0.38203911364721826 0.0 0.17322647311716347 0.0 0.26244624199694055 0.0 0.33003910974157524 0.0 0.10997803779683707 0.0 0.2976489396036486 0.0
0 0.113281 0.072754 0.075521 0.088867 0.17973839688390864 0.027698717468094606 0.0 0.0 0.0 0.1709462811391107 0.0 0.0 0.0 0.10832852169746232 0.0 0.0 0.0
0 0.036458 0.039551 0.070312 0.077148 0.28243075538511303 0.0 0.0 0.0 0.0 0.0 0.0 0.0 0.0 0.0 0.0 0.0 0.0
