0 0.587240 0.085449 0.127604 0.081055 0.0 0.12050939658318569 0.05343130087169228 0.11877718473097704 0.0 0.3668569924774472 0.3471540643044175 0.3587678301137869 0.0 0.3517772578481899 0.36213045922368176 0.34215839856697194 0.0
0 0.470052 0.414062 0.132812 0.087891 0.0 0.0 0.1579815235030161 0.0 0.19909763703236233 0.0 0.29446223815390477 0.0 0.29621909220995074 0.0 0.3449084882273269 0.0 0.34606292174312014
0 0.516276 0.282227 0.134115 0.064453 0.0 0.0 0.14712746989426234 0.0 0.22127455708702032 0.0 0.28729616330033275 0.0 0.2703706078040193 0.0 0.3450936242993293 0.0 0.355360630587286
0 0.468099 0.063965 0.118490 0.086914 0.0 0.19063974105720558 0.0 0.16400811656696124 0.0 0.29097878073586286 0.0 0.2891121431653905 0.0 0.3412489006975692 0.0 0.352999806054552 0.0
0 0.588542 0.697754 0.140625 0.079102 0.0 0.0 0.23769561242704976 0.0 0.36344969958714 0.0 0.24225373454808746 0.0 0.25169081238048097 0.0 0.34931103843884004 0.0 0.3608232641034808
0 0.441406 0.491211 0.127604 0.076172 0.0 0.0 0.23366389211855942 0.0 0.24387138399087327 0.0 0.2969555196956095 0.0 0.2985835375469848 0.0 0.34937259551873456 0.0 0.34692610587222816
0 0.490234 0.341797 0.144531 0.074219 0.0779760269319958 0.0883707068040768 0.0 0.053408341465325235 0.008235353613333924 0.15704932486410647 0.0 0.25925328404299486 0.2670298664571923 0.3376230074189311 0.0 0.3593201622467288 0.36059619825907324
0 0.419271 0.580566 0.132812 0.104492 0.0 0.0 0.17068996885882942 0.0 0.1972221103284286 0.0 0.2201172411046612 0.0 0.270247548342438 0.0 0.33234723062185684 0.0 0.3480272841484157
0 0.135417 0.364258 0.127604 0.087891 0.0 0.0 0.18075710275847068 0.0 0.17139246279990492 0.0 0.21365173463433468 0.0 0.20224086542604336 0.0 0.3341935341031305 0.0 0.34992607673767934
0 0.548177 0.167969 0.148438 0.089844 0.0 0.0 0.14624431510878055 0.0 0.18663484061013916 0.0 0.31898502263180495 0.0 0.31156590677883433 0.0 0.3417559290385428 0.0 0.3534921943943336
0 0.527344 0.230469 0.132812 0.048828 0.0 0.0 0.1111492496746031 0.0 0.1510159026422572 0.0 0.3050204327544788 0.0 0.28935890177199625 0.0 0.32999319543654526 0.0 0.3670048888663053
0 0.219401 0.104492 0.100260 0.089844 0.0 0.0 0.19898814749297164 0.0 0.1670140557207994 0.0 0.2846930688637993 0.0 0.41302612014300744 0.0 0.34075890166082434 0.0 0.342682281667927
0 0.166667 0.295898 0.117188 0.078125 0.0 0.0 0.218215802239458 0.0 0.22351410933529628 0.0 0.2529993522643736 0.0 0.2554404420946443 0.0 0.3383168054685812 0.0 0.34528989611105615
0 0.195964 0.177246 0.108073 0.053711 0.0 0.0 0.15342411333147996 0.0 0.19684844687936343 0.0 0.2684569545144109 0.0 0.2637985798609054 0.0 0.34862379808547656 0.0 0.3341522860864703
0 0.248698 0.033691 0.132812 0.065430 0.0 0.18090944332577802 0.0 0.1131627638701769 0.10551934653989262 0.3298887553104434 0.0 0.3456805654961017 0.31762262688640613 0.3391710812610605 0.0 0.35096266418910005 0.34604379721344414
0 0.660807 0.855469 0.079427 0.128906 0.035441433700039875 0.0 0.4536389173614682 0.0 0.0 0.0 0.2421017771360659 0.0 0.0 0.0 0.3461152403580602 0.0 0.0
0 0.908203 0.027832 0.113281 0.053711 0.0 0.17397857024035188 0.0 0.3179225292229868 0.0 0.30711421470529243 0.0 0.2955811237262793 0.0 0.34555950897375504 0.0 0.33508277265875636 0.0
0 0.713542 0.339844 0.166667 0.210938 0.13856373962724644 0.0 0.15202699025717034 0.0 0.14735420763306412 0.0 0.24718595342507532 0.0 0.24632267103087221 0.0 0.34709205227311046 0.0 0.34553168480767465
0 0.360026 0.050293 0.100260 0.084961 0.0 0.2986167264175614 0.0 0.2221181110713986 0.0 0.32737952295569095 0.0 0.34468978467673184 0.0 0.35354695986214024 0.0 0.3452987677653621 0.0
0 0.798177 0.020020 0.132812 0.038086 0.0 0.0 0.0 0.38808288208563396 0.0 0.0 0.0 0.3042987676070949 0.0 0.0 0.0 0.32206299544591466 0.0
0 0.375000 0.699219 0.143229 0.142578 0.0 0.0 0.22295090007086818 0.0 0.1528725154142188 0.0 0.16306203931132268 0.0 0.1746155143471732 0.0 0.3436017402298698 0.0 0.3518216819053303
0 0.653646 0.515137 0.143229 0.125977 0.0 0.0 0.16848286868316245 0.0 0.2910232379266507 0.0 0.24461699483752095 0.0 0.253819687708615 0.0 0.34329546316383747 0.0 0.3474863331661507
0 0.087240 0.547363 0.138021 0.061523 0.04613609409833628 0.0 0.06601080764686455 0.0 0.1573267578418433 0.0 0.2875358608790811 0.0 0.2654398843463601 0.0 0.3079246075825141 0.0 0.3380072448540255
0 0.113932 0.423340 0.118490 0.047852 0.0 0.0 0.10104559753011953 0.0 0.047227750714137186 0.0 0.18514391937013452 0.0 0.20770350868706366 0.0 0.3795806344293055 0.0 0.2843275739110428
0 0.119141 0.619629 0.212240 0.088867 0.0 0.2298977195933815 0.0 0.1781568791816946 0.0 0.3371041156515776 0.0 0.3443859132268752 0.0 0.3411086541466116 0.0 0.3466475037509101 0.0
0 0.099609 0.480957 0.134115 0.079102 0.0 0.0 0.11485489906374775 0.0 0.20390505051300617 0.0 0.28673489401437535 0.0 0.29225019456349544 0.0 0.34985827888696563 0.0 0.3911245635553437
0 0.182292 0.220703 0.119792 0.048828 0.0 0.0 0.25385636438564296 0.0 0.2652721268544953 0.0 0.2742534214836061 0.0 0.2712443279749781 0.0 0.339923303906864 0.0 0.3599535533491658
0 0.824870 0.764160 0.175781 0.061523 0.0 0.0 0.0 0.361560911559216 0.0 0.0 0.0 0.23789429682363689 0.0 0.0 0.0 0.3404546458240077 0.0
0 0.568359 0.750488 0.139323 0.049805 0.3420540673574767 0.0 0.0 0.0 0.0 0.0 0.0 0.0 0.0 0.0 0.0 0.0 0.0
0 0.538411 0.887207 0.173177 0.225586 0.42816610376411945 0.0 0.0 0.0 0.0 0.0 0.0 0.0 0.0 0.0 0.0 0.0 0.0
0 0.106771 0.690918 0.210938 0.088867 0.0 0.11327942961903936 0.0 0.21197463880730413 0.0 0.34541580389757076 0.0 0.3348017309035166 0.0 0.3430322630898595 0.0 0.34224066440097545 0.0
0 0.207682 0.827148 0.332031 0.119141 0.0 0.2323531612089074 0.0 0.19378755584923674 0.0 0.410542020863477 0.0 0.4245833424572366 0.0 0.34376764679049754 0.0 0.3457528994541778 0.0
0 0.169922 0.911133 0.332031 0.119141 0.0 0.1780662561548982 0.0 0.20853766474891536 0.0 0.4017180871614799 0.0 0.39504090795907604 0.0 0.34359666438827485 0.0 0.34408382889399874 0.0
0 0.622396 0.615723 0.140625 0.079102 0.0 0.0 0.22980942276626012 0.0 0.36084558985539233 0.0 0.24712621133516097 0.0 0.2540591472130433 0.0 0.3444572214234136 0.0 0.34861316259722125
0 0.813802 0.195801 0.200521 0.067383 0.0 0.30901696272943835 0.0 0.21485001472519122 0.0 0.24144872986252297 0.0 0.2793975708915465 0.0 0.3515346343506729 0.0 0.35572717648112884 0.0
0 0.831380 0.129883 0.204427 0.062500 0.0 0.4453395634392509 0.10177832765032124 0.0 0.0 0.16491334344813166 0.21658720119748892 0.0 0.0 0.339680765155125 0.3248332531370686 0.0 0.0
0 0.731120 0.870117 0.079427 0.128906 0.0 0.0 0.4197452985489478 0.0 0.0 0.0 0.24261106142507474 0.0 0.0 0.0 0.35619703594619584 0.0 0.0
0 0.797526 0.883789 0.079427 0.128906 0.0 0.0 0.34429661160381475 0.0 0.0 0.0 0.2414616431560141 0.0 0.0 0.0 0.34901118364790273 0.0 0.0
0 0.862630 0.894531 0.079427 0.128906 0.0 0.0 0.3679328763440158 0.0 0.0 0.0 0.2420647613239233 0.0 0.0 0.0 0.3457715869790705 0.0 0.0
0 0.929036 0.910156 0.079427 0.128906 0.0 0.0 0.39311677647898907 0.0 0.0 0.0 0.23948068346653212 0.0 0.0 0.0 0.3468585736399821 0.0 0.0
0 0.973307 0.918945 0.053385 0.138672 0.0 0.0 0.35031722566753615 0.0 0.0 0.0 0.24095045116899594 0.0 0.0 0.0 0.34252260828650316 0.0 0.0
0 0.840495 0.710449 0.175781 0.061523 0.0 0.0 0.0 0.352793397451722 0.0 0.0 0.0 0.2405784372621403 0.0 0.0 0.0 0.34556742187271666 0.0
0 0.861328 0.656738 0.175781 0.061523 0.0 0.0 0.0 0.3279718893490095 0.0 0.0 0.0 0.23808372001235406 0.0 0.0 0.0 0.3444144100498275 0.0
0 0.879557 0.607910 0.175781 0.061523 0.0 0.0 0.0 0.3302820776942544 0.0 0.0 0.0 0.23474625814142205 0.0 0.0 0.0 0.34635683995878835 0.0
0 0.904297 0.535645 0.175781 0.061523 0.0 0.16058391791696408 0.054928008987264486 0.10832224085053516 0.05365510093228393 0.3129441034286548 0.271654628788484 0.3137647212011455 0.29347111370614826 0.33394097774060943 0.3460768869485959 0.3328669127840499 0.3306163730441455
0 0.918620 0.469727 0.162760 0.064453 0.0 0.0 0.0 0.3793235366684534 0.0 0.0 0.0 0.19505684077054938 0.0 0.0 0.0 0.34013081896635844 0.0
0 0.929036 0.419434 0.141927 0.051758 0.0 0.0 0.0 0.43368184109300767 0.0 0.0 0.0 0.19530854378970916 0.0 0.0 0.0 0.33898038743715614 0.0
0 0.938802 0.370605 0.122396 0.057617 0.0 0.0 0.0 0.38292282649799086 0.0 0.0 0.0 0.19949626948422505 0.0 0.0 0.0 0.33871879119194453 0.0
0 0.948568 0.312500 0.102865 0.056641 0.0 0.0 0.0 0.42172323484317187 0.0 0.0 0.0 0.19838308063892762 0.0 0.0 0.0 0.34071176450076324 0.0
0 0.960938 0.255371 0.078125 0.053711 0.0 0.0 0.0 0.40473655564727773 0.0 0.0 0.0 0.1975536826681794 0.0 0.0 0.0 0.3415475519822009 0.0
0 0.960938 0.202637 0.078125 0.053711 0.0 0.0 0.0 0.3508798326869511 0.0 0.0 0.0 0.1980766644353519 0.0 0.0 0.0 0.340400535547583 0.0
0 0.972005 0.146973 0.055990 0.049805 0.0 0.0 0.0 0.371676652853141 0.0 0.0 0.0 0.20141585516640909 0.0 0.0 0.0 0.347880427489646 0.0
0 0.053385 0.030762 0.104167 0.059570 0.0 0.0 0.327662629276516 0.0 0.16891186719461607 0.0 0.2610083279455532 0.0 0.07525852771420927 0.0 0.33502898007510945 0.0 0.6654594556047098
0 0.041667 0.086914 0.080729 0.054688 0.0 0.0 0.33730091381893684 0.0 0.08953816503193376 0.0 0.2190506841593689 0.0 0.37871756605416096 0.0 0.301286953856105 0.0 0.36850935186748696
