0 0.316895 0.467773 0.096680 0.091797 0.0 0.0 0.1934591840486776 0.0 0.14566027657930478 0.0 0.24502480907510676 0.0 0.24646170876420048 0.0 0.6245958460070541 0.0 0.6211098230679647
0 0.301270 0.370605 0.110352 0.098633 0.0 0.0 0.1866983900040552 0.0 0.13725825924850177 0.0 0.32523236459779165 0.0 0.3435435961256179 0.0 0.6219469089194462 0.0 0.6139186963458122
0 0.333984 0.556641 0.109375 0.087891 0.0 0.0 0.156328455383891 0.0 0.1435874337614102 0.0 0.3341038368639973 0.0 0.333261412455416 0.0 0.6202005908170294 0.0 0.6183217398487655
0 0.665527 0.332031 0.084961 0.080078 0.0 0.10003813324187998 0.0 0.09337437376884034 0.042245941896375594 0.24834610209785898 0.0 0.2544920939227564 0.2582616849803882 0.3024626090217808 0.0 0.29889962313166873 0.3008923004681394
0 0.532715 0.154297 0.071289 0.078125 0.0 0.12411810979233484 0.0 0.16295026832735102 0.07808256224453636 0.27230831664516264 0.0 0.269522769413546 0.28380190086445284 0.3064777736708682 0.0 0.30127334154122043 0.32497373003653673
0 0.252930 0.144043 0.093750 0.065430 0.0 0.0 0.1742384833886314 0.0 0.13565415721260857 0.0 0.2591902835898238 0.0 0.263978902893679 0.0 0.6177850659579328 0.0 0.6270111065108558
0 0.284668 0.273438 0.104492 0.101562 0.0 0.0 0.21021925012004247 0.0 0.16912716939140554 0.0 0.3549355520787485 0.0 0.35650872601760364 0.0 0.6237402035451546 0.0 0.625040976390261
0 0.595215 0.304688 0.079102 0.087891 0.0 0.10869436598994252 0.06485844653146154 0.048694594676597786 0.0 0.3234179369561093 0.32883867384707893 0.3127786990478981 0.0 0.2605317741431095 0.3192343383741843 0.2779255541193843 0.0
0 0.354980 0.645020 0.110352 0.086914 0.0 0.0 0.18401786499199027 0.0 0.1605304951240331 0.0 0.2822926741791749 0.0 0.28194577547247285 0.0 0.6180111357330864 0.0 0.6218333677740412
0 0.404785 0.074219 0.069336 0.074219 0.0 0.13695582606442652 0.0 0.14954455868053287 0.06609784141131092 0.35632416648781046 0.0 0.3608239003216101 0.36079767991840284 0.08374492538179858 0.0 0.07375890548719705 0.07694041519420378
0 0.521484 0.283691 0.085938 0.083008 0.0 0.07824463630934526 0.0 0.06711714827873619 0.0568795161926429 0.33541328099773776 0.0 0.33241979117201864 0.3247089045245239 0.28959051040296563 0.0 0.2845623730448949 0.28708469360600475
0 0.619629 0.578613 0.069336 0.077148 0.0 0.12879416442202585 0.0 0.16054559835823579 0.054675723375400255 0.28879556340429663 0.0 0.2905540857816858 0.44862154435032114 0.30064555102958507 0.0 0.28190292505506453 0.30911569644685305
0 0.381348 0.230469 0.077148 0.082031 0.0 0.11690838183797021 0.0 0.20459394458952584 0.05364778905892364 0.269305542271785 0.0 0.2179492589979038 0.2538343486545754 0.22758795039235938 0.0 0.22252103273800117 0.21147981186331796
0 0.455566 0.108398 0.073242 0.058594 0.0 0.20793716743716065 0.12282596565336638 0.14622573204615397 0.0 0.35879382753172856 0.36853384217421054 0.3645218127223683 0.0 0.0745428012405173 0.0646390370619593 0.09097250001544492 0.0
0 0.852539 0.799316 0.082031 0.077148 0.0 0.13033861199458138 0.09114666870162105 0.12469700788951903 0.0 0.30915737229776696 0.2351488190973248 0.32033904665975116 0.0 0.2923766963473953 0.5219539094521853 0.3124508702269556 0.0
0 0.709961 0.758789 0.082031 0.072266 0.0 0.10855508361859463 0.05502292797099892 0.084008510789591 0.0 0.2864011311489595 0.2693389085619853 0.3143507068934737 0.0 0.30209992597685315 0.2976342445789726 0.31033381514821484 0.0
0 0.817383 0.645020 0.076172 0.083008 0.0 0.11975151103438696 0.07970077340228801 0.10110304040165825 0.0 0.35384293023114405 0.4036189851489957 0.35282739363716475 0.0 0.29112335663469807 0.2967435689384552 0.3129123633418759 0.0
0 0.560059 0.028809 0.073242 0.055664 0.0 0.16201555630825779 0.10199862953932437 0.2151339233893924 0.0 0.2998041222949795 0.39478019128026703 0.3140194858832962 0.0 0.05190998284279994 0.07430584173977321 0.07786005462883609 0.0
0 0.488770 0.736328 0.088867 0.080078 0.037806001587434857 0.135089816911803 0.0 0.17098350958999836 0.07409917048378376 0.28029081401725553 0.0 0.26381355678295704 0.2796575878746234 0.6160761479916966 0.0 0.5507171623994408 0.625968060733604
0 0.684082 0.594238 0.090820 0.102539 0.0 0.056555511171615044 0.06296940652040126 0.032596177515580624 0.0 0.28691605753723154 0.27505830361273037 0.29059205302618457 0.0 0.298287314382152 0.3028339158121222 0.3005198957847774 0.0
0 0.750000 0.622070 0.080078 0.091797 0.0 0.12594937527257466 0.0 0.10281624839231993 0.0631748628457443 0.35848658122985416 0.0 0.36650251812538764 0.36780397227901673 0.3075287121111608 0.0 0.30624898256959343 0.3033983727656079
0 0.782227 0.780273 0.076172 0.076172 0.0 0.11305429422676093 0.0 0.10030939802651129 0.06870239260595672 0.32552591149389093 0.0 0.3370936087630078 0.3193815077834303 0.3061125862232449 0.0 0.3129044706788351 0.31029215858589254
0 0.723633 0.468750 0.076172 0.076172 0.0 0.1412575272764824 0.0 0.10216931596438525 0.05304902016792118 0.36144985929720874 0.0 0.28372829613753014 0.3562328197351473 0.2871511462863909 0.0 0.32088259753184667 0.31013476067101886
0 0.642578 0.459473 0.074219 0.059570 0.0 0.08805503993467712 0.056532984699395314 0.09239972637208238 0.0 0.3185745623747404 0.3102309542164456 0.3230588555008406 0.0 0.28520089960537987 0.3129098298484728 0.31902363715624976 0.0
0 0.869629 0.514648 0.086914 0.072266 0.0 0.16872014399780613 0.0 0.1628368612484165 0.0 0.40563014391828545 0.0 0.3896066272983172 0.0 0.6284232177678752 0.0 0.6242570947064988 0.0
0 0.433594 0.417969 0.076172 0.099609 0.0 0.09169943579993686 0.0 0.095665465646965 0.06426898703530746 0.19786314662424592 0.0 0.1938960449246771 0.27075225494403604 0.6552873530926419 0.0 0.6229663362915353 0.630290204440388
0 0.398438 0.903320 0.101562 0.087891 0.03872866432950697 0.0 0.13715035834359962 0.0 0.1546384632069004 0.0 0.2670349909350076 0.0 0.38092998456569543 0.0 0.6208388150767239 0.0 0.6188050136780393
0 0.961426 0.906250 0.073242 0.062500 0.06995784380266307 0.0 0.0 0.23066467988076841 0.0 0.0 0.0 0.19819809672912944 0.0 0.0 0.0 0.5512018781575395 0.0
0 0.593262 0.177246 0.061523 0.086914 0.0 0.1415591049002241 0.030620992349551568 0.0643452968928025 0.0 0.1664203642135813 0.2516041948147905 0.28413395408142283 0.0 0.3001066432298001 0.2751669064866468 0.288325427822618 0.0
0 0.526855 0.882324 0.073242 0.086914 0.0 0.10086514251082943 0.01665889971493689 0.12499322284674085 0.06163057630560567 0.2589173250545188 0.3349080042679476 0.28317238348267065 0.3697304197944614 0.6229141829989349 0.6443039299703028 0.6282571885159737 0.5998929787761818
0 0.596191 0.873047 0.071289 0.083984 0.0 0.09243223614666578 0.06013115471491043 0.09759728274531376 0.0 0.28156913406158296 0.30629962059250976 0.2948801755055692 0.0 0.6146757924614275 0.6268154772462051 0.6277431788354344 0.0
0 0.870117 0.273926 0.082031 0.077148 0.0 0.11116963619341685 0.0 0.07236688898923094 0.04494280616591348 0.32411227873933396 0.0 0.3345750449223304 0.3308075265568569 0.2747980661535059 0.0 0.2631852469805892 0.26814321299972527
0 0.798828 0.488770 0.066406 0.084961 0.0 0.11388111395223399 0.03680883844108804 0.12145457679329733 0.0 0.3401339338788014 0.33292956837233567 0.35203384035205526 0.0 0.2968403008609894 0.3116297718217221 0.30663678553246837 0.0
0 0.939453 0.298340 0.078125 0.086914 0.0 0.06776676217425567 0.044344468866999096 0.04943113802080448 0.0 0.24179951244894327 0.24380417228323523 0.24685991162389098 0.0 0.2665281489974452 0.3150372061019589 0.26432042442064524 0.0
0 0.418945 0.972656 0.089844 0.054688 0.0 0.0 0.06989307513600707 0.0 0.07039613427015101 0.0 0.26967115802153013 0.0 0.380489268025627 0.0 0.6516000044463274 0.0 0.6098132973086898
0 0.876953 0.165527 0.132812 0.118164 0.0 0.08466318482929609 0.018222841666913674 0.06673780765136171 0.036948088426899145 0.3079973490723388 0.27065640753967063 0.3207956569259719 0.3207399745054587 0.618952883170376 0.603040195873317 0.6262214966129145 0.6240074928778471
0 0.569824 0.726074 0.075195 0.077148 0.0 0.12555459410639133 0.06528328976026182 0.13659130347976214 0.0 0.284805724948675 0.3790686998392744 0.28282816950716216 0.0 0.6203012121528407 0.6347121435368723 0.6334561767302059 0.0
0 0.583984 0.439453 0.062500 0.058594 0.0 0.13271237261483204 0.0 0.17579603609946462 0.0 0.36025253299939103 0.0 0.33947067428127886 0.0 0.2998422448922009 0.0 0.30181148455682677 0.0
0 0.806641 0.376465 0.068359 0.055664 0.0 0.1526265569156837 0.0 0.13655173839621995 0.08962564014523339 0.30993577022635227 0.0 0.289660221580959 0.28249540785540544 0.29338301088511054 0.0 0.31210184756036796 0.299912699559178
0 0.682617 0.881348 0.066406 0.075195 0.0 0.14562137280134607 0.0 0.1376563734458298 0.09265920417238122 0.2671369953832384 0.0 0.2712474495706931 0.27060359506476545 0.30114840473447957 0.0 0.30435626125959186 0.30544378674905426
0 0.369629 0.730957 0.096680 0.084961 0.0 0.0 0.18620369200212336 0.0 0.14587657008527738 0.0 0.31037330577221767 0.0 0.35314883440791334 0.0 0.6225590456510608 0.0 0.6058807779485593
0 0.691895 0.052734 0.161133 0.103516 0.0 0.059989389703370345 0.028783137599160513 0.06694193452753593 0.04541229239946104 0.3038622219765086 0.3002213261688089 0.30304748591403446 0.2523929588583671 0.6047370411004734 0.6283108940856872 0.6250005592136576 0.6211413937201282
0 0.588867 0.971191 0.082031 0.057617 0.0 0.0 0.21055046254435344 0.0 0.0544043074821121 0.0 0.15775816215803792 0.0 0.15086656872239632 0.0 0.5373851518869575 0.0 0.5676382452216949
0 0.645020 0.743652 0.067383 0.059570 0.0 0.15622198545307103 0.0 0.12997405864785297 0.04854857462660991 0.38527313306663885 0.0 0.34413916730511346 0.35045960460320763 0.2878765123762463 0.0 0.3100899015038547 0.29576358731136765
0 0.874023 0.394043 0.066406 0.063477 0.0 0.15511286828110954 0.08424832297871765 0.20509858696870692 0.0 0.23970968524213715 0.22960696955175652 0.2386464663910662 0.0 0.29289571483332555 0.2960740775905606 0.3096027572340511 0.0
0 0.739746 0.179688 0.071289 0.095703 0.04497779701773813 0.0816804056641472 0.05080383106988843 0.10656427687297018 0.0 0.3163575521756838 0.28297036727360003 0.30126431298760653 0.0 0.6225753615824918 0.6135175353053873 0.6440368227734723 0.0
0 0.943848 0.511719 0.069336 0.060547 0.0 0.09013453570921746 0.036231373227076674 0.1171526700670365 0.0 0.2806275551854276 0.30866468501392663 0.2584082775883006 0.0 0.6225514559203967 0.6391827774534872 0.6195213765675274 0.0
0 0.820801 0.038574 0.071289 0.075195 0.0 0.15258040632448389 0.0 0.12099338245554653 0.06328614298212888 0.24297940055533676 0.0 0.23784897189428122 0.22999342130155742 0.62235080014078 0.0 0.620993585897628 0.6209591035602797
0 0.969727 0.968262 0.060547 0.063477 0.0 0.09940732652933477 0.0 0.13024340661577158 0.059361875427213245 0.2887707121620713 0.0 0.2671704299636406 0.2676539067202908 0.6273207493448444 0.0 0.6232409458075343 0.5944874152850521
0 0.888184 0.034180 0.071289 0.066406 0.0 0.13129679791503188 0.06187394181896377 0.1565422638256259 0.0 0.24163683006484973 0.272422447287332 0.22481605865288337 0.0 0.6362531189594054 0.5653049944198029 0.6228972355103015 0.0
0 0.261719 0.201660 0.097656 0.057617 0.15074711365348697 0.0 0.0 0.0 0.02690866235382718 0.0 0.0 0.0 0.10588192276387416 0.0 0.0 0.0 0.6833915860336428
0 0.448242 0.245117 0.078125 0.076172 0.0 0.11050171135104991 0.06889354103573316 0.0900471820736406 0.0 0.2486486674290533 0.2458140407547137 0.2572153749850612 0.0 0.2345089810783332 0.22419699926038056 0.23115530254078653 0.0
0 0.966797 0.647461 0.066406 0.083984 0.0 0.08332395591168011 0.06108399237160922 0.08316659844219555 0.0 0.24963600654826526 0.2853474930449024 0.2646700390412815 0.0 0.6344822785805935 0.6440197087234656 0.6228267327798689 0.0
0 0.499023 0.400879 0.070312 0.125977 0.0 0.05344600341219751 0.10019317808910437 0.08053856270890947 0.0 0.2790696609825453 0.20501576886637046 0.2983280637453184 0.0 0.6215147090953795 0.613820852622779 0.6148497548482106 0.0
0 0.752441 0.908203 0.071289 0.058594 0.0 0.15047426753943852 0.06803542079774998 0.10129511757755813 0.036251898211631446 0.3936366635574474 0.3512942029834661 0.3774967937284361 0.39851001785000745 0.29601437920835344 0.3007333480511275 0.3005983670692419 0.31363363890984414
0 0.818359 0.930664 0.054688 0.066406 0.0 0.18761172270217305 0.0 0.23973421299938993 0.13573255345990815 0.27159749706444497 0.0 0.2683770377174981 0.273658183198704 0.31666765700261945 0.0 0.28637017233621564 0.3082748242690337
0 0.880859 0.950195 0.070312 0.060547 0.0 0.17274226878757262 0.14387263634410496 0.0377725251811894 0.0 0.2767884444956228 0.24053297705214657 0.2910179860483474 0.0 0.3487712915944673 0.2636968370042104 0.29442099220190066 0.0
0 0.737793 0.345215 0.088867 0.075195 0.0 0.15964569962809474 0.011049934564663494 0.12372835753725868 0.0 0.3331813230624529 0.3611014074818362 0.2012872699649902 0.0 0.2986425601099836 0.3051278917631142 0.42649157905001783 0.0
0 0.941895 0.812500 0.071289 0.083984 0.0 0.0548803368486786 0.0 0.0709301078881505 0.03002250063830705 0.34593303565408345 0.0 0.35851558212703566 0.33870138533473976 0.6285289339180289 0.0 0.6278482119666712 0.6246809495300103
0 0.513184 0.013672 0.100586 0.025391 0.0 0.0855411080716565 0.0 0.23286158322331058 0.0 0.3102515369255677 0.0 0.30407091428034133 0.0 0.06238403998951914 0.0 0.07037761469991966 0.0
0 0.650391 0.403320 0.072266 0.060547 0.0 0.0 0.23994837667659405 0.0 0.03980478749059695 0.0 0.1498496282504496 0.0 0.2575008403552982 0.0 0.2959880172070181 0.0 0.3816831171746445
0 0.983398 0.119141 0.033203 0.099609 0.2547951123007725 0.056707858840809436 0.0 0.0 0.18719896908688938 0.2743819698471757 0.0 0.0 0.3225417973027866 0.6164605208915518 0.0 0.0 0.6099640168163748
0 0.983887 0.809082 0.032227 0.083008 0.0 0.1447022279854598 0.0 0.13743153915877399 0.0 0.28422132295919617 0.0 0.29074112241552985 0.0 0.6179447968891862 0.0 0.6249328595559374 0.0
0 0.652832 0.678711 0.084961 0.058594 0.0 0.05890759147700343 0.0 0.17774945985700213 0.0 0.27361921028217334 0.0 0.24579408599864916 0.0 0.3290153488751593 0.0 0.30844597963617654 0.0
0 0.382812 0.816406 0.099609 0.093750 0.057864407481813596 0.0 0.162330612727322 0.0 0.23740525012781152 0.0 0.2537958375241157 0.0 0.3758476506263127 0.0 0.6153788377452065 0.0 0.6187062805273924
0 0.021973 0.273926 0.041992 0.163086 0.2441858153937463 0.0 0.0 0.0 0.0 0.0 0.0 0.0 0.0 0.0 0.0 0.0 0.0
0 0.253418 0.081543 0.079102 0.059570 0.0 0.0 0.08826140790420609 0.0 0.157935237196205 0.0 0.24212804056278747 0.0 0.24756763846813348 0.0 0.038894460369374426 0.0 0.059391534268699316
0 0.345215 0.029785 0.079102 0.057617 0.11603773494158466 0.03527087577038376 0.0 0.07023370511279511 0.0 0.32549915783240213 0.0 0.33377007542584547 0.0 0.8354417739425058 0.0 0.9458761327463907 0.0
0 0.675293 0.205078 0.053711 0.060547 0.0 0.12455716069380543 0.0 0.1822873180298403 0.08304046928128507 0.26024283945774784 0.0 0.2931490140344718 0.23938935788781052 0.6147862897440001 0.0 0.643479251664227 0.6357013838648353
0 0.529785 0.573730 0.069336 0.077148 0.0 0.07126245326114962 0.03813005928196116 0.10978277051545478 0.0 0.38210168117667037 0.3830801733919416 0.38100677265341015 0.0 0.6367408703571351 0.618409402166315 0.6260955854256458 0.0
0 0.472168 0.589355 0.071289 0.059570 0.0 0.15678232443187776 0.0 0.10122420515844124 0.0 0.2969710443225774 0.0 0.3382179324801581 0.0 0.7080046356453432 0.0 0.5529645223093471 0.0
0 0.658203 0.974609 0.054688 0.050781 0.32463834099807815 0.0 0.0 0.0 0.0 0.0 0.0 0.0 0.0 0.0 0.0 0.0 0.0
