0 0.205078 0.420573 0.115234 0.161458 0.0 0.11885123997768621 0.04806974020229496 0.05209244727166832 0.11022580871498139 0.32214698932044017 0.36764893370230517 0.352352392211718 0.3297790331037567 0.6915049476673434 0.7103967297926235 0.6943913299555208 0.6683229744687423
0 0.487793 0.328776 0.153320 0.152344 0.022596080523064454 0.07800957023152745 0.11862213693538742 0.05704498456094824 0.05199321853183579 0.20932943194950618 0.19369036038753346 0.19008115745958853 0.189183098739487 0.6733963706848518 0.9082978182261856 0.694470408367911 0.8299900611373684
0 0.372559 0.348958 0.077148 0.125000 0.0 0.18396889505484326 0.02798611787738002 0.09360072047610404 0.021578926734652792 0.32951033410238484 0.3023427161597603 0.29973954653689994 0.30930278802467415 0.6760168865964135 0.6885304483472585 0.6878224086798495 0.6286284953063147
0 0.617676 0.629557 0.106445 0.110677 0.0 0.0 0.18362589814214506 0.0 0.12561816310747628 0.0 0.2646894870207287 0.0 0.2606555897490114 0.0 0.7371238291973142 0.0 0.733383561952745
0 0.042969 0.473958 0.083984 0.122396 0.0 0.09971104239660969 0.11956845971721418 0.0450363419705573 0.08514436694006092 0.33468280994340965 0.34298192907954517 0.3888405872213276 0.2852628981879902 0.6747311414306539 0.6866628659279524 0.6636230732374012 0.6755713229979414
0 0.054688 0.657552 0.105469 0.104167 0.0 0.07246240192615197 0.0815878668975093 0.07169229671324218 0.05372342200501677 0.32978907191903434 0.2952208831403182 0.3294722271931716 0.3659567662367626 0.7001787566763242 0.6738505314643747 0.6921092878628283 0.6818232228182265
0 0.543945 0.445312 0.113281 0.096354 0.0 0.04914827444056929 0.15596070772695203 0.02770704839832074 0.0628233703094387 0.3387858509045416 0.3294635501595166 0.37427464541816813 0.32488975584766333 0.7887006603012585 0.8220388659066545 0.8112313662170357 0.8184820521460762
0 0.971191 0.774740 0.057617 0.138021 0.0 0.10862150217452882 0.04825302223628278 0.17991324840567188 0.05578900501346283 0.33060983232424834 0.3047234868377229 0.3249646727453976 0.30303025828523034 0.5144750877878628 0.5297446058321985 0.5012077772906953 0.48734781323653886
0 0.584961 0.535156 0.121094 0.114583 0.0 0.0 0.2302707066499707 0.0 0.18653288590108957 0.0 0.330649386021768 0.0 0.32219004374462895 0.0 0.7363651279897597 0.0 0.7663346712386098
0 0.272949 0.723958 0.114258 0.085938 0.0 0.0 0.2317182240281502 0.0 0.17920170771140043 0.0 0.21786559977873649 0.0 0.21954295533287807 0.0 0.6100888846921532 0.0 0.6816600571880539
0 0.105957 0.817057 0.106445 0.113281 0.0 0.0 0.18512609518197304 0.0 0.24261988669034637 0.0 0.2536316633287473 0.0 0.2553103195739228 0.0 0.6945653568521618 0.0 0.6793815060809376
0 0.090820 0.734375 0.111328 0.098958 0.0 0.0 0.17655815231588282 0.0 0.14361425119746216 0.0 0.2870929355348518 0.0 0.28205749909553735 0.0 0.6841269115528651 0.0 0.6825534459314917
0 0.295410 0.798828 0.110352 0.092448 0.0 0.0 0.1839874392953696 0.0 0.14898810975635876 0.0 0.2619524964415546 0.0 0.2516066587308488 0.0 0.652163580430218 0.0 0.7240958707193617
0 0.307129 0.880859 0.122070 0.097656 0.0 0.0 0.18975657212732633 0.0 0.19889680385703076 0.0 0.23803615111277562 0.0 0.24520828012606202 0.0 0.6979091897968277 0.0 0.6555676720847341
0 0.661133 0.874349 0.130859 0.147135 0.0 0.0 0.209098155911928 0.0 0.1401981668813325 0.0 0.33157013136747976 0.0 0.3009998398824987 0.0 0.6362941481578811 0.0 0.6301760002148811
0 0.130371 0.908854 0.106445 0.104167 0.0 0.0 0.20801046271430657 0.0 0.20152284546073163 0.0 0.2824122265649872 0.0 0.21261339538671967 0.0 0.6808162239984215 0.0 0.6750299166697318
0 0.243164 0.538411 0.140625 0.100260 0.0074336301233645825 0.018968570797533106 0.1151544626800519 0.01718911307640395 0.11223060870891717 0.37771661585822197 0.314681417444845 0.3509842079774644 0.37505259246936595 0.681066369558813 0.7013109506063306 0.6685892278919268 0.6685943417903633
0 0.649902 0.738932 0.135742 0.118490 0.0 0.0 0.19315867113254676 0.0 0.21731782348098075 0.0 0.27519946029911113 0.0 0.2541965128282106 0.0 0.7109111568736116 0.0 0.5418246836184936
0 0.255859 0.632161 0.136719 0.102865 0.01240929562775074 0.018508308973884453 0.13504938466489697 0.018529590893144113 0.12651878196661837 0.3971150550317235 0.34302015461663565 0.409933977400083 0.3733720276045335 0.6808955389385719 0.6608243944955059 0.6797615959902885 0.6860827527918882
0 0.296875 0.365885 0.085938 0.127604 0.0 0.1920174942202142 0.0 0.13879794259844935 0.0 0.3172885143095205 0.0 0.3032573261455399 0.0 0.6801819359522872 0.0 0.6877625554750327 0.0
0 0.884766 0.789714 0.117188 0.110677 0.033182807820153766 0.06042536027839208 0.04163806960053287 0.14244768442985015 0.10772975406178312 0.33908163135453206 0.32149065892896866 0.31814809774644043 0.3216041310243471 0.510466533820672 0.6475953222403411 0.5000119629490074 0.6496061311951655
0 0.264648 0.166667 0.091797 0.117188 0.0 0.14231662194154648 0.025994844387275035 0.1509744108314633 0.023274254645886214 0.3626417403654048 0.36498909800054896 0.4057870873576539 0.37637269580810556 0.6815451012874707 0.7038048762791488 0.6844062005168882 0.6559554750476094
0 0.154785 0.190104 0.129883 0.153646 0.0 0.05996247575648009 0.05683729860779647 0.1133511304132595 0.1290300646640098 0.3107868137169888 0.3241063619211638 0.336626035345031 0.3209470321425339 0.68142313310646 0.656752376619474 0.6979626081995478 0.7014703378567588
0 0.864258 0.597005 0.140625 0.126302 0.0 0.09417710932797133 0.04513660403633937 0.08464251731696254 0.04102470064429898 0.3100728844532416 0.32109105881309336 0.29299518732856417 0.24947937420901514 0.660088475335675 0.6709187676268853 0.7489488197027303 0.7121843243708226
0 0.019531 0.272135 0.037109 0.140625 0.0 0.0 0.27867327086099003 0.07248618593988147 0.01091811786121638 0.0 0.30789930433755686 0.2858786104441676 0.1252375878507525 0.0 0.6125031407298632 0.6725502063735986 0.6751938412098121
0 0.322266 0.954427 0.136719 0.091146 0.0 0.04310778486887262 0.12093280339417828 0.04998949372210159 0.08020891701867178 0.3187948309078728 0.32080583924808315 0.3149471212022713 0.3163942435329799 0.67726332022895 0.6889468476512035 0.6821769785537772 0.6817259305680491
0 0.856445 0.692708 0.074219 0.070312 0.20902640519197208 0.0 0.0 0.0 0.0 0.0 0.0 0.0 0.0 0.0 0.0 0.0 0.0
0 0.358887 0.158854 0.102539 0.078125 0.0 0.11485590493606809 0.05101235678921471 0.1747235026817491 0.0 0.37533149662616955 0.3561205732409585 0.36439944395666807 0.0 0.6743595032488143 0.6779260104783829 0.6859642425575588 0.0
0 0.672852 0.969401 0.111328 0.061198 0.5157192208059495 0.0 0.0 0.0 0.0 0.0 0.0 0.0 0.0 0.0 0.0 0.0 0.0
0 0.075684 0.561198 0.067383 0.078125 0.0 0.0 0.10532717648821813 0.0 0.14741782980927057 0.0 0.3017332699350871 0.0 0.32667017884279737 0.0 0.6828610459326534 0.0 0.6655547746891269
0 0.449219 0.789714 0.103516 0.095052 0.15130502666978776 0.0 0.0 0.0 0.0 0.0 0.0 0.0 0.0 0.0 0.0 0.0 0.0
0 0.375977 0.064453 0.109375 0.110677 0.0 0.0 0.1188575383290623 0.032289113723665885 0.10907588200771931 0.0 0.36972343465744534 0.35019163091582667 0.36891964038679215 0.0 0.9712987242204755 0.9696259451197086 0.9889279559956388
0 0.108887 0.061198 0.084961 0.119792 0.0 0.0 0.2204808248828091 0.0 0.20592878341784038 0.0 0.35578178322811477 0.0 0.35928199716744885 0.0 0.6864596867728922 0.0 0.6868062252727046
0 0.143066 0.972656 0.098633 0.054688 0.0 0.0 0.17113366092467816 0.0 0.246634549946576 0.0 0.25984333274447474 0.0 0.23541353846391486 0.0 0.6861027334977682 0.0 0.7038035304772352
0 0.901367 0.967448 0.089844 0.065104 0.0 0.21362204506392632 0.0 0.08607051602086288 0.05873587506373739 0.33004316837158665 0.0 0.28330093336760154 0.3699276250909312 0.5051302588041225 0.0 0.49148113256665243 0.4652247092799217
0 0.974609 0.966797 0.050781 0.066406 0.0 0.34298226505865814 0.0 0.06476100813210811 0.0 0.37346604191298793 0.0 0.2861096317932713 0.0 0.5104666856026535 0.0 0.4993010920383906 0.0
0 0.628418 0.031901 0.090820 0.061198 0.0 0.0 0.18752752921123533 0.0 0.1864197721624366 0.0 0.07555394567952976 0.0 0.12476514712064316 0.0 0.6672521133801977 0.0 0.6619425153100795
