0 0.246582 0.901855 0.106445 0.110352 0.0 0.21697140294095812 0.0 0.19751194521728957 0.0 0.17849803134230907 0.0 0.18780157619540527 0.0 0.5318915471001587 0.0 0.5422276167160685 0.0
0 0.327148 0.889160 0.062500 0.125977 0.0 0.23295398917012003 0.0 0.160653147286978 0.0 0.22510400121429489 0.0 0.20632013321100615 0.0 0.5130771839034324 0.0 0.5562405845992481 0.0
0 0.462891 0.893066 0.095703 0.114258 0.0 0.22499376071559346 0.0 0.16541731978510307 0.0 0.26576220953378027 0.0 0.3626868622352536 0.0 0.543454146673101 0.0 0.5382267954642379 0.0
0 0.159180 0.901855 0.068359 0.112305 0.06745412236575592 0.18604021701180257 0.0 0.16208455996246102 0.0 0.27599795491439605 0.0 0.3076615450911754 0.0 0.5432787625934131 0.0 0.48666903662340627 0.0
0 0.098145 0.672363 0.088867 0.088867 0.0 0.16564738891188682 0.0 0.256930632826758 0.0 0.2852945684591805 0.0 0.22916322444543438 0.0 0.2272029902717806 0.0 0.17993207118730367 0.0
0 0.543945 0.046387 0.119141 0.090820 0.030146994754996475 0.0 0.19132462885263488 0.0 0.15809154335477815 0.0 0.3182112022057204 0.0 0.34010382799592265 0.0 0.6914105683655236 0.0 0.6840624623921198
0 0.104492 0.459473 0.095703 0.092773 0.0 0.23633126626963313 0.0 0.18210051961008686 0.0 0.2566392070928832 0.0 0.27013080402858436 0.0 0.01316129515294209 0.0 0.025525020260456523 0.0
0 0.088867 0.902344 0.070312 0.103516 0.0 0.2245250792806331 0.0 0.17709540546679162 0.0 0.28163570736684873 0.0 0.26967190470003627 0.0 0.5414252010346533 0.0 0.5401755243254336 0.0
0 0.252930 0.733887 0.107422 0.114258 0.1499280761461674 0.0800422415660741 0.018233393797338227 0.10140839270386635 0.019990359063253766 0.24439480094542235 0.2559489609522136 0.2637820781449376 0.2548382812400828 0.4103928788313684 0.47700695078499455 0.4164370093548238 0.33351814096753
0 0.874512 0.600586 0.075195 0.099609 0.0 0.0 0.22925649370610632 0.0 0.10532072008315832 0.0 0.3571641764447163 0.0 0.3893212753714517 0.0 0.7593548617171055 0.0 0.7542883882069557
0 0.832520 0.514160 0.069336 0.102539 0.0 0.0 0.22078080439450096 0.0 0.17829827226558037 0.0 0.3557920885249187 0.0 0.3714646612076702 0.0 0.8648602436166095 0.0 0.8545215412583387
0 0.435547 0.728516 0.083984 0.132812 0.0 0.09368783949944315 0.0 0.20982677657306628 0.0 0.3545073080597571 0.0 0.19491085481953635 0.0 0.6311600745682994 0.0 0.6045157545249721 0.0
0 0.568848 0.129883 0.118164 0.085938 0.0 0.0 0.21862366737911668 0.0 0.20437004028808686 0.0 0.2838254135431595 0.0 0.30557909795732463 0.0 0.7075576288548738 0.0 0.717482578000992
0 0.780273 0.441406 0.070312 0.072266 0.0 0.0 0.29598874904922634 0.0 0.14282990162230363 0.0 0.3314306304906272 0.0 0.28660975930730914 0.0 0.8802610300481449 0.0 0.8357341049697558
0 0.052734 0.612793 0.072266 0.086914 0.0 0.20762199790557626 0.0 0.18478809793755538 0.0 0.3787772933261959 0.0 0.3766130886977888 0.0 0.07875630699400275 0.0 0.08158098990667718 0.0
0 0.480957 0.552734 0.073242 0.095703 0.0 0.20957519587576295 0.0 0.2119849691080489 0.0 0.2925146080459169 0.0 0.2881328174266189 0.0 0.6119214807331244 0.0 0.6288314556431898 0.0
0 0.160645 0.525879 0.073242 0.083008 0.0 0.18460227236755233 0.0 0.24263626861839657 0.0 0.19629664857565077 0.0 0.15390303210893833 0.0 0.18533589927339883 0.0 0.17966766697543335 0.0
0 0.694336 0.889160 0.111328 0.094727 0.0 0.0 0.10724161549450444 0.07960945157991452 0.16394018676191768 0.0 0.19761170605300207 0.1811306951503906 0.22395661034484843 0.0 0.710936162955073 0.5435980562275365 0.5933105920542814
0 0.536133 0.886230 0.054688 0.100586 0.0 0.1291217803130014 0.0 0.18475921261216463 0.0 0.34329737751478884 0.0 0.3262878213346522 0.0 0.571124836711629 0.0 0.5394913670435711 0.0
0 0.265137 0.531738 0.108398 0.155273 0.09307534684618263 0.06288217460238552 0.060629079044751434 0.08032231210024046 0.06426951982680272 0.32695092725713504 0.28605608597043586 0.30388053149366623 0.2840356647254565 0.31385998273849264 0.35386796041196933 0.34342966336004516 0.34654513309852303
0 0.733398 0.033691 0.121094 0.065430 0.0 0.0 0.08734861932725349 0.0 0.196853407884227 0.0 0.2640375749484049 0.0 0.25754335067185036 0.0 0.664145306972479 0.0 0.6772765935607212
0 0.755859 0.094727 0.123047 0.076172 0.0 0.0 0.16747650852675897 0.0 0.1833575629786736 0.0 0.14811723365083285 0.0 0.23235115227400083 0.0 0.7350063567181241 0.0 0.7785849843952054
0 0.352539 0.574707 0.083984 0.090820 0.0 0.17250908846410382 0.0 0.21801378259472542 0.0 0.3361428961456243 0.0 0.32120991901817836 0.0 0.5471134584664307 0.0 0.5516768798688184 0.0
0 0.694336 0.307617 0.142578 0.185547 0.0 0.05933810376667367 0.05771066742306086 0.06598692066003513 0.1231110379975385 0.3646349731040238 0.36412455338095123 0.3636785148565237 0.3518895848205955 0.8940759123274341 0.888096526390382 0.8975002675965884 0.8356839265638609
0 0.679688 0.550293 0.080078 0.079102 0.0 0.1904662542684849 0.0 0.2189580981673569 0.0 0.2559246273850228 0.0 0.2863834168581829 0.0 0.20159429946804178 0.0 0.20111916621070172 0.0
0 0.909180 0.100098 0.117188 0.122070 0.0 0.13027136852577917 0.03521774802725406 0.08252862636315235 0.03648861340553621 0.3667310648248916 0.35694311174417886 0.3689169379228367 0.3450205992134945 0.8964141501966576 0.8788683165308839 0.89648953168856 0.89120585924658
0 0.545898 0.699219 0.060547 0.105469 0.0 0.09051209655951302 0.0 0.15065764318138136 0.0 0.2895867326617716 0.0 0.15382343987495897 0.0 0.6059663905777717 0.0 0.6001033764301534 0.0
0 0.846680 0.877441 0.076172 0.075195 0.0 0.013506096693079346 0.04752792590998065 0.11672717248178939 0.1694008279558146 0.28517705341639726 0.3173967731684197 0.312461496233983 0.33549876200425227 0.7094393548259998 0.6731490900093622 0.5594765005550282 0.6962739299362132
0 0.967285 0.403809 0.065430 0.159180 0.0 0.0839138156770409 0.011623012550424514 0.025219231759652398 0.11866570321842203 0.2795014976994634 0.35037668519324455 0.27138990534896423 0.3155702280215437 0.9064569203449254 0.8379673982880598 0.8763582700743597 0.7660821326916198
0 0.806152 0.734375 0.075195 0.070312 0.0 0.0 0.21346513220623467 0.0 0.1438880787204684 0.0 0.35151042428077794 0.0 0.3260074669253269 0.0 0.6895837204355175 0.0 0.7042333085548445
0 0.416504 0.566406 0.055664 0.093750 0.0 0.21020491741200378 0.0 0.19402730118435912 0.0 0.28027971133630497 0.0 0.30696327175609944 0.0 0.6052261498537239 0.0 0.6166268941792572 0.0
0 0.598633 0.886719 0.080078 0.101562 0.0 0.15331836349811445 0.0 0.15430304595057823 0.0 0.2699644776468112 0.0 0.2490831559300059 0.0 0.5526316441878748 0.0 0.5360683797955239 0.0
0 0.019043 0.791016 0.036133 0.105469 0.0 0.0 0.33197992218659134 0.0 0.0 0.0 0.22050231383238794 0.0 0.0 0.0 0.6757528340119617 0.0 0.0
0 0.370605 0.739258 0.047852 0.125000 0.0 0.14028477519969215 0.0 0.2013820237949546 0.0 0.2818195804448256 0.0 0.18431104369893705 0.0 0.5346304529573339 0.0 0.530190470777792 0.0
0 0.027832 0.904297 0.053711 0.123047 0.0 0.0666408277846729 0.19678412078470506 0.14626199639636556 0.0 0.3630655707188556 0.22405546818078179 0.34133015389270427 0.0 0.5411364355084352 0.6737716048339657 0.6131882035052545 0.0
0 0.600586 0.685547 0.078125 0.091797 0.0 0.21507282994530272 0.0 0.11838583648489329 0.0 0.2620234524196777 0.0 0.2674861414918879 0.0 0.40629810453295506 0.0 0.56643828470305 0.0
0 0.821777 0.802246 0.071289 0.069336 0.0 0.0 0.1503642908685 0.0 0.1475854890465344 0.0 0.4146871859194385 0.0 0.3848929583972143 0.0 0.7045165630179164 0.0 0.6885652647853729
0 0.328613 0.733887 0.043945 0.108398 0.0 0.13474902687380994 0.0 0.168889313462111 0.0 0.2524230263525797 0.0 0.18207790890656356 0.0 0.46279940251306073 0.0 0.49748500708061993 0.0
0 0.752930 0.590332 0.093750 0.075195 0.0 0.0 0.19431402689986194 0.0 0.10532963940009293 0.0 0.27587345579596234 0.0 0.32963838385011324 0.0 0.9924719691380565 0.0 0.9977420874465679
0 0.831055 0.195312 0.164062 0.132812 0.0 0.050519213825931525 0.04992076971024756 0.06280712959524944 0.07561432042863298 0.31807615651902543 0.332696274520038 0.3582453946553364 0.3156828024284513 0.8948982005461718 0.8912890469513641 0.8523063660400864 0.9066534704194253
0 0.044922 0.402832 0.085938 0.110352 0.0 0.21214306979319347 0.0 0.0 0.16594994430960872 0.2875081260153729 0.0 0.0 0.24794506824117526 0.031481683890694966 0.0 0.0 0.9697906766331524
0 0.652344 0.710449 0.078125 0.073242 0.0 0.0 0.23256780371925448 0.014098987041831304 0.10580181121831105 0.0 0.24657786828999959 0.29946220986622063 0.25964527520664954 0.0 0.9091653281417681 0.049699184680873525 0.8026617153582395
0 0.679688 0.814453 0.091797 0.064453 0.0 0.01609353558183073 0.19894585641693247 0.0 0.18320280170749811 0.3993005150800928 0.2559366451104904 0.0 0.2500020963824381 0.3422377603074054 0.694379101388045 0.0 0.6642615254267249
0 0.965332 0.056641 0.069336 0.111328 0.0 0.14396200101408618 0.0493054907032722 0.1826462779139721 0.06462894706717072 0.3637117679480908 0.3601696499235644 0.3666929604643212 0.35780096753036916 0.9375608254797788 0.8933615226037063 0.893606850349356 0.8969339594485158
0 0.930176 0.854004 0.100586 0.131836 0.336752360156163 0.0 0.0 0.0 0.0 0.0 0.0 0.0 0.0 0.0 0.0 0.0 0.0
0 0.669922 0.763672 0.087891 0.056641 0.0 0.0 0.18736253334403905 0.0 0.1683491343808138 0.0 0.26043140565169054 0.0 0.27483375782822506 0.0 0.6994978159067818 0.0 0.6932299422961108
0 0.369141 0.022949 0.117188 0.043945 0.0 0.0 0.21866471041510613 0.0 0.20300486804541348 0.0 0.245086957331343 0.0 0.24551855785293988 0.0 0.4332799137070304 0.0 0.41797024263312516
0 0.110352 0.766113 0.062500 0.079102 0.0 0.0 0.1142371543522385 0.0 0.19532714536074677 0.0 0.3128850109358107 0.0 0.3101845169570991 0.0 0.22485992603757332 0.0 0.23816475382263164
0 0.618164 0.534668 0.068359 0.088867 0.0 0.18411654791668802 0.0 0.19620272674510228 0.0 0.2762801869993036 0.0 0.26636224092790495 0.0 0.37727405045588447 0.0 0.405423405209169 0.0
0 0.790039 0.665527 0.087891 0.081055 0.0 0.0 0.10278195278427363 0.0 0.17660928797765935 0.0 0.17407071315038725 0.0 0.2557772415905083 0.0 0.6944950923141082 0.0 0.8046116144312249
0 0.892578 0.985352 0.166016 0.029297 0.25790413491668873 0.0 0.0 0.0 0.0 0.0 0.0 0.0 0.0 0.0 0.0 0.0 0.0
0 0.305176 0.068848 0.241211 0.069336 0.2796387418215493 0.0 0.0 0.0 0.0 0.0 0.0 0.0 0.0 0.0 0.0 0.0 0.0
0 0.012695 0.578613 0.023438 0.083008 0.0 0.18328474758818272 0.0 0.0 0.0 0.2527680684460394 0.0 0.0 0.0 0.0336422245071516 0.0 0.0 0.0
0 0.550293 0.532227 0.065430 0.091797 0.21917589372812732 0.026807421716480484 0.02928500491452124 0.2562256374667686 0.025131028064789868 0.3046982568888471 0.448225836389923 0.29177825214231945 0.4633226769972992 0.7389912859832368 0.5883930638984493 0.5912581296730051 0.607013071530966
0 0.011230 0.346191 0.020508 0.073242 0.0 0.0 0.2854153947968857 0.0 0.0 0.0 0.2798314312363742 0.0 0.0 0.0 0.9913205130804785 0.0 0.0
0 0.613770 0.192871 0.083008 0.069336 0.0 0.0 0.17956046245745733 0.0 0.2133145197273554 0.0 0.17119425423399198 0.0 0.17800124494196684 0.0 0.8725072095748696 0.0 0.8161539192627013
0 0.297363 0.194824 0.086914 0.182617 0.27162222011176573 0.0 0.0 0.0 0.15854814518592888 0.0 0.0 0.0 0.10167552179564815 0.0 0.0 0.0 0.5546993407993014
0 0.361328 0.167480 0.068359 0.073242 0.16243248825366846 0.0 0.07665561433649885 0.0 0.027807655456606784 0.0 0.0769499478750931 0.0 0.07553984317673762 0.0 0.5423397639961044 0.0 0.5554308757911037
0 0.496582 0.333984 0.188477 0.134766 0.27710288628561597 0.0 0.0 0.0053561236620583794 0.0 0.0 0.0 0.29133256853630674 0.0 0.0 0.0 0.5752687327169964 0.0
0 0.912598 0.719238 0.100586 0.131836 0.3373347157999694 0.0 0.0 0.0 0.0 0.0 0.0 0.0 0.0 0.0 0.0 0.0 0.0
0 0.163574 0.705566 0.088867 0.088867 0.29570820388482644 0.0 0.0 0.0 0.0 0.0 0.0 0.0 0.0 0.0 0.0 0.0 0.0
0 0.499023 0.713867 0.046875 0.105469 0.0 0.13549017133562583 0.0 0.12472625584677914 0.0 0.2156323592293775 0.0 0.17799599575365593 0.0 0.6566772059615222 0.0 0.6162496416412175 0.0
0 0.384766 0.895996 0.062500 0.125977 0.0 0.1561377168963072 0.0 0.1217680203993626 0.0 0.25091596571687874 0.0 0.24475421381256116 0.0 0.560333061932018 0.0 0.5095978298851573 0.0
