0 0.471680 0.510417 0.085938 0.132812 0.0 0.17728379218531246 0.0 0.18852021729292112 0.0 0.2520284399775417 0.0 0.2570121212308415 0.0 0.6372125328648198 0.0 0.642661753911567 0.0
0 0.390625 0.524740 0.085938 0.122396 0.0 0.21865913588268446 0.0 0.1760996766851653 0.0 0.2858760898423504 0.0 0.28316418195109416 0.0 0.6372209784030287 0.0 0.6507998484166465 0.0
0 0.547852 0.486979 0.089844 0.111979 0.0 0.16068826805532335 0.0 0.24064385959128434 0.0 0.2873832447974281 0.0 0.3257427360961691 0.0 0.6490980486035222 0.0 0.6007895068777764 0.0
0 0.298828 0.539714 0.103516 0.092448 0.0 0.21838030287900345 0.0 0.2276114194293213 0.0 0.29494267438580746 0.0 0.3074544651222462 0.0 0.6604611307617093 0.0 0.6620699641111312 0.0
0 0.673340 0.440755 0.174805 0.123698 0.0 0.14390614600540744 0.03511169281092456 0.17875035801488257 0.0 0.2953553172966769 0.286142296273967 0.26592145699352665 0.0 0.6431333202923408 0.6397624802729182 0.6489191178831883 0.0
0 0.912109 0.782552 0.105469 0.067708 0.4514538324091734 0.0 0.0 0.0 0.0 0.0 0.0 0.0 0.0 0.0 0.0 0.0 0.0
0 0.291504 0.363281 0.081055 0.114583 0.0 0.14556235861808164 0.0 0.11085472683357249 0.0 0.2526089567869787 0.0 0.26578775879836447 0.0 0.6588243138726112 0.0 0.6519351017476935 0.0
0 0.561523 0.897135 0.087891 0.085938 0.0 0.26686001615825655 0.0 0.0 0.0 0.3079269183461483 0.0 0.0 0.0 0.5762804838897065 0.0 0.0 0.0
0 0.374512 0.328776 0.104492 0.113281 0.0 0.1317308082484545 0.0 0.06348440432413713 0.0 0.3164750972975592 0.0 0.3089757650537366 0.0 0.6574763842450512 0.0 0.6522345494585671 0.0
0 0.031250 0.472656 0.060547 0.143229 0.0 0.03621568967758759 0.1401129652947025 0.09530405880298626 0.05398392322590951 0.23724055066044025 0.3291481685948992 0.3110826292822078 0.38975930803164544 0.7441282919096882 0.6947984844579229 0.721146622863285 0.7170090182185378
0 0.186523 0.406901 0.132812 0.118490 0.0 0.15226685077134017 0.0 0.09643994352362181 0.00586473503844498 0.25476330159475136 0.0 0.27878264531411995 0.2470923246610985 0.7716118347649579 0.0 0.6903842097514554 0.627748463377254
0 0.893066 0.458984 0.196289 0.332031 0.0 0.1249825611651362 0.0 0.12858981534152464 0.0 0.12025763838882729 0.0 0.12633189046088447 0.0 0.6335247717899541 0.0 0.652815067025586 0.0
0 0.076172 0.638672 0.070312 0.121094 0.0 0.24677417552565944 0.0 0.10469230024025303 0.0 0.2575447003440935 0.0 0.2776936049767963 0.0 0.7306898947176882 0.0 0.7358127086130998 0.0
0 0.473145 0.921224 0.090820 0.100260 0.0 0.08980854039132292 0.0 0.0 0.0 0.22464361022119306 0.0 0.0 0.0 0.5831230304126386 0.0 0.0 0.0
0 0.645020 0.875651 0.077148 0.087240 0.0 0.25406323434545475 0.0 0.0 0.0 0.30413556039409806 0.0 0.0 0.0 0.5717979897998291 0.0 0.0 0.0
0 0.393066 0.937500 0.069336 0.091146 0.0 0.2765128504162311 0.0 0.0 0.0 0.28199942921657467 0.0 0.0 0.0 0.5840363986456487 0.0 0.0 0.0
0 0.203125 0.572917 0.109375 0.101562 0.0 0.1585408478874572 0.0 0.14661281898387568 0.02426021845054795 0.3060586354770588 0.0 0.3070580997271206 0.29063458656771474 0.6225013678664834 0.0 0.6538909643620223 0.6426915512434078
0 0.718750 0.858073 0.074219 0.083333 0.0 0.19671397699269305 0.0 0.0 0.0 0.2705028745685685 0.0 0.0 0.0 0.6007250403978541 0.0 0.0 0.0
0 0.250488 0.031901 0.069336 0.061198 0.0 0.5852294420442347 0.0 0.0 0.0 0.15709605897153373 0.0 0.0 0.0 0.8933245915187327 0.0 0.0 0.0
0 0.203613 0.070964 0.069336 0.082031 0.0 0.4921761557153292 0.0 0.0 0.0 0.1612161400046473 0.0 0.0 0.0 0.8944873932794319 0.0 0.0 0.0
0 0.154785 0.123047 0.069336 0.082031 0.0 0.4496864495772959 0.0 0.0 0.0 0.15987270819053132 0.0 0.0 0.0 0.8771470607965851 0.0 0.0 0.0
0 0.024414 0.658854 0.046875 0.111979 0.0 0.15952468902795364 0.0 0.201792462137756 0.0 0.2695067902078454 0.0 0.3058467883574424 0.0 0.723500361706342 0.0 0.7399856506320147 0.0
0 0.309570 0.958984 0.097656 0.082031 0.0 0.23030746209764358 0.0 0.0 0.0 0.29257082645613297 0.0 0.0 0.0 0.5583337137799738 0.0 0.0 0.0
0 0.210938 0.969401 0.097656 0.061198 0.0 0.0 0.4644756099335839 0.0 0.0 0.0 0.11436759122316899 0.0 0.0 0.0 0.9702716534967825 0.0 0.0
0 0.479004 0.102865 0.182617 0.195312 0.24500903577367045 0.0 0.0 0.0 0.0 0.0 0.0 0.0 0.0 0.0 0.0 0.0 0.0
0 0.675781 0.042318 0.179688 0.082031 0.17773931214939237 0.0 0.0 0.0 0.0 0.0 0.0 0.0 0.0 0.0 0.0 0.0 0.0
0 0.618164 0.250000 0.236328 0.203125 0.1539914087906271 0.0 0.0 0.0 0.0 0.0 0.0 0.0 0.0 0.0 0.0 0.0 0.0
0 0.787109 0.206380 0.099609 0.123698 0.38228935725279695 0.0 0.0057174609663099354 0.0 0.0 0.0 0.11524576575538291 0.0 0.0 0.0 0.6415597971211379 0.0 0.0
0 0.916504 0.172526 0.166992 0.165365 0.3817563389727189 0.0 0.0 0.0 0.0 0.0 0.0 0.0 0.0 0.0 0.0 0.0 0.0
0 0.079102 0.771484 0.027344 0.074219 0.0 0.16205188757527572 0.0 0.07064138114935362 0.0 0.22780928402278502 0.0 0.1872650704810766 0.0 0.7433632348316561 0.0 0.7156019511860595 0.0
0 0.052246 0.780599 0.028320 0.074219 0.0 0.18190929918788912 0.0 0.0524640428555881 0.0 0.2062761427576137 0.0 0.2343972390125485 0.0 0.8610166911684822 0.0 0.7290046037214034 0.0
0 0.019531 0.797526 0.037109 0.069010 0.0 0.16967559868308288 0.0 0.062019551703920234 0.0 0.1719244170493727 0.0 0.19516236883469182 0.0 0.7415499713889993 0.0 0.7028967368559651 0.0
