0 0.506836 0.497070 0.138672 0.164062 0.0 0.06060330718875285 0.10804513247887074 0.026743714658115574 0.10017525549984241 0.32861490065523885 0.30321441534129706 0.3310304423370257 0.34272498587888184 0.7984545754599391 0.6807085481680798 0.7990795366390753 0.8006950762232204
0 0.465820 0.743652 0.126953 0.118164 0.01734068594527518 0.10068520052619523 0.1440332754714882 0.01893148234236332 0.055157866103771 0.34391199911658493 0.33495000717990847 0.3327605231478875 0.3457562544839565 0.8012017320692687 0.6923734353110185 0.5754914979559054 0.8124846677536743
0 0.853516 0.916992 0.083984 0.087891 0.0 0.17722558495857038 0.0 0.2748892209868712 0.0 0.28529456845918055 0.0 0.22916322444543438 0.0 0.22720299027178062 0.0 0.17993207118730367 0.0
0 0.373535 0.791504 0.071289 0.100586 0.0 0.241788312369808 0.0 0.2437688435304082 0.0 0.24465008634535937 0.0 0.25975536727185083 0.0 0.8042092920337977 0.0 0.8301155367726595 0.0
0 0.316406 0.827148 0.076172 0.095703 0.0 0.246740770395746 0.0 0.17407112415949358 0.0 0.2529148264407766 0.0 0.29251597704261717 0.0 0.8087012797779427 0.0 0.8219546749703467 0.0
0 0.664551 0.495117 0.100586 0.111328 0.0 0.24445048975149256 0.0 0.0 0.16156918867049683 0.2698989934157173 0.0 0.0 0.2762693577377857 0.010496269175289305 0.0 0.0 0.9899717606827984
0 0.494141 0.840332 0.099609 0.081055 0.0 0.0 0.16220224342379325 0.0 0.1792278606238605 0.0 0.16636150174231526 0.0 0.20403820730663916 0.0 0.6776021267024904 0.0 0.6825906325169727
0 0.098145 0.157715 0.077148 0.102539 0.0 0.0 0.19727480955027543 0.0 0.14103200766123414 0.0 0.2990198608725497 0.0 0.3067843695250463 0.0 0.5660552907001287 0.0 0.560916640611091
0 0.841309 0.714355 0.098633 0.098633 0.0 0.21568905881484995 0.0 0.16619506299087428 0.0 0.2566392070928832 0.0 0.27013080402858436 0.0 0.01316129515294209 0.0 0.025525020260456523 0.0
0 0.794434 0.864258 0.069336 0.083984 0.0 0.22394341274256876 0.0 0.19931451244951515 0.0 0.3787772933261959 0.0 0.3766130886977888 0.0 0.07875630699400275 0.0 0.08158098990667718 0.0
0 0.175293 0.652344 0.112305 0.142578 0.02651099383581045 0.062281343293673255 0.07584747647841691 0.04142110245969403 0.062057726633266655 0.27889584610665374 0.29203458896946644 0.3065883797005861 0.3098264192578673 0.7347730720704825 0.8147153990970839 0.757389271861785 0.7778435399900812
0 0.272461 0.645996 0.103516 0.137695 0.0 0.19252414350056057 0.0 0.1114771531347068 0.07405260014199394 0.19004374529250556 0.0 0.19319348471318792 0.28369523665842517 0.813256105262452 0.0 0.8219533848235036 0.8197238314688946
0 0.193848 0.918457 0.102539 0.116211 0.04012631016987356 0.1406827477294004 0.048464982655489326 0.04336040993419147 0.12695816083142758 0.24301973978741698 0.23169826443610045 0.21590022454655558 0.23291384402174994 0.8181003789857881 0.7056342286118505 0.8261682186693273 0.6992902932556724
0 0.040039 0.957520 0.078125 0.084961 0.0 0.09387496416338276 0.13297913242187157 0.03636264657614414 0.06794633958641016 0.229850744174151 0.2118639759623632 0.22470905929945215 0.23056793190827393 0.38213847293307623 0.7539616305119774 0.413683987773364 0.7029486943571126
0 0.254395 0.864746 0.069336 0.084961 0.0 0.25364088641039734 0.0 0.16250369075074425 0.0 0.2767607864844318 0.0 0.23891411526691025 0.0 0.8386053657840742 0.0 0.8176238796906141 0.0
0 0.897461 0.775391 0.085938 0.105469 0.0 0.1238257035293714 0.0 0.16275317891858987 0.0 0.19629664857565077 0.0 0.15390303210893833 0.0 0.18533589927339883 0.0 0.17966766697543335 0.0
0 0.512207 0.925781 0.108398 0.095703 0.0 0.0 0.17032449855754803 0.0 0.20292983173583246 0.0 0.18635410578487183 0.0 0.25133598406135094 0.0 0.6796038654207442 0.0 0.688948324378402
0 0.078125 0.767578 0.154297 0.103516 0.011557202220033315 0.08094725381368761 0.028920163013181444 0.17391068776614552 0.03126984691136212 0.2838707441881111 0.28383131795353567 0.2763593187880945 0.2859054437097655 0.6711734969984504 0.690479670499894 0.6704740565388868 0.6101992788877864
0 0.429688 0.574219 0.085938 0.089844 0.0 0.19107954770006755 0.0 0.18916661755636313 0.0 0.22596321539806863 0.0 0.22313055121715428 0.0 0.8096585687356154 0.0 0.8232242553550704 0.0
0 0.625977 0.434082 0.068359 0.079102 0.0 0.07201326363261443 0.07228357534176591 0.0 0.0 0.3594753409778143 0.296720111330111 0.0 0.0 0.6330263858135099 0.9257955865694012 0.0 0.0
0 0.788574 0.648438 0.094727 0.101562 0.0 0.20911485785324302 0.0 0.0 0.16358111084602983 0.2875081260153729 0.0 0.0 0.24794506824117526 0.031481683890694966 0.0 0.0 0.9697906766331524
0 0.670410 0.899902 0.088867 0.094727 0.0 0.0 0.22863608434471447 0.0 0.1465582038776682 0.0 0.26144151459089193 0.0 0.2646163857051236 0.0 0.6891334022689891 0.0 0.6878286287004648
0 0.692383 0.971191 0.082031 0.055664 0.0 0.0 0.2305877171412136 0.0 0.16747084224880915 0.0 0.355309886950311 0.0 0.3673494056116846 0.0 0.6835420955779304 0.0 0.6788965626498668
0 0.624023 0.709473 0.128906 0.135742 0.0 0.006463437107649363 0.15436473323869906 0.0 0.0989877164278573 0.22785337316410373 0.23297648017781128 0.0 0.2398860826370784 0.8505724643378626 0.7954785470798706 0.0 0.7096850822625239
0 0.358887 0.609375 0.096680 0.134766 0.0 0.18624240832945385 0.006154046062035046 0.15074798630201375 0.0 0.20311067001375782 0.07008874808315121 0.20136572369632053 0.0 0.8186165895050594 0.4888530458971748 0.8257007301661354 0.0
0 0.720215 0.585449 0.084961 0.116211 0.0 0.0 0.15740423283585916 0.09103558813574937 0.09855784558482145 0.0 0.29031605426630325 0.26025400815214006 0.273558214232772 0.0 0.9924066284556279 0.03475837354444277 0.9133822453006719
0 0.973633 0.307617 0.052734 0.074219 0.2778602028928612 0.0 0.0 0.0 0.0 0.0 0.0 0.0 0.0 0.0 0.0 0.0 0.0
0 0.971680 0.977051 0.056641 0.045898 0.0 0.0870633115931805 0.0 0.14713739880577828 0.07835632786465548 0.25064468324001227 0.0 0.26381987093393944 0.26349898836775415 0.3673497855918558 0.0 0.3622651853366468 0.33836970022598095
0 0.971680 0.766602 0.056641 0.128906 0.029454801946877586 0.10108265427369957 0.0 0.08431639510268764 0.07687320722260231 0.3233729352456278 0.0 0.29051852497345354 0.2682465240183519 0.2568610787011631 0.0 0.26441058291768954 0.3360911491188647
0 0.037109 0.473633 0.072266 0.085938 0.3980963018041927 0.0 0.0 0.0 0.0 0.0 0.0 0.0 0.0 0.0 0.0 0.0 0.0
0 0.737305 0.821777 0.056641 0.067383 0.0 0.26655146567843635 0.0 0.0 0.14157729099974 0.2500861236677661 0.0 0.0 0.2604445699354989 0.0041093972279057315 0.0 0.0 0.986961620424583
0 0.026855 0.254395 0.051758 0.083008 0.3558201473662264 0.0 0.0 0.0 0.0 0.0 0.0 0.0 0.0 0.0 0.0 0.0 0.0
0 0.932129 0.085938 0.122070 0.169922 0.3030656147743355 0.0 0.0 0.0 0.0 0.0 0.0 0.0 0.0 0.0 0.0 0.0 0.0
0 0.919922 0.953613 0.080078 0.092773 0.31434655152378016 0.0 0.0 0.0 0.0 0.0 0.0 0.0 0.0 0.0 0.0 0.0 0.0
0 0.636719 0.823730 0.091797 0.096680 0.14707678705592142 0.0 0.0 0.0 0.024083800009336936 0.0 0.0 0.0 0.18520820647782996 0.0 0.0 0.0 0.6897177816678259
0 0.707031 0.779785 0.056641 0.067383 0.0 0.20360952168025134 0.0 0.09284115325224068 0.0 0.25914131176305805 0.0 0.2905243803000422 0.0 0.005903156685932645 0.0 0.020455350294509837 0.0
