0 0.053385 0.432292 0.101562 0.080729 0.0 0.0 0.13011008965305185 0.0 0.13605727096199918 0.0 0.20142853859033033 0.0 0.2056257367970247 0.0 0.29180963000951515 0.0 0.2598220694248896
0 0.298177 0.203125 0.153646 0.156250 0.008135027211300256 0.11443415731411191 0.03711834091372599 0.03528811495732733 0.10863946685999384 0.2967722981732847 0.20335949220136898 0.2645054293506547 0.29202506079910495 0.3332034690922296 0.3118537877390502 0.3330114444664368 0.3003341062090559
0 0.486328 0.457031 0.154948 0.138021 0.0 0.010509996989673417 0.05215732133918061 0.008543963724657586 0.04779653958784591 0.22451425002795336 0.36520667044887084 0.2820123542713865 0.37314850392518384 0.15831700663098852 0.1832637324827374 0.17768736746207436 0.17546290898615127
0 0.252604 0.367188 0.161458 0.169271 0.0 0.023627597493934532 0.15870034121793095 0.0 0.11833052041035251 0.4653721549666053 0.27675162331719333 0.0 0.3755627226377264 0.3398915144365153 0.3145086408673445 0.0 0.3113338383253102
0 0.387370 0.564453 0.225260 0.167969 0.0 0.007274899657215261 0.15222620866769393 0.0 0.08502953765504447 0.3325357837223716 0.2896842651270272 0.0 0.20493106531535737 0.1535319768784999 0.19012815132493235 0.0 0.21428033546430655
0 0.154297 0.701823 0.152344 0.161458 0.011691136728399625 0.0404211281551098 0.0 0.11894188241737091 0.05453245243723316 0.10106206663984538 0.0 0.13804116777889405 0.12389814790209121 0.19153851902201757 0.0 0.07574573162576302 0.31365762046293005
0 0.138672 0.166016 0.136719 0.173177 0.0 0.032149692552421345 0.13665063002890887 0.03764519616839847 0.022641106979291836 0.17233172858017948 0.21456790257560926 0.13119304592942146 0.18055839489566303 0.3316397842554408 0.29776912574903547 0.30182690157482167 0.2192973428233513
0 0.095052 0.329427 0.125000 0.148438 0.005389211219309479 0.04604236198927088 0.11438096341273127 0.005396108266636063 0.0 0.32740002038363314 0.38213426736729816 0.4583439785033767 0.0 0.3192325785185754 0.2810622822871026 0.3048897749247607 0.0
0 0.731120 0.396484 0.204427 0.220052 0.0 0.010212330521575474 0.08293022541936278 0.012467495962265233 0.06877416934272922 0.3218179582810006 0.32112363274561256 0.3176340465605134 0.3405084467949303 0.1967438785744526 0.18587314254824003 0.17073469023294605 0.19329595181717463
0 0.091797 0.867188 0.165365 0.166667 0.0 0.07157908188378366 0.05145211613607943 0.06149572334603065 0.08423262522420173 0.3391944497389169 0.34391959815911743 0.3186120211861302 0.3372611618789327 0.2383738815656803 0.30498851795855003 0.22795271174738102 0.3087606783919941
0 0.057943 0.133464 0.076823 0.175781 0.0 0.04032057953706194 0.1551018445515963 0.014092788346960055 0.16258535347229006 0.24576194364015494 0.2536115135275309 0.26211591463984746 0.25319467916463145 0.2876977132019735 0.2872726009623433 0.2964751336492864 0.29363772887769657
0 0.205729 0.975260 0.143229 0.046875 0.0 0.0 0.2011318043841347 0.0 0.21507979902895552 0.0 0.37437305004126836 0.0 0.18546891828307147 0.0 0.21329153977658405 0.0 0.20255776342350265
0 0.192708 0.567057 0.156250 0.149740 0.0 0.0 0.07473244343257414 0.0 0.12265221235751513 0.0 0.362018486672867 0.0 0.37134266205612665 0.0 0.30931282455857173 0.0 0.3123462241422876
0 0.355469 0.744141 0.140625 0.186198 0.0 0.006550968240086489 0.14997319910163262 0.035229399595334235 0.12087843462541316 0.3966446142359188 0.4286464503279957 0.39964544750500935 0.3327054652692784 0.21240132833679912 0.19367352893301523 0.4564153208227607 0.24004797930426372
0 0.394531 0.979167 0.161458 0.041667 0.0 0.0 0.09186570583418724 0.0 0.24657942878726852 0.0 0.18265862439362854 0.0 0.3170232005788236 0.0 0.1520378720629746 0.0 0.20549595902246046
0 0.797526 0.093750 0.141927 0.184896 0.0 0.2125991661651651 0.0 0.09419568101597893 0.0 0.2732445273377614 0.0 0.23022722954513644 0.0 0.24126843287356067 0.0 0.29409929029199305 0.0
0 0.911458 0.175130 0.177083 0.222656 0.0 0.039723329152623436 0.0 0.1390512551534437 0.007589596651655345 0.26006247409544025 0.0 0.2745706559828958 0.8074120474143094 0.1773087310732865 0.0 0.3077836615144994 0.6320979278407179
0 0.559896 0.294271 0.169271 0.197917 0.00593149341364279 0.13995776489652204 0.02789519365420006 0.14738871324438207 0.0 0.2945836753169115 0.2873240471296961 0.21387262356930026 0.0 0.2511854928509756 0.20395661648636731 0.2636055664037883 0.0
0 0.667318 0.067708 0.204427 0.132812 0.0 0.11319024070592489 0.021051306156450976 0.2829478376993947 0.012766435401181097 0.30362565895748694 0.21243551242243558 0.31559953238864036 0.21490487295586902 0.27455025988202586 0.2706527061487666 0.2813153770044617 0.25619660501344677
0 0.519531 0.049479 0.101562 0.096354 0.0 0.09974950637549902 0.0 0.2721643947832977 0.0 0.18263958357222596 0.0 0.21810326955531004 0.0 0.29648809077278915 0.0 0.27637593597869015 0.0
0 0.457031 0.242839 0.088542 0.131510 0.0 0.17067883381223697 0.0 0.102806340130957 0.0 0.21050660228488904 0.0 0.23849459563189232 0.0 0.3104264578120341 0.0 0.09329658571702769 0.0
0 0.239583 0.771484 0.091146 0.084635 0.0 0.0 0.0 0.2225031360067916 0.0 0.0 0.0 0.16756308883076093 0.0 0.0 0.0 0.1842484471787884 0.0
0 0.376953 0.026693 0.212240 0.050781 0.0 0.0 0.0 0.13820125352176002 0.0 0.0 0.0 0.44196635408805474 0.0 0.0 0.0 0.2777074434118886 0.0
0 0.214844 0.470703 0.130208 0.074219 0.0 0.0 0.17082437101958264 0.0 0.19798536792408816 0.0 0.30221738727793895 0.0 0.3072698311813188 0.0 0.3117391164519846 0.0 0.24086480349252845
0 0.020833 0.108724 0.039062 0.194010 0.023129321988578734 0.21975860166452343 0.0 0.04555098051847535 0.07875229428619313 0.2859492284624604 0.0 0.31287898051344754 0.24827215280005127 0.33946288212060155 0.0 0.020666327248872563 0.2872704747514291
0 0.399740 0.222656 0.104167 0.158854 0.10110865804899688 0.08015271113527331 0.0 0.02079561183372769 0.0 0.18920357480872924 0.0 0.18539558407947376 0.0 0.31046884290178733 0.0 0.3123065255624959 0.0
0 0.047526 0.523438 0.092448 0.098958 0.0 0.0 0.13483458737025952 0.0 0.1520577981657706 0.0 0.52276797408844 0.0 0.39554012179747544 0.0 0.31051133303043155 0.0 0.25582413203070886
0 0.231120 0.906250 0.149740 0.101562 0.0 0.2334499025730941 0.07615977205914556 0.10668639560263748 0.0 0.31552940722312534 0.3718040644636336 0.2447520891829998 0.0 0.1855347792365539 0.19141495612922135 0.17725721732634522 0.0
0 0.027995 0.630859 0.053385 0.110677 0.0 0.0 0.23004813945166663 0.08141005901127282 0.135988072669419 0.0 0.2764812683211863 0.2916029035815532 0.28038066228044395 0.0 0.32015963927924407 0.19615012769852644 0.23722719652256122
