0 0.068359 0.960938 0.134766 0.078125 0.04749049442273961 0.0 0.2009559598036986 0.0 0.18014240638397885 0.0 0.2775748495433377 0.0 0.2784633747297906 0.0 0.8757680557211197 0.0 0.8802774047925779
0 0.267090 0.803711 0.176758 0.128906 0.0 0.056271385363740115 0.111217430998203 0.06262880578167404 0.11069320501453242 0.36359907219349336 0.3216556132390796 0.369677533594617 0.3198941298136903 0.8789772665834044 0.8812965657179891 0.8764035669576298 0.8734226255830884
0 0.226562 0.730469 0.171875 0.132812 0.06469407394543138 0.010350564278130265 0.07321189986177623 0.0031941761664530397 0.13035392708087368 0.30025356879041937 0.2688286056723291 0.3897053606469865 0.3111665080761746 0.8830671379589544 0.8600606999494638 0.8451672246466166 0.9261169733234305
0 0.631348 0.032715 0.184570 0.063477 0.16629589689551902 0.0 0.0 0.0 0.0 0.0 0.0 0.0 0.0 0.0 0.0 0.0 0.0
0 0.324707 0.870605 0.159180 0.122070 0.0 0.05276778192857848 0.11533510830849875 0.020455386826277126 0.07163982160524719 0.3701049678037201 0.32370804202169595 0.3755314813678607 0.32122380121280364 0.8780381728102995 0.8860982093136889 0.8765856774282257 0.8639657389692197
0 0.953125 0.218262 0.093750 0.172852 0.34342576124472396 0.0 0.0 0.0 0.0 0.0 0.0 0.0 0.0 0.0 0.0 0.0 0.0
0 0.717285 0.104004 0.145508 0.141602 0.3184428655296898 0.0 0.01295205183440785 0.0 0.011058485251639813 0.0 0.2559032828502399 0.0 0.27880028484813024 0.0 0.8802088929374804 0.0 0.8668085998906625
0 0.812500 0.777344 0.232422 0.226562 0.29339361979408807 0.0 0.0013132214566251542 0.0 0.009111958004716652 0.0 0.2623159071592541 0.0 0.23681313193577988 0.0 0.9258531878314017 0.0 0.908075882693601
0 0.225586 0.061035 0.216797 0.120117 0.2531076493989213 0.0 0.10622689251120232 0.058913274543535774 0.026060511748625653 0.0 0.13780335421185774 0.29575444916070165 0.3199564998982368 0.0 0.9267386748760589 0.8792708758039771 0.8897429704273845
0 0.363281 0.934082 0.169922 0.129883 0.440692128564849 0.0 0.0 0.0 0.0 0.0 0.0 0.0 0.0 0.0 0.0 0.0 0.0
0 0.282227 0.115723 0.208984 0.137695 0.13354859168500322 0.0 0.10381270794174913 0.0922580451333403 0.04689624397970812 0.0 0.22668467313397983 0.30312530721966824 0.3178576554160985 0.0 0.9116875268129345 0.8824208254837977 0.8836373581307551
0 0.350586 0.191895 0.208984 0.137695 0.0 0.17396776764722618 0.07552896204152329 0.14480635236474498 0.0 0.28070794062377186 0.2868406074712246 0.2790447179451215 0.0 0.8889784662588628 0.8749941193971665 0.8720235284631068 0.0
0 0.412109 0.296387 0.208984 0.137695 0.4079344622714397 0.0 0.0015220051931643613 0.0 0.0 0.0 0.18910895959688784 0.0 0.0 0.0 0.5145036292260871 0.0 0.0
0 0.503418 0.422363 0.194336 0.151367 0.02405766768439345 0.08179566677088389 0.09058093307699741 0.07011949626671918 0.06627547258443993 0.3287844213945247 0.34785802524741644 0.3350251060111646 0.34209356411107367 0.8764120783896643 0.8788723629526279 0.8772149950843334 0.8857194365475088
0 0.614258 0.523438 0.216797 0.193359 0.13559504863073846 0.0 0.049014306524750466 0.0035857010692032384 0.012677342832991162 0.0 0.16951605215029797 0.41190305551394446 0.3572972337379368 0.0 0.8759599375796199 0.8056346968585091 0.8712920632664539
0 0.717773 0.645020 0.101562 0.063477 0.05342712436077119 0.0 0.1373110895784386 0.0 0.19778608050855848 0.0 0.3220220234520567 0.0 0.31440553458234755 0.0 0.8916050635676467 0.0 0.8938291072338094
0 0.164551 0.653320 0.184570 0.160156 0.13748883164798698 0.00535657818598269 0.08118929039179223 0.0018686761603479852 0.00128031880085828 0.14159545938733586 0.15860818564005508 0.49092696579012474 0.06969914162644862 0.9466065936700391 0.8329316515949908 0.1789104266694513 0.21501709094347696
0 0.089355 0.521973 0.176758 0.188477 0.0022478923584981552 0.09782232066229363 0.0463249127006425 0.10503773986840276 0.0 0.29538643108434337 0.2775170382234355 0.31272764567320005 0.0 0.8329142680495727 0.8907745333251984 0.8647753098933575 0.0
0 0.049316 0.355957 0.096680 0.133789 0.0 0.07075708519793425 0.08787815131685915 0.11142685090409694 0.0 0.15989148927157854 0.15593000880462116 0.14498109304494827 0.0 0.8847256869176496 0.8983268045118379 0.8735595241709563 0.0
0 0.025391 0.215332 0.048828 0.114258 0.0 0.0 0.1699112580758957 0.11837290325132828 0.0 0.0 0.30869041116197327 0.30517448261885166 0.0 0.0 0.8760503322613181 0.8759695184741001 0.0
0 0.039551 0.858398 0.077148 0.115234 0.021450323537133723 0.0 0.267395295500564 0.0 0.037658962813304546 0.0 0.3391734576272975 0.0 0.33620698454076203 0.0 0.8846603169470547 0.0 0.8919072437833494
0 0.828613 0.257324 0.184570 0.213867 0.030683709139329444 0.003930240734725467 0.1041417336939112 0.009367249331893415 0.14618683613154587 0.0896356824972339 0.24634565270052822 0.35647422137406537 0.2499062438795099 0.42498132809761713 0.8435639318756799 0.879649244943949 0.8791203707471779
0 0.944336 0.388184 0.111328 0.131836 0.33338004224475876 0.0 0.0 0.0 0.005078014204187381 0.0 0.0 0.0 0.09141808620695113 0.0 0.0 0.0 0.3905693450668126
0 0.886719 0.946777 0.226562 0.104492 0.2839563590567059 0.0 0.0 0.0 0.0 0.0 0.0 0.0 0.0 0.0 0.0 0.0 0.0
