0 0.603516 0.397786 0.225260 0.141927 0.2908624292084683 0.0 0.003207994928651141 0.0 0.0 0.0 0.20476324861520737 0.0 0.0 0.0 0.2791080015287346 0.0 0.0
0 0.746094 0.082682 0.161458 0.162760 0.2464319224655367 0.0 0.019065080571742013 0.0 0.027049371235035362 0.0 0.22122398780339453 0.0 0.252313774729862 0.0 0.22100998110686934 0.0 0.26105780957408864
0 0.502604 0.888672 0.252604 0.220052 0.21683407884167855 0.0 0.0 0.0 0.0 0.0 0.0 0.0 0.0 0.0 0.0 0.0 0.0
0 0.630859 0.061849 0.126302 0.121094 0.17294863190313603 0.0 0.0 0.0 0.0 0.0 0.0 0.0 0.0 0.0 0.0 0.0 0.0
0 0.852865 0.102214 0.153646 0.199219 0.24812042779557617 0.0 0.0 0.0 0.0 0.0 0.0 0.0 0.0 0.0 0.0 0.0 0.0
0 0.425130 0.026693 0.144531 0.050781 0.20542805623994076 0.0 0.0 0.0 0.0 0.0 0.0 0.0 0.0 0.0 0.0 0.0 0.0
0 0.944010 0.122396 0.111979 0.242188 0.2935743180023274 0.0 0.0 0.0 0.0 0.0 0.0 0.0 0.0 0.0 0.0 0.0 0.0
0 0.533203 0.042969 0.162760 0.083333 0.14019945357009933 0.0 0.0 0.0 0.0 0.0 0.0 0.0 0.0 0.0 0.0 0.0 0.0
0 0.794922 0.878255 0.261719 0.240885 0.3544526216970562 0.0 0.0 0.0 0.0 0.0 0.0 0.0 0.0 0.0 0.0 0.0 0.0
0 0.044922 0.242188 0.087240 0.203125 0.2420698418474437 0.0 0.0 0.0 0.0 0.0 0.0 0.0 0.0 0.0 0.0 0.0 0.0
0 0.119141 0.686849 0.235677 0.261719 0.22961483408935918 0.0 0.0 0.0 0.0 0.0 0.0 0.0 0.0 0.0 0.0 0.0 0.0
0 0.962240 0.549479 0.075521 0.104167 0.25909921072558284 0.0 0.0 0.0 0.0 0.0 0.0 0.0 0.0 0.0 0.0 0.0 0.0
0 0.983073 0.204427 0.033854 0.187500 0.3395010243398692 0.0 0.0 0.0 0.0 0.0 0.0 0.0 0.0 0.0 0.0 0.0 0.0
0 0.823568 0.490234 0.225260 0.141927 0.22838485067478223 0.0 0.0 0.0 0.0 0.0 0.0 0.0 0.0 0.0 0.0 0.0 0.0
