0 0.529297 0.679199 0.121094 0.124023 0.06457568946996463 0.026161717370206197 0.06456907399512586 0.02601113086895962 0.07900679031300908 0.3593693183455995 0.3724064789541152 0.37723027486127014 0.3642254591686294 0.7879018359354384 0.7970025798310004 0.8007572587722027 0.789873779848197
0 0.244141 0.604004 0.101562 0.077148 0.0 0.04660253677151922 0.09919760704189427 0.06225925593756938 0.06253255400642391 0.27230876578045143 0.22980740074853825 0.2591495542084119 0.26267098980531345 0.46278179580320017 0.4651610473409471 0.4637222571968405 0.4626188856735354
0 0.222656 0.739746 0.105469 0.100586 0.0 0.06034922764406848 0.07809252745320377 0.06962235452578487 0.07985639330391714 0.29894859279243835 0.29016946473535965 0.27510996109155506 0.26818342955946006 0.2956930567533997 0.2754386016792495 0.31351938391589645 0.3009651558192862
0 0.190918 0.138672 0.098633 0.093750 0.0 0.1297434162454228 0.0 0.12243706908507873 0.08686859719983399 0.300362799623846 0.0 0.3019717362188287 0.3040521928764731 0.3289145656394063 0.0 0.3231927087346346 0.32671845997581006
0 0.080566 0.731445 0.096680 0.099609 0.0 0.032686487922793835 0.10269188108792368 0.037861760585607154 0.1032574630253906 0.3159774358465315 0.3233064507296674 0.3211555968838923 0.3204272460726235 0.27126230489316266 0.26441514523192367 0.2723456690224377 0.2615027513066574
0 0.449219 0.174316 0.087891 0.071289 0.0 0.11321385561008608 0.0653419499943313 0.14478864956448062 0.0 0.30231798618146377 0.29290530075396437 0.2999932350592514 0.0 0.4318010443109025 0.43510485013270633 0.44023627228079804 0.0
0 0.491211 0.440918 0.103516 0.106445 0.08884865808305127 0.04057655966599509 0.09196239079802321 0.041617234942140896 0.07599259504002984 0.2700250603297864 0.2969285185533368 0.24891992123131637 0.267736172253589 0.3760512948124705 0.40024152978177135 0.41094219805853904 0.4022119337440346
0 0.109375 0.561523 0.091797 0.125000 0.049772540639745066 0.036904067630229374 0.08645857597421683 0.04031291470515977 0.0 0.3165899710217792 0.3255919728231876 0.3171503637123863 0.0 0.4985760851675691 0.48624543738302906 0.48972759533373783 0.0
0 0.675781 0.333008 0.101562 0.091797 0.0 0.027320818284445103 0.06807521958727497 0.07595805998617983 0.07767958351149881 0.25979820614407806 0.23920154028977195 0.23890180281118767 0.2351996264754203 0.7678247225431581 0.7190702162648934 0.7401424414189617 0.721801001116557
0 0.032715 0.226074 0.063477 0.100586 0.0 0.04705520736094126 0.24328401397960658 0.09843926838539346 0.031943616652341494 0.29775347373965205 0.19904782831344373 0.2746287740152827 0.3194547237843332 0.4945877100382263 0.4687459556424206 0.4935285352360809 0.4849358457676348
0 0.777344 0.617676 0.113281 0.159180 0.0 0.039085665118331295 0.12193660590691194 0.04615899793479238 0.11226592745154432 0.33889058461644933 0.33441178717404996 0.2972200106343533 0.3229854491170679 0.6885542300549071 0.6894596007201003 0.6898207191449299 0.7095413447259905
0 0.957520 0.541504 0.084961 0.125977 0.0 0.0 0.1309367669359378 0.039920679028517925 0.14793279151628524 0.0 0.3061734081910783 0.29301338471875915 0.29675886558274245 0.0 0.6937356027044913 0.69503807297893 0.6871363510825884
0 0.604004 0.784668 0.094727 0.081055 0.0 0.053941855045906324 0.058891486354509595 0.12418172881643844 0.0 0.28915641822730564 0.2700554244387953 0.2729625193984081 0.0 0.9840191825217564 0.7647059097549737 0.4864473614162004 0.0
0 0.145996 0.901367 0.106445 0.125000 0.0 0.045775239808553754 0.08484576105916528 0.09346971392624787 0.08530481882232684 0.2965615872366724 0.27653338679491135 0.2901761406270433 0.27793321689376843 0.13922174828992165 0.13864905381521242 0.14422884063983632 0.14348482332989648
0 0.371582 0.727051 0.108398 0.106445 0.0 0.03981847598708901 0.07320736796791702 0.057049654311067524 0.11628162207237776 0.2881330777411679 0.28852243684956697 0.2196879287219905 0.18052476295913752 0.6714108346931291 0.6791425240878053 0.6599813681539318 0.6301557256047295
0 0.822754 0.742188 0.086914 0.087891 0.0 0.09075933951465975 0.09230603382819022 0.08038824366043512 0.08455025107217841 0.24966380724161863 0.2513630146317323 0.25170756109690395 0.25964642322263054 0.6841591551059856 0.6698998172392056 0.6644331336729642 0.6538628568678992
0 0.882812 0.198242 0.125000 0.107422 0.0 0.09602406840355618 0.026495530914714117 0.09761169122657842 0.027412119695949144 0.2945831378868146 0.31313835307971716 0.296129791132238 0.29313706802544226 0.9170034913333329 0.9158789487499459 0.9415858811952471 0.9043284740259531
0 0.124023 0.288574 0.093750 0.098633 0.0 0.03464459005865562 0.08785408421487469 0.0 0.08002769169101134 0.3685240738871431 0.3694243473944148 0.0 0.3705299651459705 0.38677674086614156 0.37832289303914307 0.0 0.3691630768620478
0 0.035156 0.364746 0.068359 0.071289 0.0 0.11349926712015843 0.049182769850134415 0.16059933604492613 0.09185445581496672 0.3136832026396131 0.20783524066386505 0.31884651769937444 0.3238562862714476 0.2764792399691492 0.2439174819142478 0.27678627856582616 0.2948950908129051
0 0.255371 0.344727 0.092773 0.101562 0.0 0.04194637026243138 0.07721913256815467 0.06728094147126198 0.10206132293038012 0.293261709448706 0.2527605125424574 0.24323782808664707 0.226401510936202 0.40752905640337284 0.41102279365915895 0.41534228181285215 0.4068218560878487
0 0.822754 0.847168 0.133789 0.071289 0.11339770540737375 0.04830811999469834 0.04979683490825485 0.05169767880639521 0.05440287683348045 0.24989920118003894 0.2527279313918403 0.2545562399003117 0.2520307031663817 0.6390275418002647 0.6244369112996174 0.6591740397940359 0.6675619396132213
0 0.538574 0.289062 0.092773 0.074219 0.0 0.08150116878001747 0.11298646899788999 0.0 0.16730842628761938 0.2899091433121739 0.28166371517731736 0.0 0.28046778750336737 0.2069843053060619 0.20149906639257564 0.0 0.2134622363244189
0 0.703613 0.858887 0.092773 0.081055 0.0 0.07840368916623258 0.10569089791767361 0.09507404500146559 0.04486733582251985 0.2960523959494763 0.2817091510263116 0.2884931866703504 0.31977723771967836 0.1915223209501456 0.20581969416615853 0.20349809519302636 0.19919154263655736
0 0.370117 0.846680 0.093750 0.091797 0.0 0.050850762883146085 0.06096668988860349 0.0414932350457883 0.14602741343807427 0.26875827984845124 0.2813668418575782 0.2742663242927484 0.17027412787950447 0.4048623987694184 0.39639835309053395 0.4167872462772638 0.5558482488306231
0 0.643555 0.266602 0.097656 0.066406 0.0 0.0 0.038989399715249604 0.08955898774869524 0.08101055477990994 0.0 0.25074733665298327 0.26265783615093646 0.25959705420808415 0.0 0.7373463415822752 0.7442863171884084 0.7531247818198419
0 0.330078 0.949219 0.117188 0.101562 0.0 0.06501027958209867 0.0902680419979734 0.06941318312423529 0.06394936874940775 0.28838816756988755 0.29302397751867937 0.30177910571747346 0.29549579760902756 0.2593119782483359 0.25159472837782776 0.2599071356339367 0.2602341575048137
0 0.065918 0.077637 0.129883 0.104492 0.0 0.08461768524313185 0.04674702357505348 0.10865752621130985 0.04277534033424305 0.3029234166644775 0.29438042807325077 0.2956649136407933 0.3028297981201352 0.23060507262172633 0.22524056120609487 0.24067002900330864 0.2257467110016405
0 0.735352 0.456055 0.097656 0.140625 0.0 0.0226747463486036 0.11221648710367745 0.03088302998258835 0.1041487883058204 0.3057168717398233 0.32529312627281715 0.3053107799828473 0.33566523598208986 0.7197046738025844 0.7245658623620765 0.7287184187951797 0.7172650744214226
0 0.918457 0.403809 0.077148 0.065430 0.27798722311986257 0.0 0.0 0.0 0.0 0.0 0.0 0.0 0.0 0.0 0.0 0.0 0.0
0 0.374512 0.170898 0.063477 0.076172 0.048252698693676065 0.07812418260857011 0.0 0.11303756551599782 0.07212799893309137 0.30356303615431984 0.0 0.30771861074664414 0.28725239578596673 0.4489574929230945 0.0 0.4313401785598286 0.4354002782670714
0 0.491211 0.534180 0.097656 0.060547 0.0 0.08588176197488401 0.18552511829566062 0.02078602165946464 0.15604164702117754 0.2485322301205371 0.24319628375231833 0.27524491664436385 0.2755129427783733 0.5151827035515749 0.6122994680904711 0.686155260181347 0.598738525024468
0 0.524414 0.349121 0.099609 0.069336 0.0 0.0 0.08914328995830954 0.11847662491731546 0.044797406683648976 0.0 0.2680736304874673 0.25462388650819323 0.27297759428552454 0.0 0.2081435692809028 0.20151304045283908 0.20513016444691093
0 0.498535 0.590332 0.106445 0.061523 0.0 0.0 0.07821249330630915 0.08784673310105298 0.10743329753535479 0.0 0.274600781030608 0.34621797579938 0.2725100330835098 0.0 0.6076853031777303 0.6124916699827591 0.6275552449147335
0 0.912109 0.336426 0.101562 0.065430 0.0 0.1021483552293586 0.08198994297122959 0.04369281376023676 0.09608159667250468 0.3148008237185598 0.3213802981509091 0.31484215836688406 0.3147442903279657 0.7091863342627462 0.7249332873283794 0.7220334849815161 0.7311740716472366
0 0.391113 0.314453 0.075195 0.085938 0.0 0.06730907103257837 0.11285714612893538 0.05978708042488087 0.10016280264841146 0.26639315227650173 0.28585675751673856 0.299626847143686 0.29572389321561643 0.29753553822750595 0.29038912141688167 0.28298566182049284 0.2741929392205779
0 0.637207 0.205566 0.084961 0.063477 0.10931370433028795 0.1125111576278098 0.11579538844047776 0.0 0.06338238947692798 0.2434548154452124 0.24573765494002542 0.0 0.2548072252858169 0.7588475772440381 0.7553039334386142 0.0 0.7247348728617116
0 0.044922 0.976074 0.087891 0.047852 0.0 0.16342198584034986 0.0847134734943912 0.0 0.0 0.29381103626117133 0.2528540140635541 0.0 0.0 0.966365572028978 0.988372110143261 0.0 0.0
0 0.308594 0.481445 0.099609 0.068359 0.0 0.09360778654366446 0.032723146370280065 0.12137666749702022 0.015776009079167957 0.30185241509223737 0.2985782487212553 0.3111739579938051 0.299099662466444 0.27486727873709527 0.29308818450389884 0.2891622777779263 0.30310027295383196
0 0.981934 0.683594 0.036133 0.123047 0.0 0.07973654687481636 0.012014140870276855 0.0 0.2146727325149823 0.29164211672675544 0.2954707920663517 0.0 0.3036189291332224 0.6661997039203724 0.7029440827162503 0.0 0.6640867393635189
0 0.986328 0.249023 0.027344 0.087891 0.0 0.0 0.0 0.15920072193194282 0.19578782343557266 0.0 0.0 0.2663787709813096 0.25779388957466026 0.0 0.0 0.11528918771654288 0.1211265785368135
0 0.023438 0.852051 0.044922 0.120117 0.0 0.05037416772143501 0.05671108558714656 0.0 0.0 0.33119743534054924 0.31524069845603137 0.0 0.0 0.1092183815098288 0.018373005226089846 0.0 0.0
0 0.263184 0.154297 0.063477 0.083984 0.0 0.13227945179167802 0.09823321143500795 0.13979683663469147 0.0 0.297529683786668 0.2907030872108681 0.16680052633082892 0.0 0.3224666393899418 0.3254664685913718 0.32704584611841103 0.0
0 0.098145 0.389160 0.069336 0.071289 0.0 0.1465104882817582 0.12266662289524226 0.11047918647271701 0.0 0.3248737919451618 0.33911002592945905 0.32398068411662695 0.0 0.2925513215171754 0.28264829727577684 0.28160998583066177 0.0
