0 0.250000 0.943359 0.107422 0.111328 0.0 0.244752061918479 0.0 0.21685200612059696 0.0 0.2554488944883429 0.0 0.2621036829421982 0.0 0.4296480927935237 0.0 0.4256944200828867 0.0
0 0.138672 0.938965 0.115234 0.122070 0.0 0.20147242279480868 0.0 0.20178230408165765 0.0 0.3319626445164383 0.0 0.3376210446486509 0.0 0.42210748805883896 0.0 0.4208373966730998 0.0
0 0.338867 0.493164 0.080078 0.123047 0.0 0.047351555431669495 0.16547840014987786 0.0 0.14642146975850742 0.17400253880085195 0.1929463559890186 0.0 0.1932262427873723 0.4374282853860944 0.39279362589232136 0.0 0.3975159510166785
0 0.164062 0.470215 0.099609 0.118164 0.0435150878376875 0.17440027431586713 0.0 0.12235782291157159 0.0 0.26384193821010743 0.0 0.22319117290192564 0.0 0.411032416159839 0.0 0.5092834466370733 0.0
0 0.113770 0.694336 0.088867 0.119141 0.0 0.20009328501237805 0.0 0.2160969622138332 0.0 0.30727898763991085 0.0 0.293111354557613 0.0 0.4211363110498539 0.0 0.4257284951377465 0.0
0 0.194336 0.699219 0.080078 0.123047 0.04548752972446968 0.1558030775463618 0.0 0.16332887520872783 0.0 0.20546498159144078 0.0 0.2110887942417594 0.0 0.4235393341668227 0.0 0.4180943168114324 0.0
0 0.653809 0.760742 0.133789 0.125000 0.0 0.1677386036418988 0.0 0.14078423117650116 0.0 0.23736350683770932 0.0 0.17182568099158185 0.0 0.42241401177059085 0.0 0.4166910923919482 0.0
0 0.545898 0.510254 0.080078 0.108398 0.0 0.14936570372405927 0.0 0.15955513860309542 0.0 0.23643185265980102 0.0 0.23767154333814916 0.0 0.43394025955895044 0.0 0.42212708817038 0.0
0 0.615234 0.337891 0.113281 0.105469 0.0 0.15918738448307418 0.0 0.14664228820525954 0.0 0.19437403283646615 0.0 0.29383618347033374 0.0 0.3297519228270972 0.0 0.3560961982391475 0.0
0 0.625000 0.515625 0.082031 0.099609 0.0 0.14162048529803292 0.0 0.14313103258965154 0.0 0.23836047884168005 0.0 0.25382564992333045 0.0 0.43075306561925025 0.0 0.4219258252628366 0.0
0 0.538574 0.100586 0.090820 0.083984 0.0 0.0 0.15602284309982697 0.07416287944305172 0.1815334090232805 0.0 0.3404344881971723 0.30416395006164637 0.3250471444933782 0.0 0.40709207671006 0.43464606600910544 0.3817779809131167
0 0.781250 0.374512 0.126953 0.106445 0.0 0.24226607411721723 0.0 0.2426166851929217 0.0 0.2952992694485696 0.0 0.307839995406627 0.0 0.4167692398765292 0.0 0.4226550617932219 0.0
0 0.286621 0.713379 0.116211 0.124023 0.34693445284656094 0.0 0.0 0.0 0.0 0.0 0.0 0.0 0.0 0.0 0.0 0.0 0.0
0 0.704590 0.521484 0.086914 0.091797 0.0 0.100212379061792 0.04486910049245793 0.0743185972449513 0.040568461512629585 0.26370301533313373 0.2201784961929131 0.1328017538491829 0.1223515078956376 0.42686559077204844 0.3639155386496384 0.39182712823319366 0.3405954312035157
0 0.035156 0.686523 0.068359 0.126953 0.0 0.19623232157306245 0.0 0.24384585851581503 0.0 0.2659558770767665 0.0 0.2663432815426232 0.0 0.43060530586020557 0.0 0.4186004338289302 0.0
0 0.516113 0.273926 0.110352 0.094727 0.0 0.0 0.14185449663664448 0.0 0.1526755403928204 0.0 0.14412028943176428 0.0 0.17280298084729298 0.0 0.392737661708439 0.0 0.4076961047863004
0 0.675781 0.976074 0.152344 0.047852 0.0 0.41033839918044934 0.0 0.0 0.0 0.2073218035242569 0.0 0.0 0.0 0.43305998270062407 0.0 0.0 0.0
0 0.076660 0.455566 0.073242 0.108398 0.0 0.1499146043303146 0.0 0.2382010781253319 0.0 0.24110710879730518 0.0 0.21934956375569342 0.0 0.4148363722324063 0.0 0.44858595392916567 0.0
0 0.361816 0.328613 0.081055 0.098633 0.11554467066614045 0.0 0.12235701173530426 0.07730531682231258 0.0 0.0 0.3047220039091005 0.3320011109905016 0.0 0.0 0.3753769755318735 0.4354926300112336 0.0
0 0.532227 0.188965 0.103516 0.088867 0.0 0.0 0.20164247275011685 0.0 0.19651281662826847 0.0 0.3410024662634202 0.0 0.33393976420962673 0.0 0.3552784798529419 0.0 0.40778126999326314
0 0.035156 0.929199 0.068359 0.133789 0.0 0.1719159435698837 0.0 0.17397572704112801 0.0 0.33210628281635524 0.0 0.34731519682130835 0.0 0.42762825407396937 0.0 0.41150758593983533 0.0
0 0.373047 0.186035 0.107422 0.094727 0.0 0.0 0.15248008105124441 0.0 0.1510275913064838 0.0 0.25199364827573345 0.0 0.28313796067278096 0.0 0.40007119473614094 0.0 0.40007090344550356
0 0.504883 0.358887 0.109375 0.075195 0.0 0.059734607799258356 0.012526041832460663 0.1557715823957367 0.06672284779522916 0.32546409795924214 0.1938721789049176 0.3179568089511005 0.30261683866968336 0.5802805405681872 0.4328056045010423 0.5079859494381496 0.3839435267890642
0 0.878906 0.657715 0.123047 0.092773 0.0 0.0 0.1141996691836979 0.0 0.16651061342758502 0.0 0.24448090326726152 0.0 0.21303677554685227 0.0 0.18513161846600623 0.0 0.1808477794736449
0 0.349121 0.950684 0.098633 0.098633 0.0 0.1439505795139064 0.0 0.11308591122429416 0.0 0.2989987377334294 0.0 0.10430598257135125 0.0 0.4313405490213147 0.0 0.4184558614914983 0.0
0 0.697266 0.050781 0.048828 0.099609 0.0 0.15829048018473002 0.0 0.1711906625519765 0.0 0.2351218059456112 0.0 0.23649467793468315 0.0 0.44756170582070703 0.0 0.43661293281709657 0.0
0 0.257324 0.481934 0.088867 0.110352 0.0 0.19114424674308336 0.0 0.18614915079638372 0.0 0.20213321347378066 0.0 0.25208570257699686 0.0 0.4157881970387431 0.0 0.41875191224652264 0.0
0 0.384277 0.107422 0.102539 0.062500 0.0 0.0 0.15315482686619145 0.0 0.21839080390084184 0.0 0.25864765544177165 0.0 0.2244619512035664 0.0 0.3855738313484027 0.0 0.39272647058868415
0 0.370117 0.952148 0.138672 0.095703 0.0 0.23552422511917626 0.0 0.15956947612652572 0.0 0.2988401890766715 0.0 0.1414155908849182 0.0 0.45807968506282754 0.0 0.45711374561088985 0.0
0 0.903320 0.561035 0.162109 0.127930 0.0462505644615117 0.14870636882623364 0.11595706119978244 0.012629834245314936 0.03882084223680008 0.24587681278015233 0.23208448035706677 0.2813752697149974 0.22722647497211398 0.4200786942023727 0.185471780859421 0.4424950917303123 0.16106269461387795
0 0.756836 0.057617 0.066406 0.109375 0.0 0.10438650962560556 0.0 0.11611007948599628 0.08240396330792436 0.351966500492117 0.0 0.2770074711812703 0.34075371014453204 0.4370171838890506 0.0 0.4422132806680813 0.4181353814290579
0 0.869629 0.389648 0.053711 0.095703 0.0 0.15106949910977935 0.0 0.1607217170092614 0.0 0.15656421465941728 0.0 0.21818404565736033 0.0 0.4003748127027385 0.0 0.4910866892910142 0.0
0 0.788086 0.521973 0.080078 0.065430 0.05988415504792883 0.16587266693462216 0.0 0.0 0.0 0.2634996488038037 0.0 0.0 0.0 0.42635032568026 0.0 0.0 0.0
0 0.851074 0.719238 0.092773 0.075195 0.0 0.0 0.0 0.2105860651173911 0.10200507371933541 0.0 0.0 0.17370328656804473 0.1781672650198127 0.0 0.0 0.9864335987382851 0.031699974207707426
0 0.458984 0.539062 0.087891 0.072266 0.06116011169645012 0.0 0.10422830140762072 0.0 0.23690342921695962 0.0 0.3501647726153759 0.0 0.3246555834009709 0.0 0.40578151519031597 0.0 0.4021201056451935
0 0.020508 0.442871 0.039062 0.090820 0.0 0.19260451437989612 0.0 0.15941609452888378 0.0 0.22341825741885274 0.0 0.23122108977271022 0.0 0.42093960160175753 0.0 0.41509897529641837 0.0
0 0.561523 0.030762 0.103516 0.059570 0.0 0.11484995301190468 0.02607861185655593 0.11516675158563772 0.11771844456597201 0.36457972728545174 0.3166896317726893 0.37340511390355124 0.29297869935369986 0.42895437324682273 0.42613439272714876 0.42629914006730085 0.3982133892219278
0 0.414062 0.038574 0.070312 0.075195 0.0 0.04352018114755078 0.08798662320384947 0.2771922889132913 0.0 0.20523254072310707 0.2982798352575056 0.17851805029739332 0.0 0.4658751125873083 0.374804586706679 0.44274325527015573 0.0
0 0.691406 0.370117 0.042969 0.087891 0.0 0.22395910302244465 0.0 0.17586442813508332 0.0 0.2322994767626853 0.0 0.25100468512974056 0.0 0.33536393381769536 0.0 0.3700891670308958 0.0
0 0.371094 0.257324 0.095703 0.049805 0.0 0.0 0.11505998551462246 0.03227707637513837 0.07488434302319046 0.0 0.2810291787231137 0.4316356633865121 0.2910127417624377 0.0 0.41004942529781563 0.43970245505166633 0.3821217671013408
0 0.325195 0.598633 0.095703 0.097656 0.0 0.0 0.10795882481710661 0.0 0.10702423312851705 0.0 0.22426869586015602 0.0 0.21448905230382206 0.0 0.39462710479764695 0.0 0.4093472046969746
0 0.143066 0.298828 0.098633 0.105469 0.0 0.22238102094307882 0.0 0.19253351299311322 0.0 0.2937845342338278 0.0 0.260497030047614 0.0 0.416286800848154 0.0 0.43103198524627956 0.0
0 0.516113 0.964844 0.161133 0.070312 0.3261933657671311 0.005176705635849595 0.0 0.0 0.0 0.10861329269732894 0.0 0.0 0.0 0.4219859865826035 0.0 0.0 0.0
0 0.797852 0.980957 0.087891 0.038086 0.24767621759036443 0.0 0.0 0.0 0.0 0.0 0.0 0.0 0.0 0.0 0.0 0.0 0.0
0 0.469238 0.479004 0.077148 0.059570 0.0 0.16235965788453094 0.012546850858376016 0.0 0.06805965766062558 0.31020496519103435 0.49779601336560947 0.0 0.32805265335130784 0.5050802594195634 0.6883280470748538 0.0 0.3641405424546163
0 0.911133 0.312988 0.078125 0.081055 0.0 0.0 0.0 0.26081430204870043 0.0 0.0 0.0 0.19938878640645313 0.0 0.0 0.0 0.8788641146988557 0.0
0 0.259277 0.146973 0.065430 0.063477 0.0 0.0 0.18739654653308885 0.0 0.0 0.0 0.25258175794610904 0.0 0.0 0.0 0.42774061131740254 0.0 0.0
0 0.881836 0.985840 0.083984 0.028320 0.0 0.39478638525498116 0.0 0.0 0.0 0.23397918793423517 0.0 0.0 0.0 0.42768980166749027 0.0 0.0 0.0
0 0.267578 0.078125 0.068359 0.072266 0.0 0.0 0.17378565482419395 0.0 0.045915850503514634 0.0 0.2626605804897978 0.0 0.2972399904065733 0.0 0.42124953629649375 0.0 0.43507106314907684
0 0.935059 0.416504 0.063477 0.065430 0.0 0.0 0.0 0.3089069101884628 0.0 0.0 0.0 0.2191893340510195 0.0 0.0 0.0 0.34360524258174985 0.0
0 0.255371 0.327148 0.131836 0.087891 0.0 0.22153115105015792 0.0 0.2071004790981525 0.0 0.3212249110771894 0.0 0.323054092356976 0.0 0.4335035069070236 0.0 0.4324642759152312 0.0
0 0.972656 0.272461 0.054688 0.074219 0.0 0.0 0.0 0.29790737354619357 0.0 0.0 0.0 0.1897155019683068 0.0 0.0 0.0 0.16441676525068438 0.0
0 0.439941 0.609863 0.065430 0.055664 0.0 0.0 0.0 0.0 0.3436238819347147 0.0 0.0 0.0 0.23131314071556952 0.0 0.0 0.0 0.419648799567151
0 0.354980 0.026367 0.045898 0.050781 0.0 0.05693202740076788 0.0 0.25438792218452205 0.0 0.23770192107126778 0.0 0.18488291101679216 0.0 0.5895422900265868 0.0 0.4106303619774331 0.0
0 0.289062 0.019043 0.080078 0.036133 0.0 0.0 0.0 0.44001210568188637 0.0 0.0 0.0 0.2523023428202494 0.0 0.0 0.0 0.43705530140234145 0.0
0 0.207031 0.019531 0.082031 0.037109 0.0 0.0 0.0 0.518616228513962 0.0 0.0 0.0 0.2960317161474001 0.0 0.0 0.0 0.43657665692350506 0.0
0 0.056152 0.137695 0.110352 0.119141 0.39297798593939903 0.0 0.005518790050993613 0.0 0.0 0.0 0.15954468349903833 0.0 0.0 0.0 0.47091260303315796 0.0 0.0
0 0.912109 0.045898 0.158203 0.089844 0.16155039649805641 0.07511280391848635 0.0 0.05644921144792678 0.028152348793552502 0.26343435243689767 0.0 0.25310698690998484 0.2765024600328876 0.7800249582206165 0.0 0.778784462774816 0.4358704988459313
0 0.965332 0.989746 0.069336 0.020508 0.0 0.5538012770391624 0.0 0.0 0.0 0.14437108334638638 0.0 0.0 0.0 0.42034514747099394 0.0 0.0 0.0
0 0.131836 0.016113 0.072266 0.030273 0.03885878429696872 0.0 0.0 0.16559397426624245 0.0 0.0 0.0 0.2592486517306124 0.0 0.0 0.0 0.40457724010854557 0.0
0 0.481445 0.724609 0.185547 0.150391 0.1453539286909572 0.06520351912942025 0.014577935958956508 0.08167604391809313 0.02422862627939236 0.2832033974119884 0.1673635752015245 0.2356538868575277 0.1660006964779104 0.4298053771566106 0.4620140165319863 0.41465794416348406 0.3809108424952945
0 0.052734 0.252930 0.101562 0.087891 0.0 0.18494193403433362 0.0 0.08971343461282784 0.0 0.2638418818370131 0.0 0.1149659608659413 0.0 0.4275153902186245 0.0 0.4147557203451299 0.0
0 0.988281 0.361816 0.023438 0.088867 0.0 0.0 0.0 0.03927334224903298 0.05678224479619303 0.0 0.0 0.37937161735859803 0.34821019727448177 0.0 0.0 0.17491279283923342 0.1672672384559178
0 0.810547 0.058594 0.044922 0.103516 0.026359491394870052 0.04349523503169869 0.011782012042386011 0.1392109806802988 0.0 0.22158532347632529 0.17132374687635005 0.1912977722697395 0.0 0.47420984064949323 0.4596310633729685 0.4409415196390571 0.0
0 0.644043 0.039551 0.059570 0.077148 0.07652668633504284 0.17256814633014775 0.0 0.12057114291313312 0.0 0.3082568736249059 0.0 0.19615013290708955 0.0 0.4577168310786819 0.0 0.4273635665340565 0.0
0 0.040039 0.018066 0.078125 0.034180 0.0 0.0 0.0 0.2900709998425763 0.0 0.0 0.0 0.247062953413328 0.0 0.0 0.0 0.4353896459367478 0.0
0 0.984375 0.723633 0.031250 0.132812 0.0 0.0 0.0 0.08465590392811953 0.244422044048337 0.0 0.0 0.3270896534051028 0.3112902910390162 0.0 0.0 0.08767670606794127 0.2749896704900542
0 0.775391 0.758301 0.105469 0.125977 0.11497905870646535 0.05742030588152772 0.06820980359087364 0.013577144464247716 0.0 0.20679149361353355 0.24717457630890813 0.3342494095011954 0.0 0.859604867726734 0.007497638659559524 0.42178899669763914 0.0
0 0.136230 0.203125 0.051758 0.076172 0.0 0.0 0.173296234015966 0.0 0.2028444180583213 0.0 0.29676208279355826 0.0 0.3134918494778644 0.0 0.42450397914039717 0.0 0.43032119781826833
0 0.144043 0.129883 0.051758 0.076172 0.0 0.0 0.16110383934521535 0.0 0.20947036490702944 0.0 0.2836424987227188 0.0 0.3055347221151993 0.0 0.4149238277444902 0.0 0.42852516163051807
0 0.249512 0.212402 0.065430 0.063477 0.0 0.0 0.14270799939581874 0.0 0.11677044420131365 0.0 0.2427246884920585 0.0 0.23878674838718722 0.0 0.41503634562469266 0.0 0.41825771770619186
