0 0.373047 0.429199 0.160156 0.124023 0.029130880981424093 0.03229870880607263 0.08681476323969167 0.026363315989028756 0.08365447531293158 0.3590681186850669 0.313493596202755 0.37409626888879277 0.3667969594328707 0.7965113652752301 0.794228294469145 0.8128143209137235 0.7885428036519339
0 0.301432 0.197266 0.097656 0.091797 0.0 0.028635273978195524 0.1291362239629127 0.04588913202260923 0.10682262473881823 0.26814770077335065 0.2979046837082118 0.2607595623617228 0.26760853431082565 0.35395980685197215 0.4000863042465085 0.41349790306397644 0.400899930295466
0 0.606120 0.832031 0.214844 0.101562 0.0 0.10343012906891946 0.05280258474500693 0.05762445874965237 0.013364636386239933 0.29503402293432535 0.3068066933573024 0.30876907895913425 0.32116148480407514 0.7451132051880041 0.7234308936222451 0.7371827001911183 0.7097397237758839
0 0.567057 0.082031 0.134115 0.091797 0.0 0.027586068947400882 0.06873614404928735 0.07669551687924953 0.07843375422520268 0.25979820614407806 0.23920154028977195 0.23890180281118767 0.2351996264754203 0.7678247225431581 0.7190702162648934 0.7401424414189617 0.721801001116557
0 0.709635 0.367188 0.132812 0.158203 0.0 0.04472474921673979 0.13952900898619527 0.05281858708248937 0.12846309345520457 0.33889058461644933 0.33441178717404996 0.2972200106343533 0.3229854491170679 0.6885542300549071 0.6894596007201003 0.6898207191449299 0.7095413447259905
0 0.472005 0.534668 0.126302 0.083008 0.0 0.052672634927179114 0.05750580432263878 0.1212598057854634 0.0 0.28915641822730564 0.27005542443879527 0.2729625193984081 0.0 0.9840191825217564 0.7647059097549737 0.4864473614162004 0.0
0 0.755859 0.500000 0.097656 0.072266 0.0 0.1309878035157522 0.13322005963311778 0.11601978949911447 0.12202657857444127 0.24966380724161863 0.2513630146317323 0.25170756109690395 0.25964642322263054 0.6841591551059856 0.6698998172392056 0.6644331336729642 0.6538628568678992
0 0.402344 0.892578 0.140625 0.087891 0.0 0.06600846944002865 0.03746144766329852 0.07216908202517208 0.0450837897711415 0.31853201061465813 0.332670161519484 0.3229713127352928 0.344857619521211 0.7795102655211607 0.7418546269166898 0.7490524990822337 0.7321992071506647
0 0.606120 0.608887 0.128906 0.081055 0.0 0.07523586334133428 0.10142055860786861 0.0912326694458508 0.04305451417312511 0.2960523959494763 0.28170915102631156 0.2884931866703504 0.31977723771967836 0.1915223209501456 0.20581969416615853 0.20349809519302636 0.19919154263655736
0 0.259766 0.939453 0.170573 0.091797 0.0 0.09356493098087348 0.03374656527435397 0.14253371581475432 0.03947440062964069 0.31406716482645786 0.31064989728415543 0.31211023263114357 0.2925247898164487 0.8105751801222312 0.8033344308100699 0.796326666839597 0.7816824098675915
0 0.382161 0.040039 0.123698 0.070312 0.0 0.08602901149001844 0.11926349505332833 0.0 0.1766033388591538 0.2899091433121739 0.28166371517731736 0.0 0.28046778750336737 0.2069843053060619 0.20149906639257564 0.0 0.2134622363244189
0 0.638672 0.209961 0.141927 0.148438 0.0 0.01704469078652066 0.0661549875895013 0.012907215857924304 0.07109706772951038 0.2969835309769729 0.3285964167989446 0.30606552788168234 0.3279388447141712 0.7253479278768304 0.7259969767206711 0.7073280876984787 0.720678802968595
0 0.765625 0.597168 0.182292 0.073242 0.10800861445515667 0.046012334101616974 0.04743029961118637 0.04924080816597701 0.05181744487729886 0.24989920118003894 0.2527279313918403 0.2545562399003117 0.2520307031663817 0.6390275418002647 0.6244369112996174 0.6591740397940359 0.6675619396132213
0 0.165365 0.469238 0.130208 0.100586 0.0 0.05511299889110305 0.08211963585938077 0.007275208646194649 0.10097381733142334 0.2896038326894167 0.2884843896796302 0.2148738221107329 0.17942210987441876 0.6775154301003141 0.6776976355143844 0.6677366685015272 0.6140549965652493
0 0.865885 0.837402 0.122396 0.061523 0.0 0.0 0.07082963027960203 0.07311702071733207 0.0834017858927109 0.0 0.3057236069744614 0.2982259687786627 0.3012428317712972 0.0 0.6286120351845169 0.62653302109649 0.617832546522211
0 0.366536 0.099121 0.131510 0.069336 0.0 0.0 0.09002589678957992 0.1196496608075859 0.0452409453636851 0.0 0.2680736304874673 0.25462388650819323 0.27297759428552454 0.0 0.2081435692809028 0.20151304045283908 0.20513016444691093
0 0.804688 0.780762 0.184896 0.077148 0.042689002378200114 0.031269287146266006 0.08356814945979996 0.0 0.06320073030940275 0.33270414455380715 0.3054568034819345 0.0 0.2969690194138712 0.6437575236914892 0.6207297881820976 0.0 0.6325655681258916
0 0.521484 0.024414 0.131510 0.046875 0.0 0.0 0.05468810191082866 0.12561904222176726 0.11362866594541825 0.0 0.25074733665298327 0.26265783615093646 0.25959705420808415 0.0 0.7373463415822752 0.7442863171884084 0.7531247818198419
0 0.321615 0.284180 0.130208 0.060547 0.0 0.10869552390010838 0.12298925683259511 0.02045139096500337 0.07598390789869881 0.24052279366673193 0.20779607806935046 0.2733114327681577 0.27500972853739125 0.5085787454250712 0.5820946549496697 0.6702369730836968 0.6075852896014318
0 0.148438 0.597168 0.148438 0.084961 0.0 0.046267118799910294 0.05547120483512381 0.03775307048328228 0.1328646278347633 0.26875827984845124 0.2813668418575782 0.2742663242927484 0.17027412787950447 0.4048623987694184 0.39639835309053395 0.4167872462772638 0.555848248830623
0 0.098958 0.710938 0.174479 0.123047 0.0 0.051143189358911705 0.069694243751631 0.051107408138421656 0.06501377409134693 0.2903404017271183 0.29308163370414964 0.3027129445679046 0.28850068380013305 0.2627260862504623 0.2529238452448169 0.2580088742816088 0.2598967461598152
0 0.330078 0.339844 0.141927 0.064453 0.0 0.0 0.07465737997420421 0.08385369977827788 0.10254996582920232 0.0 0.274600781030608 0.34621797579938 0.2725100330835098 0.0 0.6076853031777303 0.6124916699827591 0.6275552449147335
0 0.889323 0.934570 0.132812 0.130859 0.0 0.024301429670487238 0.1160891829831377 0.052900779984571246 0.11840559275425655 0.3056196884318737 0.317807208563136 0.31410394118821483 0.32287786538956975 0.5927689472814915 0.5898156784660767 0.6158065884599384 0.6071164404710316
0 0.184245 0.072266 0.105469 0.087891 0.0 0.06256327370600152 0.10489986586689523 0.05557164018641876 0.09310056937525872 0.26639315227650173 0.28585675751673856 0.299626847143686 0.29572389321561643 0.29753553822750595 0.29038912141688167 0.28298566182049284 0.2741929392205779
0 0.146484 0.974609 0.175781 0.050781 0.0 0.09834316196393932 0.11981259382678777 0.0 0.0 0.2861834276164354 0.1776567862780727 0.0 0.0 0.872934655462466 0.8512025735735664 0.0 0.0
0 0.690104 0.982422 0.156250 0.035156 0.0 0.08057150661765669 0.03079976038595918 0.0 0.0 0.33415873868342255 0.3323738358707722 0.0 0.0 0.7219494534188045 0.6955932434040055 0.0 0.0
0 0.886719 0.121582 0.153646 0.131836 0.0 0.056529019144471455 0.04303497805899647 0.0203340768031832 0.05148036896709325 0.31155558425102436 0.3141235170544983 0.31653508303747063 0.311958854263596 0.7145503094909297 0.7082960360403728 0.7232393169339862 0.725947914458306
0 0.942708 0.292969 0.109375 0.126953 0.0 0.0 0.13456990250201742 0.04102836819936417 0.15203752007209426 0.0 0.3061734081910783 0.29301338471875915 0.29675886558274245 0.0 0.6937356027044913 0.69503807297893 0.6871363510825884
0 0.041667 0.094238 0.080729 0.133789 0.0 0.04576112361242381 0.12213704409599117 0.02510055262901153 0.0 0.28629753607159597 0.25213173985564324 0.23581743050248333 0.0 0.4111020042491974 0.4054013392720138 0.4211757187099882 0.0
0 0.072266 0.222656 0.134115 0.076172 0.0 0.08319138609929852 0.029081810441100277 0.10787022727517107 0.014020500974017828 0.30185241509223737 0.2985782487212553 0.3111739579938051 0.299099662466444 0.27486727873709527 0.29308818450389884 0.2891622777779263 0.30310027295383196
0 0.976562 0.437012 0.046875 0.120117 0.0 0.0839502668316156 0.01264903449350287 0.0 0.22601722650967654 0.29164211672675544 0.2954707920663517 0.0 0.3036189291332224 0.6661997039203724 0.7029440827162503 0.0 0.6640867393635189
