0 0.328125 0.901855 0.143229 0.108398 0.0 0.21887279033773802 0.0 0.19924280337767036 0.0 0.17849803134230907 0.0 0.18780157619540527 0.0 0.5318915471001587 0.0 0.5422276167160685 0.0
0 0.617188 0.893555 0.127604 0.113281 0.0 0.2269333621010727 0.0 0.16684333116256087 0.0 0.26576220953378027 0.0 0.3626868622352536 0.0 0.543454146673101 0.0 0.5382267954642379 0.0
0 0.472656 0.890137 0.156250 0.127930 0.0 0.23108169083536062 0.0 0.12252374773720578 0.0 0.23063186041436134 0.0 0.221309974026019 0.0 0.49382030033947993 0.0 0.5382293425420044 0.0
0 0.212240 0.901855 0.091146 0.112305 0.06745412236575592 0.18604021701180257 0.0 0.16208455996246102 0.0 0.27599795491439605 0.0 0.3076615450911754 0.0 0.5432787625934131 0.0 0.48666903662340627 0.0
0 0.340495 0.733398 0.134115 0.113281 0.1614976849682938 0.08621891939700148 0.019640423348823485 0.10923384784890859 0.02153296963040475 0.24439480094542235 0.2559489609522136 0.2637820781449376 0.2548382812400828 0.4103928788313684 0.47700695078499455 0.4164370093548238 0.33351814096753
0 0.724609 0.046387 0.154948 0.090820 0.03090700302613084 0.0 0.1961479388237097 0.0 0.16207704444775572 0.0 0.3182112022057204 0.0 0.34010382799592265 0.0 0.6914105683655236 0.0 0.6840624623921198
0 0.583333 0.726074 0.114583 0.118164 0.0 0.1029088064223786 0.0 0.23047839770835685 0.0 0.3545073080597571 0.0 0.19491085481953635 0.0 0.6311600745682994 0.0 0.6045157545249721 0.0
0 0.343099 0.531738 0.167969 0.155273 0.08008808914671528 0.05410791768112242 0.05216920755013496 0.06911454762113714 0.05530167985096978 0.326950927257135 0.28605608597043586 0.30388053149366623 0.2840356647254565 0.3138599827384926 0.35386796041196933 0.3434296633600451 0.34654513309852303
0 0.129557 0.461914 0.118490 0.101562 0.0 0.23248563915577813 0.0 0.17913734547441973 0.0 0.2566392070928832 0.0 0.27013080402858436 0.0 0.01316129515294209 0.0 0.025525020260456523 0.0
0 0.636719 0.545410 0.088542 0.098633 0.0 0.20391737493680895 0.0 0.23198154724232767 0.0 0.2912883435229444 0.0 0.2928567577245507 0.0 0.6072922820776527 0.0 0.6278595197242971 0.0
0 0.130208 0.668945 0.119792 0.093750 0.0 0.15531318247048628 0.0 0.24090155915289663 0.0 0.2852945684591805 0.0 0.22916322444543438 0.0 0.2272029902717806 0.0 0.17993207118730367 0.0
0 0.750651 0.125977 0.154948 0.085938 0.0 0.0 0.2222980147300262 0.0 0.20780483088116394 0.0 0.2838254135431595 0.0 0.30557909795732463 0.0 0.7075576288548738 0.0 0.717482578000992
0 0.119141 0.901367 0.092448 0.103516 0.0 0.2276874043409237 0.0 0.1795897069522394 0.0 0.28163570736684873 0.0 0.26967190470003627 0.0 0.5414252010346533 0.0 0.5401755243254336 0.0
0 0.715495 0.885742 0.074219 0.099609 0.0 0.12810017695999176 0.0 0.18329740941640277 0.0 0.34329737751478884 0.0 0.3262878213346522 0.0 0.571124836711629 0.0 0.5394913670435711 0.0
0 0.210938 0.525879 0.091146 0.092773 0.0 0.1769683438109994 0.0 0.23260243796124483 0.0 0.19629664857565077 0.0 0.15390303210893833 0.0 0.18533589927339883 0.0 0.17966766697543335 0.0
0 0.467448 0.574219 0.098958 0.089844 0.0 0.19732947504804096 0.0 0.24938132625752488 0.0 0.3361428961456243 0.0 0.32120991901817836 0.0 0.5471134584664307 0.0 0.5516768798688184 0.0
0 0.723307 0.697754 0.066406 0.104492 0.0 0.11106267153426778 0.0 0.18486413390920464 0.0 0.2895867326617716 0.0 0.15382343987495897 0.0 0.6059663905777717 0.0 0.6001033764301534 0.0
0 0.554036 0.557129 0.076823 0.096680 0.0 0.19692540799152278 0.0 0.18176979833604057 0.0 0.28027971133630497 0.0 0.30696327175609944 0.0 0.6052261498537239 0.0 0.6166268941792572 0.0
0 0.728516 0.539551 0.100260 0.090820 0.19276215314896608 0.023576754918362537 0.025755754915745676 0.22534688797175098 0.022102389994699986 0.3046982568888471 0.448225836389923 0.29177825214231945 0.4633226769972992 0.7389912859832368 0.5883930638984493 0.5912581296730051 0.607013071530966
0 0.498047 0.738770 0.071615 0.122070 0.0 0.12798052509854094 0.0 0.18371898956246616 0.0 0.2818195804448256 0.0 0.18431104369893705 0.0 0.5346304529573339 0.0 0.530190470777792 0.0
0 0.799479 0.687012 0.083333 0.081055 0.0 0.3044705725129286 0.0 0.1675944070719875 0.0 0.2620234524196777 0.0 0.2674861414918879 0.0 0.40629810453295506 0.0 0.56643828470305 0.0
0 0.408854 0.066406 0.320312 0.072266 0.26939269475524674 0.0 0.0 0.0 0.0 0.0 0.0 0.0 0.0 0.0 0.0 0.0 0.0
0 0.491536 0.024902 0.152344 0.047852 0.0 0.0 0.20596362048518632 0.0 0.19121337649489495 0.0 0.245086957331343 0.0 0.24551855785293988 0.0 0.4332799137070304 0.0 0.41797024263312516
0 0.798177 0.886230 0.104167 0.100586 0.0 0.15867706358154368 0.0 0.15969616211972462 0.0 0.2699644776468112 0.0 0.2490831559300059 0.0 0.5526316441878748 0.0 0.5360683797955239 0.0
0 0.438151 0.733398 0.058594 0.107422 0.0 0.1359740180272082 0.0 0.17042467085722113 0.0 0.2524230263525797 0.0 0.18207790890656356 0.0 0.46279940251306073 0.0 0.4974850070806199 0.0
0 0.897786 0.548340 0.102865 0.077148 0.0 0.2027041917723565 0.0 0.23302670854471796 0.0 0.2559246273850228 0.0 0.2863834168581829 0.0 0.20159429946804178 0.0 0.20111916621070172 0.0
0 0.870443 0.709961 0.102865 0.074219 0.0 0.0 0.23241286181138018 0.014089593979178515 0.10573132366919823 0.0 0.24657786828999959 0.29946220986622063 0.25964527520664954 0.0 0.9091653281417681 0.049699184680873525 0.8026617153582395
0 0.818359 0.534180 0.092448 0.089844 0.0 0.17955027713247126 0.0 0.191336706884002 0.0 0.2762801869993036 0.0 0.26636224092790495 0.0 0.37727405045588447 0.0 0.405423405209169 0.0
0 0.921875 0.312500 0.156250 0.197266 0.0 0.06790589927753829 0.06604347831335432 0.0755147351117729 0.1408869717018036 0.3646349731040238 0.36412455338095123 0.36367851485652364 0.35188958482059546 0.8940759123274341 0.888096526390382 0.8975002675965882 0.8356839265638609
0 0.146484 0.764160 0.084635 0.079102 0.0 0.0 0.11247965966989638 0.0 0.19232211235519686 0.0 0.3128850109358107 0.0 0.3101845169570991 0.0 0.22485992603757332 0.0 0.23816475382263164
0 0.656250 0.168945 0.072917 0.068359 0.0 0.0 0.15935093974492348 0.0 0.0 0.0 0.07508330150295059 0.0 0.0 0.0 0.686754675054046 0.0 0.0
0 0.060547 0.614258 0.097656 0.091797 0.0 0.19395723095122339 0.0 0.17262615787471483 0.0 0.3787772933261959 0.0 0.3766130886977888 0.0 0.07875630699400275 0.0 0.08158098990667718 0.0
0 0.658203 0.328125 0.227865 0.126953 0.3244113526738943 0.0 0.0 0.0062705493457258414 0.0 0.0 0.0 0.29133256853630674 0.0 0.0 0.0 0.5752687327169964 0.0
0 0.889323 0.759766 0.127604 0.052734 0.0 0.0 0.18481338323051474 0.0 0.16605866996746943 0.0 0.26043140565169054 0.0 0.27483375782822506 0.0 0.6994978159067818 0.0 0.6932299422961108
0 0.391927 0.187012 0.111979 0.172852 0.29697862365787125 0.0 0.0 0.0 0.17334888847256694 0.0 0.0 0.0 0.10167552179564816 0.0 0.0 0.0 0.5546993407993015
0 0.037109 0.911621 0.071615 0.135742 0.0 0.06040823238035098 0.17837985049548805 0.13258281687728105 0.0 0.3630655707188555 0.22405546818078179 0.34133015389270416 0.0 0.5411364355084352 0.6737716048339657 0.6131882035052544 0.0
0 0.485677 0.170410 0.096354 0.081055 0.13884248833144897 0.0 0.06552295266470515 0.0 0.023769161697685712 0.0 0.0769499478750931 0.0 0.07553984317673762 0.0 0.5423397639961044 0.0 0.5554308757911037
0 0.059896 0.394531 0.117188 0.101562 0.0 0.22537934679738417 0.0 0.0 0.17630408613405438 0.2875081260153729 0.0 0.0 0.24794506824117526 0.031481683890694966 0.0 0.0 0.9697906766331524
0 0.817057 0.191406 0.108073 0.076172 0.0 0.0 0.1673845213053375 0.0 0.19884972606651063 0.0 0.17119425423399198 0.0 0.17800124494196684 0.0 0.8725072095748696 0.0 0.8161539192627013
0 0.945312 0.038086 0.109375 0.074219 0.0 0.0 0.09173193411526843 0.0 0.24293351134858507 0.0 0.2632043726906508 0.0 0.2574907082406258 0.0 0.6736925264215752 0.0 0.6766395645841312
0 0.963542 0.113281 0.072917 0.076172 0.0 0.04227414825800352 0.013450282472661078 0.0 0.3667483558307035 0.1903953956825991 0.2210955219906307 0.0 0.23180537152373332 0.06035486667809909 0.19884483590836086 0.0 0.7779537337086907
0 0.222656 0.700684 0.101562 0.092773 0.33046688749935865 0.0 0.0 0.0 0.0 0.0 0.0 0.0 0.0 0.0 0.0 0.0 0.0
0 0.664714 0.714355 0.066406 0.104492 0.0 0.1287119384650695 0.0 0.11848651462519758 0.0 0.2156323592293775 0.0 0.17799599575365593 0.0 0.6566772059615222 0.0 0.6162496416412175 0.0
0 0.904948 0.811523 0.127604 0.052734 0.0 0.018867024707044187 0.23323131013050813 0.0 0.21477516662761117 0.3993005150800928 0.2559366451104904 0.0 0.2500020963824381 0.3422377603074054 0.694379101388045 0.0 0.6642615254267249
0 0.926432 0.889160 0.147135 0.090820 0.0 0.0 0.11284401790258158 0.08376832387198542 0.1725045756221606 0.0 0.19761170605300207 0.1811306951503906 0.22395661034484843 0.0 0.710936162955073 0.5435980562275365 0.5933105920542814
0 0.960286 0.577637 0.079427 0.086914 0.0 0.0 0.1932954630823943 0.1680217712468172 0.0 0.0 0.27743294542670127 0.3224347279475092 0.0 0.0 0.9821770147295733 0.029813771931298385 0.0
