0 0.205078 0.564453 0.115234 0.121094 0.0 0.11885123997768621 0.04806974020229496 0.05209244727166832 0.11022580871498139 0.32214698932044017 0.36764893370230517 0.352352392211718 0.3297790331037567 0.6915049476673434 0.7103967297926235 0.6943913299555208 0.6683229744687423
0 0.487793 0.497070 0.153320 0.113281 0.022790874320677078 0.07868206652662683 0.11964474156414076 0.05753675166923227 0.052441435932972305 0.20932943194950618 0.19369036038753346 0.19008115745958853 0.189183098739487 0.6733963706848518 0.9082978182261856 0.694470408367911 0.8299900611373684
0 0.617676 0.721680 0.106445 0.083984 0.0 0.0 0.1814907132800271 0.0 0.12415748679227308 0.0 0.2646894870207287 0.0 0.2606555897490114 0.0 0.7371238291973142 0.0 0.733383561952745
0 0.374023 0.502930 0.074219 0.095703 0.0 0.18732815522233232 0.028497142586204356 0.09530986359972785 0.021972956546134098 0.32951033410238484 0.3023427161597603 0.29973954653689994 0.30930278802467415 0.6760168865964135 0.6885304483472585 0.6878224086798493 0.6286284953063147
0 0.103516 0.287109 0.093750 0.105469 0.0 0.0 0.17020915532040934 0.0 0.15897511405057815 0.0 0.35578178322811477 0.0 0.35928199716744885 0.0 0.6864596867728922 0.0 0.6868062252727046
0 0.273438 0.196289 0.083984 0.070312 0.0 0.1724126367684748 0.0 0.0715453148973747 0.0 0.28350080033535274 0.0 0.3021088684712383 0.0 0.05783695538606932 0.0 0.1875588121965216 0.0
0 0.971191 0.831543 0.057617 0.104492 0.0 0.10760634794859864 0.04780205941164462 0.17823181617758152 0.055267612443243554 0.33060983232424834 0.3047234868377229 0.3249646727453976 0.30303025828523034 0.5144750877878628 0.5297446058321985 0.5012077772906953 0.48734781323653886
0 0.072266 0.188965 0.089844 0.098633 0.0 0.0 0.13601158987450213 0.0 0.18820155877385805 0.0 0.3346927738224206 0.0 0.35246903131179885 0.0 0.7047236687295363 0.0 0.6932112731123794
0 0.662109 0.900879 0.119141 0.108398 0.0 0.0 0.23380329912999664 0.0 0.1567627117794371 0.0 0.33157013136747976 0.0 0.30099983988249857 0.0 0.6362941481578811 0.0 0.630176000214881
0 0.576172 0.654297 0.109375 0.095703 0.0 0.0 0.2289280203138193 0.0 0.185445230589713 0.0 0.330649386021768 0.0 0.32219004374462895 0.0 0.7363651279897597 0.0 0.7663346712386098
0 0.547852 0.581055 0.109375 0.070312 0.0 0.052317558010645686 0.16601769780855113 0.02949371322559341 0.0668744804980434 0.3387858509045416 0.3294635501595166 0.37427464541816813 0.32488975584766333 0.7887006603012585 0.8220388659066545 0.8112313662170357 0.818482052146076
0 0.053223 0.736816 0.104492 0.079102 0.0 0.07223666235628859 0.08133369908785976 0.07146895622503893 0.0535560593196429 0.32978907191903434 0.2952208831403182 0.3294722271931716 0.3659567662367626 0.7001787566763242 0.6738505314643747 0.6921092878628283 0.6818232228182265
0 0.272461 0.783203 0.113281 0.064453 0.0 0.0 0.23371579492494457 0.0 0.1807465500192573 0.0 0.21786559977873649 0.0 0.21954295533287807 0.0 0.6100888846921532 0.0 0.6816600571880539
0 0.285645 0.842285 0.110352 0.071289 0.0 0.0 0.17894668753385265 0.0 0.14490624373563665 0.0 0.2619524964415546 0.0 0.2516066587308488 0.0 0.652163580430218 0.0 0.7240958707193617
0 0.305176 0.899902 0.120117 0.073242 0.0 0.0 0.19284204484484388 0.0 0.20213089822868982 0.0 0.23803615111277562 0.0 0.24520828012606202 0.0 0.6979091897968277 0.0 0.6555676720847341
0 0.043457 0.605469 0.084961 0.091797 0.0 0.0985649384610165 0.11819410960552208 0.04451868286744745 0.08416569605569242 0.33468280994340965 0.34298192907954517 0.3888405872213276 0.2852628981879902 0.6747311414306539 0.6866628659279524 0.6636230732374012 0.6755713229979414
0 0.129883 0.933105 0.117188 0.075195 0.0 0.0 0.19630424619791706 0.0 0.19018173294562554 0.0 0.2824122265649872 0.0 0.21261339538671967 0.0 0.6808162239984215 0.0 0.6750299166697318
0 0.643555 0.809570 0.136719 0.091797 0.0 0.0 0.18565836103005956 0.0 0.20887941863304904 0.0 0.27519946029911113 0.0 0.2541965128282106 0.0 0.7109111568736116 0.0 0.5418246836184936
0 0.154297 0.394043 0.130859 0.116211 0.0 0.059014868589125705 0.055939079665794415 0.11155980438390159 0.12699095916449074 0.3107868137169888 0.3241063619211638 0.336626035345031 0.3209470321425339 0.68142313310646 0.656752376619474 0.6979626081995478 0.7014703378567588
0 0.974121 0.973633 0.051758 0.052734 0.0 0.3178158514799306 0.0 0.0600091521895006 0.0 0.37346604191298793 0.0 0.2861096317932713 0.0 0.5104666856026535 0.0 0.4993010920383906 0.0
0 0.087891 0.800781 0.123047 0.072266 0.0 0.0 0.16406047100652174 0.0 0.13344850626070487 0.0 0.2870929355348518 0.0 0.28205749909553735 0.0 0.6841269115528651 0.0 0.6825534459314917
0 0.203613 0.157715 0.094727 0.083008 0.04804272731539814 0.18628438286041007 0.0 0.09013173221445049 0.0 0.34777883682205046 0.0 0.3365620290589378 0.0 0.09798040564993914 0.0 0.08866280498118088 0.0
0 0.108398 0.862305 0.117188 0.076172 0.0 0.0 0.18755884194558228 0.0 0.24580816084236692 0.0 0.2536316633287473 0.0 0.2553103195739228 0.0 0.6945653568521618 0.0 0.6793815060809376
0 0.902344 0.977539 0.089844 0.044922 0.0 0.23219787506948514 0.0 0.09355490871832922 0.06384334246058411 0.33004316837158665 0.0 0.28330093336760154 0.3699276250909312 0.5051302588041225 0.0 0.49148113256665243 0.4652247092799217
0 0.373535 0.295410 0.104492 0.086914 0.0 0.0 0.11882009502180754 0.03227894178822842 0.10904152018413188 0.0 0.36972343465744534 0.35019163091582667 0.36891964038679215 0.0 0.9712987242204755 0.9696259451197086 0.9889279559956388
0 0.261230 0.718262 0.137695 0.077148 0.012321286438901444 0.01837704437123279 0.13409158761053602 0.018398175354894863 0.12562148564061398 0.3971150550317235 0.34302015461663554 0.409933977400083 0.3733720276045334 0.6808955389385719 0.6608243944955059 0.6797615959902885 0.6860827527918882
0 0.243652 0.655762 0.141602 0.073242 0.007579226740953242 0.019340093149705483 0.11740990181116467 0.01752578260148662 0.11442878063121596 0.37771661585822197 0.314681417444845 0.3509842079774644 0.375052592469366 0.681066369558813 0.7013109506063306 0.6685892278919268 0.6685943417903635
0 0.263184 0.375488 0.092773 0.088867 0.0 0.1392710956189107 0.025438563738154632 0.14774361083102133 0.02277619367312867 0.36264174036540486 0.36498909800054896 0.4057870873576539 0.37637269580810556 0.6815451012874708 0.7038048762791488 0.6844062005168882 0.6559554750476094
0 0.357910 0.369141 0.100586 0.060547 0.0 0.11330914517651565 0.05032537547323092 0.17237050843955828 0.0 0.37533149662616955 0.3561205732409585 0.36439944395666807 0.0 0.6743595032488143 0.6779260104783829 0.6859642425575588 0.0
0 0.546387 0.138184 0.163086 0.161133 0.0 0.15902944940604363 0.0 0.08496329219741387 0.0 0.09441977901058896 0.0 0.12209099088228076 0.0 0.03493146065848683 0.0 0.036142928780195246 0.0
0 0.040039 0.114746 0.060547 0.057617 0.0 0.0 0.12057399592433697 0.0 0.1787625869706965 0.0 0.3627828057755554 0.0 0.35682962635751164 0.0 0.6977372896990668 0.0 0.6845848959726349
0 0.883789 0.842773 0.119141 0.083984 0.032259306115666075 0.0587436785016774 0.04047925180379674 0.1384832616454891 0.10473155656025429 0.33908163135453206 0.32149065892896866 0.31814809774644043 0.3216041310243471 0.510466533820672 0.6475953222403411 0.5000119629490074 0.6496061311951655
0 0.327637 0.966309 0.122070 0.067383 0.0 0.04898043961912482 0.13740770704497934 0.05679965663496759 0.09113592890237487 0.3187948309078728 0.3208058392480832 0.3149471212022713 0.3163942435329799 0.67726332022895 0.6889468476512036 0.6821769785537772 0.6817259305680491
0 0.043457 0.046387 0.084961 0.088867 0.0 0.13404733674699346 0.09302115587556392 0.057252297821603106 0.08384099958051677 0.3690439755938635 0.395074352059217 0.38733030171428545 0.39024421213685767 0.2568964059530389 0.5714444085876609 0.1270368095250016 0.6749780072320397
0 0.020020 0.452148 0.038086 0.107422 0.0 0.0 0.26659093324324085 0.06934342822780269 0.010444744918981824 0.0 0.30789930433755686 0.2858786104441676 0.1252375878507525 0.0 0.6125031407298632 0.6725502063735986 0.6751938412098121
0 0.864258 0.691895 0.138672 0.098633 0.0 0.09172122877514319 0.043959565275386164 0.08243527275717004 0.03995488903915549 0.31007288445324155 0.32109105881309336 0.29299518732856417 0.24947937420901514 0.6600884753356748 0.6709187676268853 0.7489488197027303 0.7121843243708226
0 0.129883 0.097656 0.101562 0.101562 0.0 0.169815089502568 0.017134811874373858 0.07432512256295466 0.020475834126394477 0.34344144911373803 0.43754416921519995 0.40396405883583825 0.4374506199111866 0.1280973658852026 0.1261773339364816 0.12221940121240082 0.12449507605348219
0 0.146484 0.983398 0.126953 0.033203 0.0 0.0 0.16424185286029067 0.0 0.2367022083423926 0.0 0.25984333274447474 0.0 0.23541353846391486 0.0 0.6861027334977682 0.0 0.7038035304772352
0 0.294922 0.526367 0.082031 0.099609 0.0 0.1932725105223071 0.0 0.13970511869386407 0.0 0.3172885143095205 0.0 0.3032573261455399 0.0 0.6801819359522872 0.0 0.6877625554750327 0.0
0 0.316406 0.232910 0.070312 0.069336 0.0 0.13093683072701465 0.0 0.08396695142177381 0.0 0.3688759137530552 0.0 0.34534804142997755 0.0 0.005460863991678938 0.0 0.036878008916870104 0.0
0 0.858887 0.767578 0.079102 0.060547 0.17081727736118146 0.0 0.0 0.0 0.0 0.0 0.0 0.0 0.0 0.0 0.0 0.0 0.0
0 0.055176 0.672363 0.106445 0.055664 0.0 0.0 0.0803016631874413 0.0 0.11185662108865327 0.0 0.29947403775359144 0.0 0.3133166728055253 0.0 0.6724128094723514 0.0 0.6664417885893392
0 0.622070 0.243652 0.082031 0.108398 0.0 0.0 0.22555609225535905 0.0 0.1816972605276439 0.0 0.07478635688191045 0.0 0.12248672077365279 0.0 0.6512469026389853 0.0 0.6762945641400551
0 0.443359 0.041016 0.101562 0.080078 0.0 0.0 0.0 0.0 0.32073500578160924 0.0 0.0 0.0 0.06710009143137806 0.0 0.0 0.0 0.022091415865315236
0 0.674316 0.977539 0.120117 0.044922 0.48837461736979093 0.0 0.0 0.0 0.0 0.0 0.0 0.0 0.0 0.0 0.0 0.0 0.0
