0 0.802734 0.233073 0.178385 0.166667 0.0 0.11997737575108448 0.09946548372217384 0.07010454583419015 0.06940231750759608 0.3265522050414297 0.32659581193734205 0.27710547096316995 0.32330504620078715 0.881215728594171 0.8710498369334658 0.8863191143959436 0.8766542171108584
0 0.624349 0.121745 0.178385 0.240885 0.058126820655003644 0.0 0.05645529785950307 0.020372737793420626 0.18150182543167004 0.0 0.19587633932868043 0.18941207805083837 0.22719098162216914 0.0 0.6286787112212062 0.5328852839693253 0.7979258682594335
0 0.374349 0.281901 0.274740 0.246094 0.3754477849093345 0.0 0.0 0.0 0.0 0.0 0.0 0.0 0.0 0.0 0.0 0.0 0.0
0 0.274740 0.137370 0.294271 0.251302 0.16493283415324728 0.0 0.0 0.0 0.0 0.0 0.0 0.0 0.0 0.0 0.0 0.0 0.0
0 0.160156 0.827474 0.268229 0.282552 0.25128377163333554 0.0 0.0 0.001646120848067959 0.0 0.0 0.0 0.5582898196647933 0.0 0.0 0.0 0.8360775330081727 0.0
0 0.929688 0.369141 0.140625 0.186198 0.16505536430028092 0.0 0.0 0.0 0.0 0.0 0.0 0.0 0.0 0.0 0.0 0.0 0.0
0 0.563151 0.567708 0.287760 0.210938 0.1798361811362831 0.0 0.0 0.0 0.0 0.0 0.0 0.0 0.0 0.0 0.0 0.0 0.0
0 0.622396 0.698568 0.283854 0.230469 0.20855378491036727 0.0 0.1283073836848181 0.0 0.0 0.0 0.07519842677069898 0.0 0.0 0.0 0.8837042409941513 0.0 0.0
0 0.789714 0.040365 0.144531 0.078125 0.0 0.024206260340139632 0.08911120184595768 0.1270011022091646 0.095048688950743 0.09066140198871797 0.26546799242244823 0.28662600519430825 0.2691756447834316 0.5417003058762232 0.5327375093491334 0.5460298312450333 0.5143765818559173
0 0.697917 0.826172 0.268229 0.201823 0.1262040465237484 0.0 0.09810349669384082 0.08718428605867237 0.04431717086889171 0.0 0.2266846731339798 0.30312530721966824 0.3178576554160985 0.0 0.9116875268129345 0.8824208254837977 0.8836373581307551
0 0.472656 0.447266 0.289062 0.261719 0.2007775183377972 0.0 0.0 0.0 0.0 0.0 0.0 0.0 0.0 0.0 0.0 0.0 0.0
0 0.805990 0.921875 0.283854 0.156250 0.0 0.20066144575639913 0.08711815369422489 0.16702549221153726 0.0 0.28070794062377186 0.2868406074712246 0.2790447179451215 0.0 0.8889784662588628 0.8749941193971665 0.8720235284631068 0.0
0 0.927083 0.057943 0.145833 0.113281 0.0 0.0323781665079085 0.0 0.03999277205869892 0.0 0.08541805645168737 0.0 0.10932371510699515 0.0 0.20765736350587966 0.0 0.8108261718646544 0.0
0 0.090495 0.699219 0.178385 0.231771 0.31938585541108505 0.0 0.0 0.0 0.0 0.0 0.0 0.0 0.0 0.0 0.0 0.0 0.0
0 0.090495 0.526042 0.178385 0.231771 0.0 0.0674178791136378 0.03235325339349053 0.03396385011815129 0.0 0.26366421165098086 0.27638994264214034 0.22980494320392733 0.0 0.8758591738985739 0.8835391816013498 0.7447561583123142 0.0
0 0.048828 0.352865 0.095052 0.174479 0.21686999568486057 0.0 0.043493845672694494 0.01381920468891732 0.03148958017991899 0.0 0.24380823413443103 0.2365267675463464 0.2450066165081252 0.0 0.8696523802292812 0.9021581712992214 0.874791700415187
0 0.273438 0.932943 0.242188 0.134115 0.0 0.0959894656550307 0.09863030774064271 0.06125261990018835 0.07754687087410293 0.30239201405750515 0.30557687994012867 0.2947004982909721 0.3060921115309124 0.8815563835860531 0.8791215699818378 0.8769423360131748 0.8741177884170791
