0 0.724121 0.050293 0.176758 0.088867 0.029548155515172616 0.02856709153910995 0.058713218784304966 0.0 0.11185001810213455 0.3230665857126636 0.2683004723346481 0.0 0.34225837465749237 0.5315759923605041 0.6094811181066534 0.0 0.5332915006154243
0 0.461914 0.280273 0.128906 0.083984 0.0 0.08203787340514383 0.05641545279661616 0.0 0.0853048635997019 0.34096558550625794 0.34111738643614914 0.0 0.2953124063125448 0.5835351535544564 0.5459325146473349 0.0 0.6126962442663613
0 0.049805 0.240234 0.097656 0.093750 0.0 0.050276848452304825 0.08555249692287313 0.07294356982734077 0.057493435241357055 0.32058454943575404 0.33386808258305667 0.32208858346687425 0.3390057774024512 0.6853254478522606 0.6750506905652844 0.7087428475485607 0.665855958894038
0 0.256348 0.602051 0.129883 0.077148 0.0 0.12322932389071424 0.03396358398425631 0.108023528597913 0.0 0.40723372401715835 0.39033785925081926 0.40611791225649496 0.0 0.6857159828908038 0.7114987428697096 0.668250407918036 0.0
0 0.379395 0.328613 0.096680 0.112305 0.0 0.14044042761244915 0.0 0.12023482285156577 0.0 0.22449579295240638 0.0 0.22482845644865485 0.0 0.6829985541840188 0.0 0.6849746240378143 0.0
0 0.481934 0.493164 0.120117 0.076172 0.0 0.0 0.14069480885785157 0.0 0.1644568910877348 0.0 0.335236642062211 0.0 0.3353241366399428 0.0 0.53850254237605 0.0 0.5391340444314532
0 0.497559 0.634277 0.114258 0.086914 0.0 0.0 0.17885823433886466 0.0 0.1733555764517702 0.0 0.2462637433899887 0.0 0.24737060614978412 0.0 0.5441000792431328 0.0 0.5485191796969954
0 0.480957 0.413574 0.112305 0.088867 0.005300178687221377 0.0 0.20129854736822797 0.0 0.07156583804984744 0.0 0.27416653986865147 0.0 0.2424885165168039 0.0 0.547274115582307 0.0 0.536945044663345
0 0.378418 0.128906 0.061523 0.115234 0.0 0.19458658957362465 0.0 0.1455042184795471 0.0 0.3052156162819824 0.0 0.3030700400448408 0.0 0.6749396898733114 0.0 0.6754654951750512 0.0
0 0.324219 0.142578 0.072266 0.119141 0.0 0.1705770112534334 0.0 0.14382284084210312 0.0 0.29500932066377167 0.0 0.3007150981807828 0.0 0.682690588543442 0.0 0.6791683561153775 0.0
0 0.259766 0.163574 0.078125 0.114258 0.0 0.16663113081916242 0.0 0.14123461424079753 0.0 0.2896245587367551 0.0 0.291201738520763 0.0 0.6736892340182639 0.0 0.6829325492579623 0.0
0 0.028320 0.088867 0.054688 0.078125 0.0 0.0 0.16805937186904255 0.0 0.0 0.0 0.26990996998281047 0.0 0.0 0.0 0.6876745687260128 0.0 0.0
0 0.184570 0.170410 0.087891 0.131836 0.30286115512912365 0.0 0.0 0.0 0.0 0.0 0.0 0.0 0.0 0.0 0.0 0.0 0.0
0 0.177246 0.072266 0.114258 0.064453 0.0 0.0 0.1809311495375545 0.0 0.16663607472918565 0.0 0.3034767945085229 0.0 0.3046057380604635 0.0 0.6860095962793361 0.0 0.678648399110023
0 0.485840 0.343750 0.094727 0.052734 0.0 0.0 0.09270629741895135 0.0 0.08835556257464411 0.0 0.275338096526246 0.0 0.27274495805911186 0.0 0.5465548017989661 0.0 0.5434546703184215
0 0.490723 0.561523 0.122070 0.068359 0.0 0.0 0.15458994609531146 0.0 0.14397360930539857 0.0 0.3368135821587877 0.0 0.2845750430172488 0.0 0.5265821476123048 0.0 0.5422832604947201
0 0.178223 0.021484 0.149414 0.041016 0.0 0.0 0.10596446323285258 0.02095389427904741 0.16135454359972218 0.0 0.32697921844371436 0.28387451246314566 0.3204717147764492 0.0 0.6851046984138186 0.6943020821503656 0.6765318854163083
0 0.476562 0.885254 0.136719 0.141602 0.27698009084806763 0.0 0.0 0.0 0.0 0.0 0.0 0.0 0.0 0.0 0.0 0.0 0.0
0 0.962891 0.155273 0.074219 0.072266 0.0 0.0 0.13263406237446212 0.0 0.09306414137874958 0.0 0.24014070649224173 0.0 0.1888976929048352 0.0 0.5780699158836128 0.0 0.4611039772887457
0 0.242676 0.373047 0.077148 0.148438 0.0 0.09153270305243352 0.02615833951259834 0.03512621773361926 0.08480562264638956 0.28605224931572953 0.34255055581719424 0.2896040054121781 0.3287073055936574 0.721854678604563 0.6868603213363669 0.7186424478405861 0.6478426845712368
0 0.042480 0.156250 0.081055 0.076172 0.0 0.0 0.1671021663411447 0.0 0.12992910010452177 0.0 0.32238818293496513 0.0 0.2732221800852542 0.0 0.6763302126698002 0.0 0.7052208191081628
0 0.310547 0.338867 0.072266 0.117188 0.008716266318776759 0.08262002883225822 0.0 0.05952270456775546 0.0 0.2288694934033204 0.0 0.24731331397109074 0.0 0.6690734274456235 0.0 0.7308745926001176 0.0
0 0.060059 0.464844 0.118164 0.099609 0.0 0.15531207405494982 0.08946318095693494 0.14184121647315623 0.0 0.2573168002375328 0.2607789040043119 0.2634488850284899 0.0 0.6841034511187546 0.6859847799253517 0.7004329358403601 0.0
0 0.451660 0.021484 0.114258 0.041016 0.0 0.0 0.17382832480988542 0.0 0.14576628998999913 0.0 0.31074078594498944 0.0 0.2885466234927198 0.0 0.5366142013991727 0.0 0.551867186646154
0 0.020996 0.025879 0.040039 0.049805 0.0 0.0 0.34874390095008473 0.0 0.0 0.0 0.22398633774458096 0.0 0.0 0.0 0.687176894581239 0.0 0.0
0 0.311523 0.503418 0.083984 0.135742 0.0 0.03298917031312678 0.09270113101979559 0.03333310756127396 0.11168391153228294 0.3128416699277287 0.3042517444911165 0.3175733752348307 0.3057408551223758 0.700053081195596 0.6708712029484152 0.6600384381789967 0.689532381443429
0 0.043457 0.873535 0.084961 0.086914 0.26054084906611624 0.0 0.0 0.0 0.0 0.0 0.0 0.0 0.0 0.0 0.0 0.0 0.0
0 0.729004 0.126465 0.176758 0.108398 0.10526901514148235 0.0 0.05297307635519565 0.009319633924434073 0.10098576258504889 0.0 0.2787755053955013 0.3383364021171199 0.34058902953703013 0.0 0.5500233315142781 0.5479740066467816 0.557146163964666
0 0.866699 0.085449 0.114258 0.168945 0.4392046368734296 0.0 0.0 0.0 0.0 0.0 0.0 0.0 0.0 0.0 0.0 0.0 0.0
0 0.457520 0.109863 0.110352 0.131836 0.02927900448539233 0.063461694146849 0.1431337515025083 0.11114334237650361 0.05413578402179425 0.2666021589113798 0.299879959125114 0.2806868682032145 0.29162358333427885 0.6820489302164147 0.5252573541601967 0.6867380270995302 0.5527716554742451
0 0.962891 0.036621 0.074219 0.071289 0.3040131150211486 0.0 0.0 0.0 0.0 0.0 0.0 0.0 0.0 0.0 0.0 0.0 0.0
