0 0.458008 0.115723 0.103516 0.125977 0.032664268935546296 0.07079919147361281 0.1596830027183534 0.1239938341343837 0.060395011353844626 0.2666021589113798 0.299879959125114 0.2806868682032145 0.29162358333427885 0.6820489302164147 0.5252573541601967 0.6867380270995302 0.5527716554742451
0 0.461914 0.280273 0.128906 0.083984 0.0 0.08203787340514383 0.05641545279661616 0.0 0.0853048635997019 0.34096558550625794 0.34111738643614914 0.0 0.2953124063125448 0.5835351535544564 0.5459325146473349 0.0 0.6126962442663613
0 0.049805 0.240234 0.097656 0.093750 0.0 0.050276848452304825 0.08555249692287313 0.07294356982734077 0.057493435241357055 0.32058454943575404 0.33386808258305667 0.32208858346687425 0.3390057774024512 0.6853254478522606 0.6750506905652844 0.7087428475485607 0.665855958894038
0 0.256348 0.602051 0.129883 0.077148 0.0 0.12322932389071424 0.03396358398425631 0.108023528597913 0.0 0.40723372401715835 0.39033785925081926 0.40611791225649496 0.0 0.6857159828908038 0.7114987428697096 0.668250407918036 0.0
0 0.360840 0.338379 0.127930 0.114258 0.0 0.1056900508925288 0.0 0.09060786851157583 0.0 0.22344651187710285 0.0 0.22686335432933913 0.0 0.681112511281206 0.0 0.681683763004712 0.0
0 0.481934 0.493164 0.120117 0.076172 0.0 0.0 0.14069480885785157 0.0 0.1644568910877348 0.0 0.335236642062211 0.0 0.3353241366399428 0.0 0.53850254237605 0.0 0.5391340444314532
0 0.497559 0.634277 0.114258 0.086914 0.0 0.0 0.17885823433886466 0.0 0.1733555764517702 0.0 0.2462637433899887 0.0 0.24737060614978412 0.0 0.5441000792431328 0.0 0.5485191796969954
0 0.480957 0.413574 0.112305 0.088867 0.005300178687221377 0.0 0.20129854736822797 0.0 0.07156583804984744 0.0 0.27416653986865147 0.0 0.2424885165168039 0.0 0.547274115582307 0.0 0.536945044663345
0 0.378418 0.128906 0.061523 0.115234 0.0 0.19458658957362465 0.0 0.1455042184795471 0.0 0.3052156162819824 0.0 0.3030700400448408 0.0 0.6749396898733114 0.0 0.6754654951750512 0.0
0 0.324219 0.142578 0.072266 0.119141 0.0 0.1705770112534334 0.0 0.14382284084210312 0.0 0.29500932066377167 0.0 0.3007150981807828 0.0 0.682690588543442 0.0 0.6791683561153775 0.0
0 0.259766 0.163574 0.078125 0.114258 0.0 0.16663113081916242 0.0 0.14123461424079753 0.0 0.2896245587367551 0.0 0.291201738520763 0.0 0.6736892340182639 0.0 0.6829325492579623 0.0
0 0.028320 0.088867 0.054688 0.078125 0.0 0.0 0.16805937186904255 0.0 0.0 0.0 0.26990996998281047 0.0 0.0 0.0 0.6876745687260128 0.0 0.0
0 0.190430 0.180176 0.087891 0.131836 0.30286115512912365 0.0 0.0 0.0 0.0 0.0 0.0 0.0 0.0 0.0 0.0 0.0 0.0
0 0.177246 0.072266 0.114258 0.064453 0.0 0.0 0.1809311495375545 0.0 0.16663607472918565 0.0 0.3034767945085229 0.0 0.3046057380604635 0.0 0.6860095962793361 0.0 0.678648399110023
0 0.485840 0.343750 0.094727 0.052734 0.0 0.0 0.09270629741895135 0.0 0.08835556257464411 0.0 0.275338096526246 0.0 0.27274495805911186 0.0 0.5465548017989661 0.0 0.5434546703184215
0 0.490723 0.561523 0.122070 0.068359 0.0 0.0 0.15458994609531146 0.0 0.14397360930539857 0.0 0.3368135821587877 0.0 0.2845750430172488 0.0 0.5265821476123048 0.0 0.5422832604947201
0 0.178223 0.021484 0.149414 0.041016 0.0 0.0 0.10596446323285258 0.02095389427904741 0.16135454359972218 0.0 0.32697921844371436 0.28387451246314566 0.3204717147764492 0.0 0.6851046984138186 0.6943020821503656 0.6765318854163083
0 0.479492 0.892090 0.123047 0.120117 0.36280138367633075 0.0 0.0 0.0 0.0 0.0 0.0 0.0 0.0 0.0 0.0 0.0 0.0
0 0.966309 0.151367 0.065430 0.066406 0.0 0.0 0.16372562923484962 0.0 0.11487987952460219 0.0 0.24014070649224173 0.0 0.18889769290483527 0.0 0.5780699158836128 0.0 0.46110397728874575
0 0.301270 0.424805 0.200195 0.275391 0.0028617586926974834 0.08230644703612565 0.040416284451906946 0.060691955492843036 0.06983093535866462 0.2601642180762657 0.31820896441676993 0.25721731305155854 0.3114140212457815 0.7192489961262865 0.6760243756564084 0.6897744991988033 0.6786287653899103
0 0.248047 0.372559 0.091797 0.149414 0.0 0.07642363358737461 0.02184044923288005 0.02932802270513837 0.07080697515907704 0.28605224931572953 0.3425505558171943 0.2896040054121781 0.32870730559365735 0.721854678604563 0.686860321336367 0.7186424478405861 0.6478426845712367
0 0.042480 0.156250 0.081055 0.076172 0.0 0.0 0.1671021663411447 0.0 0.12992910010452177 0.0 0.32238818293496513 0.0 0.2732221800852542 0.0 0.6763302126698002 0.0 0.7052208191081628
0 0.310547 0.338867 0.072266 0.117188 0.008716266318776759 0.08262002883225822 0.0 0.05952270456775546 0.0 0.2288694934033204 0.0 0.24731331397109074 0.0 0.6690734274456235 0.0 0.7308745926001176 0.0
0 0.056152 0.466797 0.110352 0.103516 0.0 0.1600318599086818 0.0921818817307139 0.14615163580828974 0.0 0.2573168002375328 0.2607789040043119 0.2634488850284899 0.0 0.6841034511187546 0.6859847799253517 0.7004329358403601 0.0
0 0.451660 0.021484 0.114258 0.041016 0.0 0.0 0.17382832480988542 0.0 0.14576628998999913 0.0 0.31074078594498944 0.0 0.2885466234927198 0.0 0.5366142013991727 0.0 0.551867186646154
0 0.020996 0.025879 0.040039 0.049805 0.0 0.0 0.34874390095008473 0.0 0.0 0.0 0.22398633774458096 0.0 0.0 0.0 0.687176894581239 0.0 0.0
0 0.293457 0.499023 0.120117 0.126953 0.0 0.03986315366314577 0.072240271313247 0.03734816958957039 0.09903081069421649 0.2924688106995367 0.31672459716210033 0.2950367337968377 0.2979463306222939 0.6877670301034111 0.6680644543454545 0.6730016612750036 0.6907984434434027
0 0.728027 0.134277 0.184570 0.110352 0.09768406202543138 0.0 0.03276312159060847 0.02969326946090775 0.08160323306309344 0.0 0.3335437336240299 0.340319210935248 0.3442264583659808 0.0 0.5244782824678718 0.5466167721677095 0.5461012927308108
0 0.036133 0.881348 0.070312 0.096680 0.2830201731648342 0.0 0.0 0.0 0.0 0.0 0.0 0.0 0.0 0.0 0.0 0.0 0.0
0 0.696777 0.054199 0.133789 0.083008 0.037917454178502986 0.04029052003266226 0.08652251204935314 0.009248229611917562 0.11214047901237625 0.32222370081733703 0.23372995461663307 0.09725407364555151 0.3328653546650153 0.5273507614489436 0.5539707730911434 0.46520364933682573 0.5602349058978181
0 0.967285 0.033203 0.065430 0.064453 0.3814257716276193 0.0 0.0 0.0 0.0 0.0 0.0 0.0 0.0 0.0 0.0 0.0 0.0
