0 0.076660 0.891602 0.061523 0.130859 0.0 0.2278213852864855 0.0 0.1571135257049621 0.0 0.22510400121429489 0.0 0.20632013321100615 0.0 0.5130771839034324 0.0 0.5562405845992481 0.0
0 0.214355 0.887695 0.088867 0.125000 0.0 0.2214782332044123 0.0 0.16283267416346084 0.0 0.26576220953378027 0.0 0.3626868622352536 0.0 0.543454146673101 0.0 0.5382267954642379 0.0
0 0.741211 0.405762 0.123047 0.143555 0.0 0.08093092274311701 0.08392995541011121 0.07139905325752274 0.08187698229611029 0.28868098867749925 0.3151361559493498 0.28323922211031494 0.31389437673746684 0.9191824734605485 0.8771058579781681 0.8731163966758042 0.8423933811061485
0 0.798340 0.527344 0.118164 0.095703 0.0515904572865985 0.042952062714009205 0.06304563275008636 0.06336281276653695 0.0805756313597963 0.3210119795925701 0.3231187739529762 0.3186315814915026 0.3208895169556494 0.7505724995006045 0.7556520661669756 0.7268398014569718 0.7561472164185634
0 0.293945 0.046875 0.119141 0.091797 0.029826282044836935 0.0 0.18928926046058556 0.0 0.15640971842547197 0.0 0.3182112022057204 0.0 0.34010382799592265 0.0 0.6914105683655236 0.0 0.6840624623921198
0 0.624023 0.600586 0.072266 0.105469 0.0 0.0 0.22529786055652642 0.0 0.10350211906070139 0.0 0.3571641764447163 0.0 0.3893212753714517 0.0 0.7593548617171055 0.0 0.7542883882069558
0 0.024902 0.899902 0.047852 0.108398 0.0 0.2152403018948841 0.0 0.19367877981827628 0.0 0.174668741817501 0.0 0.1882026228436158 0.0 0.5430609554498805 0.0 0.5570956483923434 0.0
0 0.578125 0.513672 0.070312 0.093750 0.0 0.0 0.23812512973972869 0.0 0.19230521118922192 0.0 0.3557920885249187 0.0 0.3714646612076701 0.0 0.8648602436166095 0.0 0.8545215412583386
0 0.860840 0.763184 0.139648 0.081055 0.0 0.0 0.13579973742501045 0.005155292672946083 0.2569744119432477 0.0 0.3133946383262025 0.25727540476957605 0.2667410253474756 0.0 0.5871450555278541 0.3105169401089619 0.6279129064898126
0 0.542969 0.441406 0.074219 0.076172 0.0 0.0 0.19001410421267126 0.0 0.06677068795829191 0.0 0.34129779860129433 0.0 0.25239048559529986 0.0 0.882475377377063 0.0 0.7368100682614049
0 0.184570 0.730469 0.082031 0.136719 0.0 0.09317797370624892 0.0 0.2086848621427367 0.0 0.3545073080597571 0.0 0.19491085481953635 0.0 0.6311600745682994 0.0 0.6045157545249721 0.0
0 0.312988 0.125000 0.118164 0.085938 0.0 0.0 0.21862366737911668 0.0 0.20437004028808686 0.0 0.2838254135431595 0.0 0.30557909795732463 0.0 0.7075576288548738 0.0 0.717482578000992
0 0.221680 0.544922 0.070312 0.089844 0.0 0.21142882413436048 0.0 0.24052676124098826 0.0 0.2912883435229444 0.0 0.2928567577245507 0.0 0.6072922820776527 0.0 0.6278595197242971 0.0
0 0.281250 0.883301 0.054688 0.100586 0.0 0.1291217803130014 0.0 0.18475921261216463 0.0 0.34329737751478884 0.0 0.3262878213346522 0.0 0.571124836711629 0.0 0.5394913670435711 0.0
0 0.440430 0.889160 0.111328 0.094727 0.0 0.0 0.10724161549450444 0.07960945157991452 0.16394018676191768 0.0 0.19761170605300207 0.1811306951503906 0.22395661034484843 0.0 0.710936162955073 0.5435980562275365 0.5933105920542814
0 0.658203 0.099609 0.117188 0.123047 0.0 0.12923746877557457 0.03493824209052982 0.08187363726503209 0.036199021235651004 0.3667310648248916 0.35694311174417886 0.3689169379228367 0.3450205992134945 0.8964141501966576 0.8788683165308839 0.89648953168856 0.89120585924658
0 0.506836 0.099121 0.121094 0.071289 0.0 0.0 0.18183375229794377 0.0 0.19907624049430003 0.0 0.14811723365083285 0.0 0.23235115227400083 0.0 0.7350063567181241 0.0 0.7785849843952054
0 0.423828 0.547852 0.068359 0.070312 0.0 0.2510073136609676 0.0 0.2885554936562668 0.0 0.2559246273850228 0.0 0.2863834168581829 0.0 0.20159429946804178 0.0 0.20111916621070172 0.0
0 0.483398 0.033691 0.121094 0.065430 0.0 0.0 0.08734861932725349 0.0 0.196853407884227 0.0 0.2640375749484049 0.0 0.25754335067185036 0.0 0.664145306972479 0.0 0.6772765935607212
0 0.295898 0.695801 0.046875 0.098633 0.0 0.12501423237675316 0.0 0.2080865467703238 0.0 0.2895867326617716 0.0 0.15382343987495897 0.0 0.6059663905777717 0.0 0.6001033764301534 0.0
0 0.867188 0.837402 0.136719 0.075195 0.016150164916162186 0.0 0.13299599289666128 0.0 0.17681877880014163 0.0 0.2991874047124145 0.0 0.27099600402901014 0.0 0.5769165104794884 0.0 0.5806878283229802
0 0.596680 0.877441 0.076172 0.075195 0.0 0.013506096693079346 0.04752792590998065 0.11672717248178939 0.1694008279558146 0.28517705341639726 0.3173967731684197 0.312461496233983 0.33549876200425227 0.7094393548259998 0.6731490900093622 0.5594765005550282 0.6962739299362132
0 0.863281 0.396973 0.107422 0.118164 0.0 0.11754308059434561 0.041485196568039034 0.1229378089822522 0.0381723121469541 0.36215389791043157 0.3554793041252333 0.3495822832599592 0.38004628029804044 0.8970910613910408 0.8831034512167413 0.8888767027265742 0.8686475658018064
0 0.029785 0.736328 0.057617 0.105469 0.14303378319095097 0.07891291631447528 0.021483316366712146 0.11294645274794257 0.0 0.25425327410375415 0.2626463853419539 0.23369150603409702 0.0 0.4289152380248696 0.47429986459729634 0.48131318207389173 0.0
0 0.854492 0.694336 0.142578 0.062500 0.0 0.08263300667095208 0.06596564211095506 0.04077484583071965 0.14273390432266492 0.36289189058083654 0.3102214708522146 0.36534207933334784 0.2443894108764244 0.5807333950540213 0.6064844312395274 0.5856932709922325 0.5993584285880222
0 0.097168 0.584961 0.079102 0.095703 0.0 0.17381301203526106 0.0 0.21966165699075507 0.0 0.3361428961456243 0.0 0.32120991901817836 0.0 0.5471134584664307 0.0 0.5516768798688184 0.0
0 0.165527 0.573242 0.061523 0.095703 0.0 0.18630406674416658 0.0 0.17196588793016082 0.0 0.28027971133630497 0.0 0.30696327175609944 0.0 0.6052261498537239 0.0 0.6166268941792572 0.0
0 0.342773 0.880859 0.080078 0.101562 0.0 0.15331836349811445 0.0 0.15430304595057823 0.0 0.2699644776468112 0.0 0.2490831559300059 0.0 0.5526316441878748 0.0 0.5360683797955239 0.0
0 0.121094 0.738770 0.052734 0.124023 0.0 0.12829777049467325 0.0 0.1841744026307896 0.0 0.2818195804448256 0.0 0.18431104369893705 0.0 0.5346304529573339 0.0 0.530190470777792 0.0
0 0.552246 0.735352 0.067383 0.068359 0.0 0.0 0.2450208474019389 0.0 0.1651584903574072 0.0 0.35151042428077794 0.0 0.3260074669253269 0.0 0.6895837204355175 0.0 0.7042333085548446
0 0.822754 0.615234 0.125977 0.103516 0.0 0.032108809106386915 0.08358113256693418 0.03526504938221283 0.07497598082735027 0.32251020387784435 0.33151108435753995 0.3423914653588771 0.3490167044873755 0.6578192135907485 0.6692676993247848 0.6693492210681301 0.6637813959565695
0 0.350586 0.685547 0.078125 0.091797 0.0 0.21507282994530272 0.0 0.11838583648489329 0.0 0.2620234524196777 0.0 0.2674861414918879 0.0 0.40629810453295506 0.0 0.56643828470305 0.0
0 0.875488 0.937500 0.139648 0.125000 0.2413166051885192 0.0 0.0 0.0 0.0 0.0 0.0 0.0 0.0 0.0 0.0 0.0 0.0
0 0.078613 0.733887 0.043945 0.108398 0.0 0.13474902687380994 0.0 0.168889313462111 0.0 0.2524230263525797 0.0 0.18207790890656356 0.0 0.46279940251306073 0.0 0.49748500708061993 0.0
0 0.571777 0.802246 0.071289 0.069336 0.0 0.0 0.1503642908685 0.0 0.1475854890465344 0.0 0.4146871859194385 0.0 0.3848929583972143 0.0 0.7045165630179164 0.0 0.6885652647853729
0 0.033691 0.535645 0.065430 0.153320 0.1103625776011945 0.041238613367572265 0.1023741818211982 0.0604468994294244 0.08081414716944015 0.34125285222069834 0.28358939937234 0.3205274564731792 0.29529510459661024 0.4091733865005581 0.35301826590647223 0.44336707921435037 0.35232954441561615
0 0.590820 0.195801 0.156250 0.112305 0.0 0.06273168464646103 0.06198857317063783 0.07799007048870972 0.0938932604974677 0.3180761565190255 0.332696274520038 0.3582453946553364 0.3156828024284513 0.8948982005461719 0.8912890469513639 0.8523063660400864 0.9066534704194253
0 0.489746 0.586426 0.079102 0.081055 0.0 0.0 0.2257468459887709 0.14693725191928478 0.0 0.0 0.2781515630911622 0.32197534564170033 0.0 0.0 0.9853491822530995 0.019352047070580625 0.0
0 0.737305 0.059570 0.115234 0.109375 0.0 0.03794577922851443 0.028056845670024873 0.059669001781412816 0.026419556985782962 0.36723804596544085 0.36064859421122863 0.3716924957010991 0.3877172010226017 0.8557034172144387 0.8937611266156475 0.8784645106869151 0.7266088165597636
0 0.404297 0.710449 0.078125 0.073242 0.0 0.0 0.23256780371925448 0.014098987041831304 0.10580181121831105 0.0 0.24657786828999959 0.29946220986622063 0.25964527520664954 0.0 0.9091653281417681 0.049699184680873525 0.8026617153582395
0 0.423340 0.812500 0.096680 0.062500 0.0 0.015758253590542587 0.19480115107491303 0.0 0.17938607667192524 0.3993005150800928 0.2559366451104904 0.0 0.25000209638243803 0.3422377603074054 0.694379101388045 0.0 0.6642615254267248
0 0.946777 0.128906 0.106445 0.164062 0.0 0.0383007673632378 0.1683678297519659 0.04099522894332572 0.2098770366152125 0.31833144183695833 0.32905276096251257 0.3193587132670067 0.33763228335433737 0.8953593439216186 0.9012308039661401 0.9032969535613398 0.892107315198382
0 0.678711 0.855957 0.099609 0.131836 0.34005385388318426 0.0 0.0 0.0 0.0 0.0 0.0 0.0 0.0 0.0 0.0 0.0 0.0
0 0.420410 0.764648 0.096680 0.058594 0.0 0.0 0.1646519232417313 0.0 0.14794317869829093 0.0 0.26043140565169054 0.0 0.27483375782822506 0.0 0.6994978159067818 0.0 0.6932299422961108
0 0.837402 0.040039 0.147461 0.078125 0.0 0.036532353869149034 0.13733909653726217 0.13575966094902242 0.08070916807119757 0.35436993952759577 0.35578865345562255 0.34404747882242614 0.33924143494472236 0.8883554012245761 0.9007059870727258 0.6598434831604658 0.9077250512092095
0 0.120117 0.021484 0.117188 0.041016 0.0 0.0 0.23428361830189945 0.0 0.21750521576294302 0.0 0.245086957331343 0.0 0.24551855785293988 0.0 0.4332799137070304 0.0 0.41797024263312516
0 0.360352 0.534668 0.080078 0.090820 0.0 0.15379260558999508 0.0 0.16388819425207204 0.0 0.2762801869993036 0.0 0.26636224092790495 0.0 0.37727405045588447 0.0 0.405423405209169 0.0
0 0.044922 0.195312 0.078125 0.177734 0.3104813605302277 0.0 0.0 0.0 0.1812305480995476 0.0 0.0 0.0 0.10167552179564816 0.0 0.0 0.0 0.5546993407993015
0 0.974121 0.249023 0.051758 0.103516 0.0 0.061791524244929286 0.0 0.1415871304391171 0.18047913020211148 0.35564600034242916 0.0 0.3564744356978287 0.30304275842622175 0.8784013870921626 0.0 0.9082725945897121 0.5239313487872981
0 0.941895 0.336914 0.116211 0.105469 0.0 0.05808832878934304 0.049616820242094815 0.12636281304445332 0.04947104024889715 0.3788345521823724 0.40371288266556216 0.3467596825221624 0.3951114468016203 0.9217981323487003 0.8898390802122447 0.8562050421856173 0.8890674029084396
0 0.635254 0.983887 0.153320 0.032227 0.2538720494258083 0.0 0.0 0.0 0.0 0.0 0.0 0.0 0.0 0.0 0.0 0.0 0.0
0 0.287598 0.537109 0.069336 0.093750 0.20251904030219278 0.024770120594247963 0.027059413285160618 0.23675309048792673 0.023221128924889464 0.30469825688884705 0.448225836389923 0.29177825214231945 0.4633226769972992 0.7389912859832368 0.5883930638984493 0.5912581296730051 0.607013071530966
0 0.537598 0.666504 0.083008 0.079102 0.0 0.0 0.111515059883591 0.0 0.1916153059104016 0.0 0.1740707131503872 0.0 0.2557772415905083 0.0 0.694495092314108 0.0 0.804611614431225
0 0.435547 0.313965 0.154297 0.188477 0.0 0.053979110595117986 0.05249865266333405 0.0600274538961558 0.11199252948290545 0.3646349731040238 0.36412455338095123 0.36367851485652364 0.35188958482059546 0.8940759123274341 0.8880965263903821 0.8975002675965882 0.8356839265638609
0 0.087891 0.071289 0.173828 0.058594 0.3675563419638434 0.0 0.0 0.0 0.0 0.0 0.0 0.0 0.0 0.0 0.0 0.0 0.0
0 0.565918 0.794922 0.067383 0.066406 0.0 0.0 0.16609934347217295 0.0 0.16302975058145522 0.0 0.4146871859194385 0.0 0.38489295839721427 0.0 0.7045165630179164 0.0 0.6885652647853728
0 0.109863 0.171875 0.073242 0.078125 0.14212842722195992 0.0 0.0670736625444365 0.0 0.02433169852453094 0.0 0.0769499478750931 0.0 0.07553984317673762 0.0 0.5423397639961044 0.0 0.5554308757911037
0 0.249512 0.328125 0.180664 0.130859 0.29771513809322686 0.0 0.0 0.005754538024012218 0.0 0.0 0.0 0.29133256853630674 0.0 0.0 0.0 0.5752687327169964 0.0
0 0.359375 0.190918 0.087891 0.067383 0.0 0.0 0.17450038501300402 0.0 0.20730324099107728 0.0 0.17119425423399198 0.0 0.17800124494196684 0.0 0.8725072095748696 0.0 0.8161539192627013
0 0.139160 0.892578 0.061523 0.130859 0.0 0.15269758240889744 0.0 0.11908514290655502 0.0 0.25091596571687874 0.0 0.24475421381256116 0.0 0.560333061932018 0.0 0.5095978298851573 0.0
0 0.248535 0.715332 0.047852 0.114258 0.0 0.12251544535215146 0.0 0.11278229728060406 0.0 0.2156323592293775 0.0 0.17799599575365593 0.0 0.6566772059615222 0.0 0.6162496416412175 0.0
0 0.656250 0.723145 0.099609 0.131836 0.34064191889604756 0.0 0.0 0.0 0.0 0.0 0.0 0.0 0.0 0.0 0.0 0.0 0.0
