0 0.439453 0.334961 0.095703 0.082031 0.0 0.11907476090957633 0.05279521395655309 0.11736317062703683 0.0 0.3668569924774472 0.3471540643044175 0.3587678301137869 0.0 0.3517772578481899 0.36213045922368176 0.34215839856697194 0.0
0 0.186523 0.275391 0.101562 0.087891 0.0 0.13208708714619305 0.0 0.08262332567187916 0.07704265109547287 0.3298887553104434 0.0 0.3456805654961017 0.31762262688640613 0.3391710812610605 0.0 0.35096266418910005 0.34604379721344414
0 0.387695 0.532227 0.101562 0.064453 0.0 0.0 0.14571278268374058 0.0 0.2191469171150297 0.0 0.28729616330033275 0.0 0.2703706078040193 0.0 0.3450936242993293 0.0 0.355360630587286
0 0.353516 0.664062 0.099609 0.087891 0.0 0.0 0.1579815235030161 0.0 0.19909763703236233 0.0 0.29446223815390477 0.0 0.29621909220995074 0.0 0.3449084882273269 0.0 0.34606292174312014
0 0.163574 0.356934 0.096680 0.090820 0.0 0.0 0.15310438110570337 0.0 0.12850304884611088 0.0 0.2846930688637993 0.0 0.41302612014300744 0.0 0.34075890166082434 0.0 0.342682281667927
0 0.350586 0.314453 0.087891 0.083984 0.0 0.19948207530003978 0.0 0.17161521137930477 0.0 0.29097878073586286 0.0 0.2891121431653905 0.0 0.3412489006975692 0.0 0.352999806054552 0.0
0 0.366211 0.169922 0.080078 0.111328 0.0 0.20356073964128693 0.0 0.19850737614138103 0.0 0.20234506842327038 0.0 0.2567788440188846 0.0 0.33959227625987803 0.0 0.34853088917160324 0.0
0 0.367676 0.591797 0.108398 0.074219 0.0779760269319958 0.0883707068040768 0.0 0.053408341465325235 0.008235353613333924 0.15704932486410647 0.0 0.25925328404299486 0.2670298664571923 0.3376230074189311 0.0 0.3593201622467288 0.36059619825907324
0 0.125488 0.539551 0.102539 0.081055 0.0 0.0 0.18028155778819252 0.0 0.18465881666255118 0.0 0.2529993522643736 0.0 0.2554404420946443 0.0 0.3383168054685812 0.0 0.34528989611105615
0 0.101562 0.613770 0.097656 0.084961 0.0 0.0 0.18325030417582888 0.0 0.17375649676955876 0.0 0.21365173463433468 0.0 0.20224086542604336 0.0 0.3341935341031305 0.0 0.34992607673767934
0 0.331055 0.741211 0.095703 0.076172 0.0 0.0 0.23366389211855942 0.0 0.24387138399087327 0.0 0.2969555196956095 0.0 0.2985835375469848 0.0 0.34937259551873456 0.0 0.34692610587222816
0 0.919922 0.440918 0.160156 0.077148 0.0 0.1660651865097594 0.0 0.16679369048173615 0.0 0.2404358581637545 0.0 0.238198267352838 0.0 0.3455475940882028 0.0 0.3455763011186371 0.0
0 0.395020 0.480469 0.102539 0.050781 0.0 0.0 0.10382072771803585 0.0 0.14105881016035013 0.0 0.3050204327544788 0.0 0.28935890177199625 0.0 0.32999319543654526 0.0 0.3670048888663053
0 0.291504 0.131836 0.088867 0.162109 0.0 0.0 0.11177106247608658 0.0 0.1400428780735338 0.0 0.20412972589027018 0.0 0.19869880206748705 0.0 0.34815367237035527 0.0 0.3580482341346952
0 0.539062 0.583008 0.130859 0.222656 0.12539310923062683 0.0 0.13757666361057366 0.0 0.13334803393031414 0.0 0.24718595342507532 0.0 0.24632267103087221 0.0 0.34709205227311046 0.0 0.34553168480767465
0 0.316406 0.829102 0.097656 0.103516 0.0 0.0 0.17574625661559098 0.0 0.20306435020042166 0.0 0.2201172411046612 0.0 0.270247548342438 0.0 0.33234723062185684 0.0 0.3480272841484157
0 0.802246 0.277832 0.112305 0.094727 0.0 0.23023267129642272 0.0 0.1869894258042347 0.0 0.2703321113223462 0.0 0.2971890780597232 0.0 0.3508185269616924 0.0 0.3437168959535875 0.0
0 0.442871 0.194336 0.084961 0.097656 0.0 0.13163972093173773 0.050719620890319256 0.20884681647052059 0.05187993461051356 0.32659171435193246 0.3703273149281419 0.3184381094232335 0.304177904165625 0.31985894905582185 0.3485975743744413 0.3513251954520462 0.3422471491525871
0 0.411133 0.417969 0.111328 0.089844 0.0 0.0 0.14624431510878055 0.0 0.18663484061013916 0.0 0.31898502263180495 0.0 0.31156590677883433 0.0 0.3417559290385428 0.0 0.3534921943943336
0 0.522461 0.197266 0.083984 0.132812 0.0 0.07783660265590535 0.02806425092938559 0.085725154012227 0.03855987325282129 0.21088366307764742 0.41008495652988347 0.2434530867839276 0.44529980192618396 0.3314228387756073 0.34883701773333303 0.34550701264405714 0.3386862131941528
0 0.276855 0.939941 0.124023 0.120117 0.0 0.0 0.1987060963946994 0.0 0.18116750019878153 0.0 0.16404914214503977 0.0 0.1675811725158582 0.0 0.3447276305099289 0.0 0.35478036807179825
0 0.271973 0.298828 0.083008 0.095703 0.0 0.24014807326185403 0.0 0.17862775823136848 0.0 0.32737952295569095 0.0 0.34468978467673184 0.0 0.35354695986214024 0.0 0.3452987677653621 0.0
0 0.899414 0.747559 0.115234 0.209961 0.0 0.0 0.21611744179836065 0.0 0.19327919974240296 0.0 0.3729623980261001 0.0 0.378144565659549 0.0 0.34155929548143715 0.0 0.3467579314366642
0 0.914062 0.598633 0.134766 0.060547 0.0 0.10580930551282605 0.032691667554390826 0.17494572685240173 0.017784033254862854 0.3549398659958218 0.3735495930381828 0.34457041522822535 0.3610444803093224 0.3466206926978027 0.34078278835017134 0.3439544347547225 0.33777213456459537
0 0.782715 0.872559 0.077148 0.133789 0.0 0.0 0.13661257368108126 0.05294762739195138 0.14633641054818852 0.0 0.2863756501723636 0.26446204000484036 0.28382146220906856 0.0 0.3446029890439503 0.3456722273309803 0.3433053467022136
0 0.679688 0.781738 0.130859 0.061523 0.0 0.1617823053641056 0.055337919502094816 0.10913061578225555 0.054055512133271116 0.3129441034286548 0.271654628788484 0.3137647212011455 0.29347111370614826 0.33394097774060943 0.3460768869485959 0.3328669127840499 0.3306163730441455
0 0.030762 0.331543 0.059570 0.063477 0.0 0.0 0.4009992379160808 0.0 0.16731322665344883 0.0 0.24163467937966432 0.0 0.420737081736994 0.0 0.2755980052597604 0.0 0.3435913039554647
0 0.678223 0.204590 0.100586 0.059570 0.0 0.07457745811439134 0.0 0.19999504129043993 0.0 0.311399507094052 0.0 0.26654831174477334 0.0 0.31407484130269187 0.0 0.3333167945773814 0.0
0 0.449219 0.942871 0.111328 0.100586 0.0 0.0 0.17708748232940144 0.0 0.27077652631479315 0.0 0.24225373454808746 0.0 0.25169081238048097 0.0 0.34931103843884004 0.0 0.3608232641034808
0 0.041504 0.247559 0.081055 0.114258 0.0 0.05432727176805611 0.26544515303896243 0.031539001720927225 0.03716354109116093 0.25058999440912516 0.2606311872071778 0.13879772192727144 0.2659903505821786 0.332438646310794 0.3444256792303716 0.335900731031388 0.33474294683219774
0 0.064941 0.794922 0.106445 0.060547 0.045589943235970654 0.0 0.06522938346637489 0.0 0.1554643517117238 0.0 0.2875358608790811 0.0 0.2654398843463601 0.0 0.3079246075825141 0.0 0.3380072448540255
0 0.106445 0.134766 0.056641 0.048828 0.0 0.0 0.15215535406589045 0.0 0.1270117758465769 0.0 0.31748603747714016 0.0 0.3036719015063982 0.0 0.35166046224496894 0.0 0.3356613025470984
0 0.222168 0.141113 0.057617 0.110352 0.0 0.1347648838213958 0.0 0.24096473172521357 0.0 0.30718078786607383 0.0 0.3008526763338197 0.0 0.34398059691062033 0.0 0.3449226520150672 0.0
0 0.250977 0.386719 0.076172 0.089844 0.0 0.13344938648767724 0.0 0.2015362735196472 0.0 0.3128122367123472 0.0 0.3074949908198304 0.0 0.3445478061756946 0.0 0.338646922423678 0.0
0 0.607422 0.449707 0.146484 0.081055 0.0 0.2637441161416074 0.0 0.1833731932907536 0.0 0.24144872986252297 0.0 0.2793975708915465 0.0 0.3515346343506729 0.0 0.35572717648112884 0.0
0 0.951660 0.057617 0.096680 0.113281 0.0 0.0 0.1800589307117123 0.0 0.18228001465811416 0.0 0.3369828496108476 0.0 0.33836530241835805 0.0 0.2992589568550418 0.0 0.29836088057975113
0 0.083496 0.937988 0.159180 0.079102 0.0 0.1264837803108292 0.0 0.2366833390363764 0.0 0.34541580389757076 0.0 0.3348017309035166 0.0 0.3430322630898595 0.0 0.34224066440097545 0.0
0 0.091797 0.868164 0.179688 0.087891 0.0 0.2059222750439993 0.0 0.15957735440229928 0.0 0.3371041156515776 0.0 0.34438591322687523 0.0 0.3411086541466116 0.0 0.34664750375091014 0.0
0 0.077148 0.725098 0.099609 0.069336 0.0 0.0 0.13231626938536975 0.0 0.23490469986606058 0.0 0.28673489401437535 0.0 0.29225019456349544 0.0 0.34985827888696563 0.0 0.3911245635553437
0 0.679199 0.273438 0.075195 0.091797 0.0 0.1150162280464332 0.0 0.21017674804255201 0.0 0.30711421470529243 0.0 0.2955811237262793 0.0 0.34555950897375504 0.0 0.33508277265875636 0.0
0 0.138184 0.471680 0.094727 0.056641 0.0 0.0 0.20756119377425478 0.0 0.21689509127811557 0.0 0.2742534214836061 0.0 0.2712443279749781 0.0 0.339923303906864 0.0 0.3599535533491658
0 0.924316 0.312012 0.151367 0.104492 0.2667487043033107 0.0 0.0 0.0 0.0 0.0 0.0 0.0 0.0 0.0 0.0 0.0 0.0
0 0.867188 0.874512 0.099609 0.055664 0.0 0.0 0.0 0.30506104709785775 0.0 0.0 0.0 0.19786392568819305 0.0 0.0 0.0 0.3541265035178698 0.0
0 0.083984 0.672852 0.093750 0.046875 0.0 0.0 0.09777828111692773 0.0 0.04570063811509065 0.0 0.18514391937013452 0.0 0.20770350868706366 0.0 0.3795806344293055 0.0 0.2843275739110428
0 0.599121 0.244141 0.086914 0.083984 0.0 0.15610626031995262 0.0 0.21358645856441655 0.0 0.32173606398424753 0.0 0.3113781865290953 0.0 0.36984917948213586 0.0 0.3212656846968015 0.0
0 0.490723 0.764160 0.120117 0.141602 0.0 0.0 0.13404944808601488 0.0 0.23154582260606524 0.0 0.24461699483752095 0.0 0.253819687708615 0.0 0.34329546316383747 0.0 0.3474863331661507
0 0.970215 0.832520 0.059570 0.266602 0.0 0.0 0.031239742891972705 0.0 0.3333455088122528 0.0 0.33690626787579747 0.0 0.32014062773007146 0.0 0.33941409433149183 0.0 0.34164713790042955
0 0.786621 0.026367 0.071289 0.050781 0.0 0.0 0.27445387166587226 0.0 0.16855591548574506 0.0 0.33591800974389346 0.0 0.3353747064732182 0.0 0.3014965647726336 0.0 0.28871574277980366
0 0.047363 0.081055 0.092773 0.160156 0.0 0.0 0.07101713072529316 0.09295547738304806 0.10273556061282331 0.0 0.29876020166555745 0.10104148507392972 0.30526003489696185 0.0 0.33447996567507454 0.3612338267719742 0.35962585605098685
0 0.148926 0.423828 0.100586 0.054688 0.0 0.0 0.12142529080412724 0.0 0.15579285020878883 0.0 0.2684569545144109 0.0 0.2637985798609054 0.0 0.34862379808547656 0.0 0.3341522860864703
0 0.867188 0.041504 0.083984 0.081055 0.0 0.0 0.22111124700953377 0.0 0.19173962332786554 0.0 0.3379437058395879 0.0 0.33251290145970863 0.0 0.300888317454296 0.0 0.2993451867301407
0 0.161621 0.142090 0.059570 0.055664 0.0 0.0 0.19438139386810696 0.0 0.14587270739783798 0.0 0.31250327575820325 0.0 0.3137632680897499 0.0 0.35299134357749407 0.0 0.3403770169320568
0 0.125977 0.051270 0.058594 0.075195 0.0 0.0 0.18958004726307826 0.0 0.1831283045567588 0.0 0.31648416464698353 0.0 0.3067582234396185 0.0 0.34641578765428876 0.0 0.34589414017963016
0 0.189453 0.063965 0.058594 0.075195 0.0 0.0 0.25008381810971414 0.0 0.151466553942707 0.0 0.31322599842819165 0.0 0.31358647484515867 0.0 0.33584955141289596 0.0 0.33678934623402135
0 0.469727 0.861816 0.105469 0.077148 0.0 0.0 0.23562738283629206 0.0 0.3699809212441365 0.0 0.24712621133516097 0.0 0.2540591472130433 0.0 0.3444572214234136 0.0 0.34861316259722125
0 0.929688 0.544922 0.134766 0.060547 0.0 0.14516683706831626 0.037640567435087195 0.14254991106688078 0.02838572712275564 0.3544137475246671 0.34892233393250055 0.3445341772830837 0.36154376868552685 0.3448639680432753 0.33819693564864794 0.3450773178542723 0.320760410071817
0 0.855469 0.909668 0.099609 0.055664 0.0 0.0 0.0 0.28449022154194514 0.0 0.0 0.0 0.20092072034717653 0.0 0.0 0.0 0.3464078387045908 0.0
0 0.706055 0.017090 0.082031 0.032227 0.0 0.0 0.14977240424817767 0.0 0.0 0.0 0.3377536521688826 0.0 0.0 0.0 0.2885019970674503 0.0 0.0
0 0.408203 0.044922 0.085938 0.087891 0.0 0.2202096013272244 0.0 0.27162688384440153 0.0 0.37070718938324576 0.0 0.3497974268879543 0.0 0.3124740726342132 0.0 0.31010978494343816 0.0
0 0.482422 0.064941 0.085938 0.088867 0.0 0.22070097606502434 0.0 0.2656460354911812 0.0 0.36948247966595404 0.0 0.36470869263590877 0.0 0.30171371672478436 0.0 0.30254193534306417 0.0
0 0.559570 0.085449 0.085938 0.088867 0.0 0.23664622297893176 0.0 0.24509943448378593 0.0 0.3694275423674158 0.0 0.3672186778546908 0.0 0.30067385836914534 0.0 0.2998607066388805 0.0
0 0.639648 0.111816 0.085938 0.088867 0.0 0.24059967552005224 0.0 0.24997786004505748 0.0 0.3667465305134918 0.0 0.3648753354160646 0.0 0.30164746388983527 0.0 0.298005247805351 0.0
0 0.714844 0.140625 0.085938 0.087891 0.0 0.20924851994277088 0.0 0.255654938989016 0.0 0.36755940050715624 0.0 0.3632508862029145 0.0 0.30069685333935103 0.0 0.30004337625368294 0.0
0 0.801758 0.166016 0.085938 0.087891 0.0 0.22766029237761648 0.0 0.26180878605891084 0.0 0.3677449796661241 0.0 0.36577066200243713 0.0 0.30260406982859095 0.0 0.2999353833738057 0.0
0 0.872070 0.190430 0.085938 0.087891 0.0 0.22106665005207865 0.0 0.2609096803795611 0.0 0.3703807709082254 0.0 0.3675487054259968 0.0 0.29841276218990803 0.0 0.29599960070107223 0.0
0 0.957031 0.222656 0.085938 0.087891 0.0 0.21908340159125658 0.0 0.2727118743051015 0.0 0.36961234836528356 0.0 0.3743350858251117 0.0 0.29991950192081274 0.0 0.3015063268829086 0.0
0 0.617188 0.383301 0.146484 0.081055 0.0 0.359419432404626 0.08214205913497413 0.0 0.0 0.16491334344813166 0.21658720119748892 0.0 0.0 0.339680765155125 0.3248332531370686 0.0 0.0
0 0.625977 0.959473 0.130859 0.061523 0.0 0.0 0.0 0.35542618399986914 0.0 0.0 0.0 0.2405784372621403 0.0 0.0 0.0 0.34556742187271666 0.0
0 0.642578 0.905762 0.130859 0.061523 0.0 0.0 0.0 0.3304194407620618 0.0 0.0 0.0 0.23808372001235406 0.0 0.0 0.0 0.3444144100498275 0.0
0 0.659180 0.854004 0.130859 0.061523 0.0 0.0 0.0 0.33274686931883835 0.0 0.0 0.0 0.23474625814142205 0.0 0.0 0.0 0.34635683995878835 0.0
0 0.691406 0.722168 0.130859 0.061523 0.0 0.0 0.0 0.3706964199851623 0.0 0.0 0.0 0.19505684077054938 0.0 0.0 0.0 0.34013081896635844 0.0
0 0.704102 0.671387 0.130859 0.061523 0.0 0.0 0.0 0.29677564510711973 0.0 0.0 0.0 0.19530854378970916 0.0 0.0 0.0 0.33898038743715614 0.0
0 0.718750 0.621582 0.130859 0.061523 0.0 0.0 0.0 0.2515624254629066 0.0 0.0 0.0 0.19949626948422505 0.0 0.0 0.0 0.33871879119194453 0.0
0 0.732422 0.567871 0.130859 0.061523 0.0 0.0 0.0 0.37599147468487715 0.0 0.0 0.0 0.19954094776939033 0.0 0.0 0.0 0.3420343167970502 0.0
0 0.744141 0.520020 0.130859 0.061523 0.0 0.0 0.0 0.3620702390947423 0.0 0.0 0.0 0.19978853381541814 0.0 0.0 0.0 0.33988303488146854 0.0
0 0.759766 0.466309 0.130859 0.061523 0.0 0.0 0.0 0.38263178925136593 0.0 0.0 0.0 0.19985305667305522 0.0 0.0 0.0 0.33835238948846863 0.0
0 0.776367 0.413574 0.130859 0.061523 0.0 0.0 0.0 0.39499685239604093 0.0 0.0 0.0 0.19672826875263874 0.0 0.0 0.0 0.33511305843810407 0.0
