0 0.645508 0.254557 0.115234 0.157552 0.3572665231045044 0.0 0.0 0.0 0.0 0.0 0.0 0.0 0.0 0.0 0.0 0.0 0.0
0 0.463379 0.662760 0.143555 0.130208 0.0 0.1298388763623298 0.0 0.16507763116440877 0.02020241980936863 0.3253751260344768 0.0 0.26230567205805294 0.3416385636134922 0.4603642821015641 0.0 0.4533012880587194 0.35238142884789164
0 0.635742 0.666016 0.066406 0.087240 0.0 0.18050943589936083 0.17658669580060904 0.0 0.0 0.2730699398248687 0.2808843752660227 0.0 0.0 0.4386748708006125 0.47284956167600223 0.0 0.0
0 0.612793 0.846354 0.120117 0.101562 0.0 0.0 0.1867195828393726 0.0 0.18003684264529793 0.0 0.3115449195684794 0.0 0.29413297379283143 0.0 0.45766115143897224 0.0 0.46116906418571374
0 0.934570 0.391276 0.130859 0.139323 0.06923258109689619 0.12839202427804108 0.07433582637767636 0.0 0.1260368054684699 0.2566408514356546 0.2953433604690464 0.0 0.24862245360946097 0.7179791403452669 0.7819741715184645 0.0 0.7001501381811863
0 0.780273 0.524740 0.103516 0.145833 0.2766825914793164 0.0 0.0 0.0 0.0 0.0 0.0 0.0 0.0 0.0 0.0 0.0 0.0
0 0.257324 0.481771 0.110352 0.158854 0.035984071874283464 0.0 0.10904212415792361 0.0 0.16350812797487738 0.0 0.3059893367889571 0.0 0.3244986927052185 0.0 0.41118283228542024 0.0 0.005458539198500034
0 0.114258 0.593750 0.089844 0.093750 0.0 0.0 0.0 0.1414622051322246 0.08506426369347349 0.0 0.0 0.1420337859530882 0.36046012619036016 0.0 0.0 0.9857614701784605 0.003758277441111583
0 0.443359 0.811198 0.107422 0.075521 0.0 0.0 0.12263561618906997 0.0 0.10972582674668327 0.0 0.34034996987998684 0.0 0.3637523910069631 0.0 0.4529622658812185 0.0 0.4319782017109134
0 0.504395 0.439453 0.073242 0.165365 0.0 0.2338471766272665 0.0 0.1968480866601664 0.0 0.2000246508978712 0.0 0.20722039388659677 0.0 0.4575594331638085 0.0 0.439026114541853 0.0
0 0.022461 0.749349 0.042969 0.105469 0.0 0.36513156995496276 0.0 0.46366387742836124 0.0 0.278440083055405 0.0 0.3230351172295853 0.0 0.9296860901481756 0.0 0.8907025400777804 0.0
0 0.438477 0.884115 0.111328 0.075521 0.0 0.0 0.19735016583933945 0.0 0.07188935397270879 0.0 0.24672099400373323 0.0 0.2650512811458833 0.0 0.45618207397420557 0.0 0.42100425347065323
0 0.896973 0.265625 0.125977 0.109375 0.025668369466382762 0.0 0.11613713041150224 0.0 0.19332978199667258 0.0 0.30603142513597076 0.0 0.3123552225473293 0.0 0.7229749254926904 0.0 0.7086702679338417
0 0.567383 0.458333 0.048828 0.127604 0.0 0.21409540846401087 0.0 0.11683179429957313 0.0 0.2257976270762066 0.0 0.3900496669042556 0.0 0.465363303745502 0.0 0.4584837297764131 0.0
0 0.210449 0.744141 0.086914 0.113281 0.0 0.1511710360900489 0.0 0.23657109068440407 0.0 0.33036518715277424 0.0 0.2438613369208177 0.0 0.041288431555503914 0.0 0.10538435094615327 0.0
0 0.567871 0.684245 0.067383 0.134115 0.0 0.19367411730099485 0.0 0.1314438618231094 0.0 0.27226256708805313 0.0 0.26705856234161235 0.0 0.46326476606851086 0.0 0.45283614991569276 0.0
0 0.608887 0.924479 0.108398 0.057292 0.0 0.0 0.1428592614243555 0.0 0.24132286038833872 0.0 0.3505794185454204 0.0 0.19553295071238463 0.0 0.4386359440971167 0.0 0.4675320684164979
0 0.054688 0.429688 0.097656 0.161458 0.0 0.0 0.11570843408224828 0.0 0.14828955313614325 0.0 0.37100894687771485 0.0 0.3571036228651108 0.0 0.012122319661657204 0.0 0.011860096052599071
0 0.458008 0.211589 0.101562 0.126302 0.018933036828166914 0.1614193734563143 0.0 0.08574200987963854 0.0 0.2656488477320641 0.0 0.27757889268088337 0.0 0.9908299435981298 0.0 0.9823980573581739 0.0
0 0.210938 0.175130 0.111328 0.141927 0.1631038199912266 0.0 0.13842084777531768 0.0 0.0811136117697395 0.0 0.3306744607322907 0.0 0.3460278406823647 0.0 0.026859591160821435 0.0 0.013308550317112302
0 0.162109 0.537109 0.078125 0.100260 0.0 0.0 0.18038330248253542 0.0 0.223571630703454 0.0 0.2905088806669754 0.0 0.2842265080507435 0.0 0.02946253830801753 0.0 0.005506198740708454
0 0.762695 0.768880 0.080078 0.092448 0.0 0.0 0.1157961579847672 0.0 0.07158256805658798 0.0 0.1949899017346684 0.0 0.3603161524598794 0.0 0.4410821573756089 0.0 0.45322737556476766
0 0.384277 0.490885 0.055664 0.096354 0.0 0.0 0.0 0.27917186971296404 0.0 0.0 0.0 0.18028169946313685 0.0 0.0 0.0 0.45690284454751817 0.0
0 0.637695 0.461589 0.089844 0.115885 0.034897045377725616 0.03204169785987784 0.07161104789960145 0.06033401851610195 0.03755207904759319 0.2904616881616365 0.348791489992702 0.3743841308479498 0.2811478122992001 0.4499370938320559 0.45554389552721025 0.46055229051204694 0.4750182593107948
0 0.312012 0.582682 0.075195 0.100260 0.04862602473068599 0.0 0.14245588180470634 0.0 0.08242962668455098 0.0 0.26287560381445996 0.0 0.19128882994004262 0.0 0.46328726126408243 0.0 0.4940517197978971
0 0.958008 0.582682 0.083984 0.126302 0.0 0.0 0.012710711869505358 0.0 0.2952845699444204 0.0 0.1875576214360949 0.0 0.16997933667137233 0.0 0.5974874702646951 0.0 0.7215243803878426
0 0.282715 0.823568 0.108398 0.134115 0.0 0.11499623353006493 0.07212468544408487 0.16693479927821492 0.0 0.23528667670181372 0.2354740058827328 0.23085071673103813 0.0 0.03245153280734141 0.05027708445768692 0.124536504942832 0.0
0 0.797852 0.658203 0.144531 0.121094 0.0 0.01592528242290472 0.07590536812420168 0.08165677974974395 0.1017109732444948 0.27612664508047075 0.3875600736517609 0.3568445242869371 0.36989994693855216 0.40212478305908644 0.7121541045650072 0.5799104384642179 0.4583585830244817
0 0.853516 0.776693 0.085938 0.110677 0.0 0.04790089209369384 0.1306887016807026 0.0 0.10450553270281059 0.26540821255682934 0.2611017001411629 0.0 0.2528612730427917 0.7124611064058043 0.7184571119231464 0.0 0.7240586841338803
0 0.635254 0.368490 0.100586 0.075521 0.0 0.023388571227382696 0.10011829806980063 0.020498057792173223 0.13240146737724803 0.3768060811045226 0.3231708870577654 0.29751435461868764 0.3176732988235117 0.49224806668353377 0.39977042997936696 0.45803528991190645 0.47122158482415716
0 0.041992 0.178385 0.082031 0.187500 0.0 0.1445413051222414 0.0 0.08016789256972266 0.0 0.31742273135810417 0.0 0.3302455929385925 0.0 0.08561343746574168 0.0 0.08412758799322104 0.0
0 0.872559 0.884115 0.090820 0.109375 0.0 0.0 0.22848923056011922 0.0 0.24313164941685061 0.0 0.29959621939730297 0.0 0.2992278737700236 0.0 0.7168780670507778 0.0 0.7169970274419948
0 0.436523 0.476562 0.054688 0.109375 0.0 0.17290635853314354 0.0 0.21694207913395008 0.0 0.24021823388635244 0.0 0.22459146833436688 0.0 0.43146636504157193 0.0 0.45744000098024457 0.0
0 0.759766 0.869141 0.095703 0.113281 0.0 0.0 0.21314152713111215 0.0 0.22898715135624026 0.0 0.22686607355067498 0.0 0.3421933101304574 0.0 0.47024189505781666 0.0 0.43676328046144275
0 0.663086 0.124349 0.072266 0.100260 0.0 0.0 0.16697679321476622 0.0 0.11447134086857576 0.0 0.22070844676475695 0.0 0.25875210153186645 0.0 0.4646004173070739 0.0 0.4737920126818052
0 0.376953 0.307943 0.119141 0.152344 0.03938318868929745 0.0 0.13446335937724588 0.0 0.14169711081555553 0.0 0.2834335701155509 0.0 0.2955614807913891 0.0 0.005048140956293739 0.0 0.004874937479417933
0 0.982910 0.767578 0.034180 0.089844 0.0 0.0 0.0 0.0 0.2509368415197981 0.0 0.0 0.0 0.24872969048098914 0.0 0.0 0.0 0.7238222831158898
0 0.307617 0.694010 0.083984 0.132812 0.0 0.0 0.1633950741143519 0.0 0.19268875565088014 0.0 0.2107027520063292 0.0 0.19851880267250038 0.0 0.45916134082873505 0.0 0.45671638797479186
0 0.859375 0.128255 0.148438 0.180990 0.03184644433350664 0.0 0.07926230374861419 0.0 0.11353298612308123 0.0 0.25271788940958234 0.0 0.28711250203783834 0.0 0.7125945908650914 0.0 0.717149422326091
0 0.137695 0.292318 0.105469 0.152344 0.013274370770264426 0.03275795788564111 0.20160317106907952 0.0 0.04442446494702457 0.33295371313607897 0.3165186944995909 0.0 0.43248643083156474 0.9054962921836585 0.005119554378615653 0.0 0.004328066999872249
0 0.970215 0.684245 0.059570 0.121094 0.0 0.0 0.0 0.0 0.17138344993134383 0.0 0.0 0.0 0.19816813297791888 0.0 0.0 0.0 0.7103455183133742
0 0.517578 0.130859 0.101562 0.126302 0.040460507495152155 0.1971564354051743 0.0 0.08395537549833662 0.0 0.4132149896514943 0.0 0.39196557122207965 0.0 0.987481633085008 0.0 0.9743426769304311 0.0
0 0.583008 0.037760 0.068359 0.072917 0.2633751356183598 0.0 0.0 0.0 0.0 0.0 0.0 0.0 0.0 0.0 0.0 0.0 0.0
0 0.671387 0.035807 0.063477 0.069010 0.0 0.0 0.33227746532748564 0.0 0.0 0.0 0.29900736913354864 0.0 0.0 0.0 0.7226416083454069 0.0 0.0
0 0.060547 0.820964 0.076172 0.105469 0.16739384122326062 0.0 0.0 0.0 0.0 0.0 0.0 0.0 0.0 0.0 0.0 0.0 0.0
0 0.104980 0.886719 0.090820 0.127604 0.12492201358360094 0.0 0.01749068804340231 0.0 0.0 0.0 0.07204865042018517 0.0 0.0 0.0 0.6658020452466563 0.0 0.0
0 0.169434 0.953125 0.090820 0.091146 0.0 0.20091333674461342 0.0 0.10907259726716641 0.0 0.3072006590962009 0.0 0.2258322602658781 0.0 0.04407416215398901 0.0 0.033232661065843494 0.0
0 0.077637 0.041016 0.092773 0.079427 0.3198295791735285 0.0 0.0 0.0 0.0 0.0 0.0 0.0 0.0 0.0 0.0 0.0 0.0
0 0.287598 0.096354 0.090820 0.114583 0.0 0.12529085922412198 0.0 0.17998302468271707 0.02861863882839057 0.32069276891971316 0.0 0.3525536740579567 0.3089659447335852 0.8648160202795291 0.0 0.9940183340841076 0.34011766532737797
0 0.361328 0.029948 0.091797 0.057292 0.0 0.11918581424862451 0.0 0.3160808387461125 0.0 0.31290326236391 0.0 0.31738313328098194 0.0 0.9671826144356932 0.0 0.9829890963943525 0.0
0 0.760254 0.969401 0.094727 0.061198 0.24364121383467016 0.0 0.0 0.0 0.0 0.0 0.0 0.0 0.0 0.0 0.0 0.0 0.0
0 0.895996 0.970052 0.086914 0.059896 0.0 0.0 0.1502272447701026 0.0 0.11424905473291487 0.0 0.3302553026649985 0.0 0.3136834614600609 0.0 0.7108164828626161 0.0 0.71035489614713
0 0.621582 0.751302 0.098633 0.085938 0.0 0.0 0.20500309467772565 0.0 0.159401757985464 0.0 0.27491300757324794 0.0 0.273947502850929 0.0 0.4613830068950765 0.0 0.4583207235198371
0 0.439453 0.962240 0.111328 0.075521 0.0 0.0076246649171107924 0.1672754706963736 0.0 0.18305046785980372 0.3855813035722738 0.27422940205894647 0.0 0.36207682752765347 0.10621522322276501 0.46069461275904416 0.0 0.45838796293766615
0 0.604492 0.979167 0.103516 0.041667 0.0 0.0 0.07847319315413208 0.0 0.1156959091278123 0.0 0.25088552949398724 0.0 0.3421864130043835 0.0 0.5413889637181432 0.0 0.5160945116957929
