0 0.321289 0.793457 0.085938 0.108398 0.0 0.20245706344765313 0.0 0.21127874240447583 0.0 0.30024363929334197 0.0 0.3368666556363448 0.0 0.5550010368109523 0.0 0.5295327235607197 0.0
0 0.104492 0.640625 0.117188 0.128906 0.0 0.22933107196539576 0.0 0.12159553752707544 0.0 0.23063186041436134 0.0 0.22130997402601899 0.0 0.49382030033947993 0.0 0.5382293425420044 0.0
0 0.212891 0.643066 0.095703 0.114258 0.0 0.22499376071559346 0.0 0.16541731978510307 0.0 0.26576220953378027 0.0 0.3626868622352536 0.0 0.543454146673101 0.0 0.5382267954642379 0.0
0 0.406738 0.790039 0.086914 0.103516 0.0 0.2153930990644953 0.0 0.18611249123269674 0.0 0.30230097286318725 0.0 0.3862429888108318 0.0 0.5495657240514376 0.0 0.5430953543046232 0.0
0 0.881836 0.871094 0.109375 0.095703 0.0 0.0 0.10454167218609521 0.0 0.2373664480328659 0.0 0.2683184632610266 0.0 0.31813727438903994 0.0 0.5956576721354083 0.0 0.6151121489065893
0 0.488770 0.787598 0.075195 0.110352 0.0 0.20252091840447894 0.0 0.20287014946180043 0.0 0.2468749640733145 0.0 0.2637848114603938 0.0 0.542128558737183 0.0 0.5562324642632348 0.0
0 0.235840 0.796875 0.084961 0.101562 0.0 0.21098387120898437 0.0 0.17139420150878304 0.0 0.2938883992654432 0.0 0.37644322143647646 0.0 0.5391231237203958 0.0 0.527359509148803 0.0
0 0.154785 0.805176 0.084961 0.120117 0.0 0.09679648913183318 0.0693488182618881 0.06189383863015696 0.16132104993332547 0.4278249828725759 0.31775725996820187 0.19488756278468433 0.5138924199217869 0.5279580762443249 0.5286821746499899 0.637600887300551 0.5013870328316397
0 0.165527 0.900391 0.104492 0.068359 0.0 0.0 0.16695210775403552 0.0 0.23843090958548813 0.0 0.3920724642624673 0.0 0.27606840280702244 0.0 0.5723442300671003 0.0 0.511985560300468
0 0.894531 0.956543 0.115234 0.075195 0.0 0.0 0.15982818815126562 0.0 0.15582412011022717 0.0 0.332258617929058 0.0 0.30232811076088356 0.0 0.5692449842993378 0.0 0.5778882342181425
0 0.798340 0.277344 0.118164 0.095703 0.0515904572865985 0.042952062714009205 0.06304563275008636 0.06336281276653695 0.0805756313597963 0.3210119795925701 0.3231187739529762 0.3186315814915026 0.3208895169556494 0.7505724995006045 0.7556520661669756 0.7268398014569718 0.7561472164185634
0 0.623535 0.350098 0.088867 0.108398 0.0 0.0 0.17825764791285606 0.0 0.08189178650956591 0.0 0.3571641764447163 0.0 0.3893212753714518 0.0 0.7593548617171055 0.0 0.7542883882069558
0 0.446289 0.078613 0.146484 0.127930 0.0 0.07960722438848086 0.08826487211229937 0.1067664458172825 0.10883378016924154 0.3653614509894795 0.3703571545462733 0.36547499815167883 0.34756360275147313 0.8956722034274569 0.8925844747491312 0.8949031064173382 0.8086455681990969
0 0.747070 0.159668 0.123047 0.145508 0.0 0.07984460163247115 0.08280337882742515 0.07044067670373048 0.0807779623995182 0.28868098867749925 0.3151361559493498 0.28323922211031494 0.31389437673746684 0.9191824734605485 0.8771058579781681 0.8731163966758042 0.8423933811061485
0 0.024902 0.649902 0.047852 0.108398 0.0 0.2152403018948841 0.0 0.19367877981827628 0.0 0.174668741817501 0.0 0.1882026228436158 0.0 0.5430609554498805 0.0 0.5570956483923434 0.0
0 0.573730 0.257324 0.088867 0.100586 0.0 0.0 0.17560235749077185 0.0 0.14181303955402771 0.0 0.3557920885249187 0.0 0.3714646612076701 0.0 0.8648602436166095 0.0 0.8545215412583386
0 0.527344 0.190918 0.082031 0.081055 0.0 0.0 0.2261945001340043 0.0 0.10915056165284477 0.0 0.3314306304906272 0.0 0.28660975930730914 0.0 0.8802610300481449 0.0 0.8357341049697559
0 0.202148 0.481445 0.117188 0.138672 0.0 0.08941336402971715 0.0 0.18464249494580462 0.0 0.3555272149592623 0.0 0.19564437079053418 0.0 0.6327235048693152 0.0 0.5860867657794162 0.0
0 0.860840 0.513184 0.139648 0.081055 0.0 0.0 0.13579973742501045 0.005155292672946083 0.2569744119432477 0.0 0.3133946383262025 0.25727540476957605 0.2667410253474756 0.0 0.5871450555278541 0.3105169401089619 0.6279129064898126
0 0.227051 0.301758 0.063477 0.111328 0.0 0.20787823072697137 0.0 0.21026849162539263 0.0 0.2925146080459169 0.0 0.2881328174266189 0.0 0.6119214807331244 0.0 0.6288314556431898 0.0
0 0.165527 0.967773 0.106445 0.064453 0.0 0.0 0.16454801935126895 0.0 0.16918061702649873 0.0 0.26239008682462706 0.0 0.2430338411256536 0.0 0.5466128592788231 0.0 0.49741578795233105
0 0.454590 0.641602 0.118164 0.095703 0.0 0.0 0.10000655963385309 0.07423859972766864 0.15287996164726644 0.0 0.19761170605300207 0.1811306951503906 0.22395661034484843 0.0 0.710936162955073 0.5435980562275365 0.5933105920542814
0 0.286133 0.636230 0.054688 0.100586 0.0 0.1291217803130014 0.0 0.18475921261216463 0.0 0.34329737751478884 0.0 0.3262878213346522 0.0 0.571124836711629 0.0 0.5394913670435711 0.0
0 0.650391 0.793945 0.169922 0.160156 0.22304038387704125 0.0 0.0 0.0 0.0 0.0 0.0 0.0 0.0 0.0 0.0 0.0 0.0
0 0.426758 0.295410 0.080078 0.079102 0.0 0.1904662542684849 0.0 0.2189580981673569 0.0 0.2559246273850228 0.0 0.2863834168581829 0.0 0.20159429946804178 0.0 0.20111916621070172 0.0
0 0.867188 0.587891 0.138672 0.076172 0.015718560653325057 0.0 0.12944174823275625 0.0 0.1720933943179421 0.0 0.2991874047124145 0.0 0.2709960040290102 0.0 0.5769165104794884 0.0 0.5806878283229802
0 0.044922 0.477539 0.087891 0.111328 0.0 0.08407973525583554 0.02511162477871588 0.09539105118014075 0.0 0.2479851070177738 0.23545437659128005 0.25612782379677956 0.0 0.4494595806922086 0.461410194842523 0.4845003008832298 0.0
0 0.848633 0.442383 0.142578 0.062500 0.0 0.08263300667095208 0.06596564211095506 0.04077484583071965 0.14273390432266492 0.36289189058083654 0.3102214708522146 0.36534207933334784 0.2443894108764244 0.5807333950540213 0.6064844312395274 0.5856932709922325 0.5993584285880222
0 0.851562 0.120117 0.111328 0.091797 0.0 0.14988265998784422 0.04413186430051975 0.13878693948775417 0.04029284118581675 0.3527067496639245 0.3664678764780685 0.3475029577304669 0.3726569563688931 0.896938216935614 0.8960733733226691 0.872174433656235 0.8808318643712015
0 0.294434 0.449219 0.059570 0.105469 0.0 0.0919959014211444 0.0 0.15312744061058436 0.0 0.2895867326617716 0.0 0.15382343987495897 0.0 0.6059663905777717 0.0 0.6001033764301534 0.0
0 0.597168 0.628906 0.081055 0.078125 0.0 0.012216508544975083 0.04298986792399756 0.10558183703699203 0.1532261103467805 0.28517705341639726 0.3173967731684197 0.312461496233983 0.33549876200425227 0.7094393548259998 0.6731490900093622 0.5594765005550282 0.6962739299362132
0 0.101074 0.327148 0.079102 0.095703 0.0 0.17381301203526106 0.0 0.21966165699075507 0.0 0.3361428961456243 0.0 0.32120991901817836 0.0 0.5471134584664307 0.0 0.5516768798688184 0.0
0 0.026855 0.924805 0.049805 0.150391 0.0 0.0 0.42915618839924335 0.0 0.0 0.0 0.2692224561126725 0.0 0.0 0.0 0.5084475902557932 0.0 0.0
0 0.349609 0.636719 0.082031 0.101562 0.0 0.1496679262719689 0.0 0.15062916390413592 0.0 0.2699644776468112 0.0 0.2490831559300059 0.0 0.5526316441878748 0.0 0.5360683797955239 0.0
0 0.166992 0.314453 0.058594 0.111328 0.0 0.16816393392960305 0.0 0.1552218409474873 0.0 0.28027971133630497 0.0 0.30696327175609944 0.0 0.6052261498537239 0.0 0.6166268941792572 0.0
0 0.123047 0.488770 0.052734 0.124023 0.0 0.12829777049467325 0.0 0.1841744026307896 0.0 0.2818195804448256 0.0 0.18431104369893705 0.0 0.5346304529573339 0.0 0.530190470777792 0.0
0 0.826660 0.369141 0.135742 0.083984 0.0 0.03672878163967999 0.09560719480678082 0.04033915720699166 0.08576389173776036 0.32251020387784435 0.33151108435753995 0.34239146535887705 0.34901670448737554 0.6578192135907485 0.6692676993247847 0.6693492210681301 0.6637813959565696
0 0.679199 0.606445 0.100586 0.132812 0.3342762398608971 0.0 0.0 0.0 0.0 0.0 0.0 0.0 0.0 0.0 0.0 0.0 0.0
0 0.350586 0.435547 0.078125 0.091797 0.0 0.21507282994530272 0.0 0.11838583648489329 0.0 0.2620234524196777 0.0 0.2674861414918879 0.0 0.40629810453295506 0.0 0.56643828470305 0.0
0 0.078613 0.484375 0.043945 0.109375 0.0 0.13354591056243664 0.0 0.16738137316334217 0.0 0.2524230263525797 0.0 0.18207790890656356 0.0 0.46279940251306073 0.0 0.49748500708061993 0.0
0 0.551758 0.485840 0.068359 0.069336 0.0 0.0 0.23811885170047584 0.0 0.16050613851635345 0.0 0.35151042428077794 0.0 0.32600746692532695 0.0 0.6895837204355175 0.0 0.7042333085548447
0 0.571777 0.552246 0.073242 0.069336 0.0 0.0 0.14635457644534 0.0 0.1436498760052935 0.0 0.4146871859194385 0.0 0.3848929583972143 0.0 0.7045165630179164 0.0 0.6885652647853729
0 0.033691 0.289551 0.065430 0.145508 0.1162880851234063 0.0434527671054285 0.10787078218743704 0.06369237053972907 0.08515316178256446 0.34125285222069834 0.28358939937234 0.3205274564731792 0.29529510459661024 0.4091733865005581 0.35301826590647223 0.44336707921435037 0.35232954441561615
0 0.483887 0.329102 0.086914 0.082031 0.0 0.0 0.2030091018703193 0.1321373922757292 0.0 0.0 0.2781515630911622 0.32197534564170033 0.0 0.0 0.9853491822530995 0.019352047070580625 0.0
0 0.426758 0.552246 0.109375 0.090820 0.0 0.0 0.13632052962621438 0.0 0.10618190201081171 0.0 0.25622306161894853 0.0 0.2559572106224383 0.0 0.6937869239870049 0.0 0.7066887353193311
0 0.402344 0.460449 0.078125 0.073242 0.0 0.0 0.23256780371925448 0.014098987041831304 0.10580181121831105 0.0 0.24657786828999959 0.29946220986622063 0.25964527520664954 0.0 0.9091653281417681 0.049699184680873525 0.8026617153582395
0 0.874512 0.699219 0.122070 0.091797 0.37591992692516213 0.0 0.0 0.0 0.0 0.0 0.0 0.0 0.0 0.0 0.0 0.0 0.0
0 0.371582 0.440918 0.118164 0.100586 0.0 0.1365419981781985 0.0922600803793197 0.0775058165829346 0.06407206667536212 0.2647141004084497 0.2527146818949025 0.2710871946850389 0.27266557447811973 0.40111057585833026 0.9188608955050872 0.5556546302594522 0.8672580017606628
0 0.417969 0.513184 0.097656 0.065430 0.0 0.0 0.1459749886650573 0.0 0.13116156439818627 0.0 0.26043140565169054 0.0 0.27483375782822506 0.0 0.6994978159067818 0.0 0.6932299422961108
0 0.429199 0.566406 0.102539 0.064453 0.0 0.014407546139924652 0.1781039095542062 0.0 0.1640101272429031 0.3993005150800928 0.2559366451104904 0.0 0.2500020963824381 0.3422377603074054 0.694379101388045 0.0 0.6642615254267249
0 0.355469 0.284180 0.066406 0.091797 0.0 0.18348285516728763 0.0 0.1955274357581823 0.0 0.2762801869993036 0.0 0.26636224092790495 0.0 0.37727405045588447 0.0 0.405423405209169 0.0
0 0.886230 0.778809 0.131836 0.079102 0.14877913443216886 0.0 0.0 0.0 0.0 0.0 0.0 0.0 0.0 0.0 0.0 0.0 0.0
0 0.935547 0.087402 0.091797 0.098633 0.0 0.0786340005899133 0.06716614427547953 0.1710569700070902 0.06696880232555574 0.3788345521823724 0.40371288266556216 0.3467596825221624 0.3951114468016203 0.9217981323487003 0.8898390802122447 0.8562050421856172 0.8890674029084396
0 0.024902 0.808594 0.047852 0.083984 0.0 0.09071598389386343 0.2076090758786776 0.0 0.05302719125770968 0.13888576035862074 0.11036051252014875 0.0 0.1040908074283809 0.4375382514317317 0.5343469058746262 0.0 0.580271514892532
0 0.973633 0.028320 0.052734 0.054688 0.0 0.12031794068672523 0.0 0.25271153845493943 0.0 0.3474561508217387 0.0 0.3529996542332364 0.0 0.9153923040346134 0.0 0.9015487676747274 0.0
0 0.290527 0.286133 0.073242 0.091797 0.19579713173046043 0.0239479634000559 0.026161271056972312 0.22889490280364663 0.022450385071212286 0.3046982568888471 0.448225836389923 0.29177825214231945 0.4633226769972992 0.738991285983237 0.5883930638984493 0.5912581296730051 0.607013071530966
0 0.514648 0.981934 0.125000 0.036133 0.3732482183801299 0.0 0.0 0.0 0.0 0.0 0.0 0.0 0.0 0.0 0.0 0.0 0.0
0 0.539551 0.415039 0.088867 0.082031 0.0 0.0 0.1004423321949927 0.0 0.17258913935022438 0.0 0.17407071315038722 0.0 0.2557772415905083 0.0 0.6944950923141082 0.0 0.804611614431225
0 0.423340 0.522461 0.106445 0.074219 0.0 0.0 0.11806282279766826 0.0 0.1060819026397692 0.0 0.26043140565169054 0.0 0.27483375782822506 0.0 0.6994978159067818 0.0 0.6932299422961108
0 0.246582 0.080566 0.182617 0.125977 0.30594694993703503 0.0 0.0 0.005913650773753799 0.0 0.0 0.0 0.29133256853630674 0.0 0.0 0.0 0.5752687327169964 0.0
0 0.663086 0.471191 0.111328 0.127930 0.3140912831926192 0.0 0.0 0.0 0.0 0.0 0.0 0.0 0.0 0.0 0.0 0.0 0.0
0 0.291992 0.927734 0.140625 0.119141 0.0 0.15226313483465442 0.0 0.10085068112993155 0.0 0.2515448568118615 0.0 0.24445375882277448 0.0 0.6510309921386358 0.0 0.7384906740046802 0.0
0 0.545898 0.786133 0.042969 0.113281 0.0 0.161603808054225 0.0 0.10281418582627212 0.0 0.17700263138649525 0.0 0.21011214720822216 0.0 0.5441870259710433 0.0 0.6263934575644492 0.0
