0 0.419271 0.259766 0.312500 0.136719 0.0044629899760737285 0.18794282372458387 0.06994094192492928 0.07735077171830482 0.03330894771277077 0.15699333971271984 0.332895423740668 0.12862437285066236 0.3351722054839434 0.5355378001054258 0.6846791118095458 0.5399531637224546 0.7027849881473294
0 0.692057 0.231934 0.170573 0.118164 0.0 0.2100775876455098 0.0 0.119358087080228 0.03429231684500368 0.2980948364212343 0.0 0.34474065818115085 0.42732897207376663 0.56719732615689 0.0 0.5621043778926953 0.552229569109859
0 0.316406 0.077637 0.093750 0.147461 0.0 0.16915353262650337 0.0 0.11202659190255285 0.0 0.2736056413864899 0.0 0.26304489956385124 0.0 0.5243600492843672 0.0 0.5392554978442325 0.0
0 0.333333 0.393066 0.093750 0.096680 0.0 0.0 0.11798282865748425 0.0 0.1868109464806211 0.0 0.3950846772804928 0.0 0.39655066095939273 0.0 0.64494302701577 0.0 0.6107994151723282
0 0.235026 0.110840 0.079427 0.092773 0.0 0.2040924854449309 0.0 0.14972792500868518 0.0 0.16078529776717423 0.0 0.32168233927936024 0.0 0.521665615547788 0.0 0.5267061966995262 0.0
0 0.534505 0.351074 0.110677 0.092773 0.0 0.01729869812808679 0.15055169977138566 0.010220571712226739 0.15158150596857012 0.3142247385583339 0.4079235563101262 0.29787759399351066 0.35604163482784695 0.694272084973088 0.5516420215565301 0.6554015745334564 0.6237619290226368
0 0.487630 0.465820 0.227865 0.117188 0.0 0.1347087022038639 0.0490381800414305 0.12993618578880342 0.020561355779377285 0.3132417416781925 0.36767092519824446 0.2952512524101871 0.41760197068401966 0.7922039444206571 0.47966783847966155 0.8225041257435787 0.43874008898922595
0 0.456380 0.077148 0.196615 0.142578 0.0 0.2077985731369654 0.0 0.24529050415646256 0.0 0.28072269932935634 0.0 0.25510524201546436 0.0 0.5226703363746968 0.0 0.5257478121776527 0.0
0 0.652344 0.397461 0.101562 0.203125 0.0 0.02114947006471514 0.05348370816558627 0.01487634799880113 0.08540557467589058 0.23801760631571445 0.4130923058231461 0.2876214671097348 0.4339208825078109 0.5976009893541969 0.551075173797448 0.6004053713625237 0.4879906563267126
0 0.781901 0.647949 0.399740 0.184570 0.0 0.11994417734089546 0.03511725022389879 0.11840431607384339 0.03508355030563619 0.3758816412323937 0.26033355928831914 0.37218317141143675 0.25505220251922833 0.6681731669952177 0.6794591109424957 0.6692155554745389 0.657092961827298
0 0.606120 0.092285 0.089844 0.092773 0.0 0.189331425630967 0.0 0.09985029858828823 0.0 0.3499325527255801 0.0 0.39349727655346556 0.0 0.6193625164879086 0.0 0.6079909547746746 0.0
0 0.159505 0.563477 0.131510 0.166016 0.0 0.15894927383023688 0.0 0.1812083048585829 0.0 0.20723212128468485 0.0 0.18595235109794553 0.0 0.7087823749312938 0.0 0.7259002827436323 0.0
0 0.826823 0.223633 0.109375 0.125000 0.0 0.08961460981692092 0.0 0.15522890376421078 0.0 0.2823529868366321 0.0 0.2762448099399183 0.0 0.5603027055357068 0.0 0.5601035878118258 0.0
0 0.776693 0.075195 0.261719 0.099609 0.0 0.16183130887792563 0.0 0.19990960953432405 0.0 0.3920710191319298 0.0 0.37337219001027244 0.0 0.6146322310327209 0.0 0.6136346641948655 0.0
0 0.280599 0.514160 0.175781 0.122070 0.0 0.13314347193768655 0.0 0.1386946415115983 0.0 0.2006149923163876 0.0 0.2067552179930651 0.0 0.8791551364125689 0.0 0.8734196570749526 0.0
0 0.939453 0.207520 0.121094 0.106445 0.0 0.10846454885902806 0.0 0.1482105310251156 0.0 0.2109575044356612 0.0 0.14087928104840228 0.0 0.5562605995848933 0.0 0.5205879837146615 0.0
0 0.931641 0.362305 0.126302 0.216797 0.15770404129555424 0.0 0.0 0.0 0.12380797077780221 0.0 0.0 0.0 0.06760746006872947 0.0 0.0 0.0 0.5493148208443108
0 0.154297 0.109863 0.079427 0.092773 0.0 0.19797562772129532 0.0 0.08654055492425614 0.0 0.12093049496912128 0.0 0.42307079594782543 0.0 0.5766733788293842 0.0 0.5345702916375672 0.0
0 0.058594 0.092285 0.114583 0.139648 0.0 0.1462788272825855 0.0 0.16191631167596054 0.0 0.2538644499516204 0.0 0.2537770686743802 0.0 0.5396532981819705 0.0 0.5273547280163844 0.0
0 0.072266 0.419922 0.141927 0.078125 0.0 0.11129037179552444 0.027302087746288856 0.08675939043761145 0.019902769041089893 0.17549816804536775 0.20780258148231978 0.1255962361988186 0.1943662488138127 0.40911798607729016 0.4313559964566328 0.4878341151138291 0.4232753264524648
0 0.083984 0.237793 0.165365 0.077148 0.0 0.17147707765515102 0.0684125703449987 0.12113449365779436 0.0 0.411166252462253 0.3235668946031773 0.33313080547078955 0.0 0.5365227189213905 0.44479024336007456 0.570480552601102 0.0
0 0.051432 0.486328 0.100260 0.074219 0.22701487036568832 0.0 0.0 0.0 0.0 0.0 0.0 0.0 0.0 0.0 0.0 0.0 0.0
0 0.051432 0.555664 0.100260 0.074219 0.1582863258387943 0.0 0.09393536791550784 0.0 0.0 0.0 0.14542944011692507 0.0 0.0 0.0 0.4709898100262005 0.0 0.0
0 0.051432 0.633301 0.100260 0.061523 0.0 0.0 0.0 0.13313825524187428 0.0 0.0 0.0 0.19662305508484834 0.0 0.0 0.0 0.49141062983621975 0.0
