0 0.910156 0.143229 0.179688 0.140625 0.37416183165642175 0.0 0.0 0.0 0.0 0.0 0.0 0.0 0.0 0.0 0.0 0.0 0.0
0 0.233073 0.535807 0.106771 0.115885 0.06194459766556591 0.15381350575820785 0.018835724191041216 0.1633669551775332 0.020082703096564715 0.308392893070824 0.31978936536326835 0.2627714942224204 0.33401802219232984 0.5239662509332206 0.5403024893214188 0.5227128667013587 0.47306619124600535
0 0.132161 0.546224 0.113281 0.110677 0.0 0.13517891385707237 0.0 0.15857589338985534 0.0 0.06963660312252987 0.0 0.06691733957574325 0.0 0.523380751939369 0.0 0.5059549864368263 0.0
0 0.040365 0.511719 0.078125 0.208333 0.06737341564303659 0.034971507359726116 0.08470567084679723 0.14901523687432572 0.032808535159619914 0.29466303227927 0.28050106770883654 0.2608146300808326 0.2991121739383119 0.5176383083401761 0.5179732577517511 0.5331004349281809 0.5271750069635278
0 0.339193 0.531901 0.121094 0.118490 0.15421629028034903 0.02376118344944563 0.018940868878582387 0.1562637391490581 0.12008947856255688 0.38697172644119227 0.3753204404830997 0.31881722330964124 0.33642252480298285 0.5331749396452041 0.5955360472733271 0.5327128485601917 0.5155160091914569
0 0.463542 0.533854 0.132812 0.101562 0.06553090624529101 0.10025311170047371 0.0 0.1709137797817691 0.0 0.30839764345198994 0.0 0.24644497885781386 0.0 0.5353189208789084 0.0 0.5223319282779388 0.0
0 0.067057 0.028646 0.131510 0.054688 0.0 0.05796664482455032 0.1386133891534724 0.18747513851273437 0.10706069693808576 0.18117435973298288 0.1426324476780923 0.17439739668254173 0.16970413699139922 0.5420991889237521 0.3708896645700349 0.5311872230506689 0.5052801359192942
0 0.464193 0.239583 0.126302 0.187500 0.3118718448897232 0.0 0.0 0.0 0.0 0.0 0.0 0.0 0.0 0.0 0.0 0.0 0.0
0 0.023438 0.289714 0.044271 0.147135 0.0 0.0 0.40059584389187664 0.0 0.0 0.0 0.32742218103800413 0.0 0.0 0.0 0.5185564844242663 0.0 0.0
0 0.873047 0.317057 0.170573 0.160156 0.07712730368874349 0.07841438370292264 0.0 0.10527533131629038 0.0 0.09960013866620411 0.0 0.0814384944248658 0.0 0.5025521659564058 0.0 0.5142183010766896 0.0
0 0.715495 0.255859 0.136719 0.134115 0.19007522460239054 0.02674023565930485 0.0 0.0917027083014289 0.062012288723363784 0.18078498035846877 0.0 0.16286720980460254 0.11208336715941705 0.48965100108812265 0.0 0.5234315432481196 0.5116774428779097
0 0.968099 0.817057 0.063802 0.147135 0.0 0.09720841249476693 0.0 0.07684449922250326 0.20879195505302528 0.156271870368101 0.0 0.15120658398108494 0.13405355281763529 0.4840922895776032 0.0 0.5204853790951303 0.5267205550699089
0 0.170573 0.893880 0.169271 0.147135 0.0 0.10971687171617846 0.07790434874179022 0.10123371868103076 0.07327714790397902 0.0733569754626418 0.07395095527169794 0.07168890588348299 0.08087559242931441 0.5424051813985686 0.5276796380606594 0.49327678929944907 0.5178531481434536
0 0.336589 0.347005 0.141927 0.240885 0.04059913346999098 0.016937396809800682 0.09340890736464355 0.034878913925403376 0.12529427274684335 0.07713225615829401 0.0685357428176498 0.06835900083486944 0.0695197146610521 0.5206441228119172 0.5253014134717848 0.5047005842502585 0.519604712210608
0 0.020833 0.134115 0.039062 0.171875 0.0 0.0 0.3042500531921699 0.0 0.0 0.0 0.31160605558677207 0.0 0.0 0.0 0.5207321293792435 0.0 0.0
0 0.294271 0.832682 0.145833 0.139323 0.3338756113090039 0.0 0.0 0.0 0.0 0.0 0.0 0.0 0.0 0.0 0.0 0.0 0.0
0 0.584635 0.526042 0.132812 0.101562 0.05209363242678116 0.11805621048686951 0.0 0.09566285349957253 0.0 0.3154345594400722 0.0 0.2937244851870858 0.0 0.5269379875366946 0.0 0.5232434786242874 0.0
0 0.863932 0.966797 0.160156 0.066406 0.40468598629561564 0.0 0.0 0.0 0.0 0.0 0.0 0.0 0.0 0.0 0.0 0.0 0.0
