0 0.397786 0.615234 0.118490 0.083984 0.0 0.16245407319878846 0.0 0.243288297608771 0.0 0.2873832447974281 0.0 0.3257427360961691 0.0 0.6490980486035222 0.0 0.6007895068777764 0.0
0 0.413411 0.922363 0.115885 0.065430 0.0 0.2658307053463096 0.0 0.0 0.0 0.30792691834614827 0.0 0.0 0.0 0.5762804838897064 0.0 0.0 0.0
0 0.294922 0.632324 0.113281 0.098633 0.0 0.18109699768468923 0.0 0.1925751075931785 0.0 0.2520284399775417 0.0 0.2570121212308415 0.0 0.6372125328648198 0.0 0.642661753911567 0.0
0 0.559245 0.587402 0.217448 0.112305 0.0 0.1274211930654493 0.03108952544908993 0.1582738785755313 0.0 0.2953553172966769 0.286142296273967 0.26592145699352665 0.0 0.6431333202923408 0.6397624802729182 0.6489191178831883 0.0
0 0.297526 0.940430 0.121094 0.074219 0.0 0.09099023171226138 0.0 0.0 0.0 0.2246436102211931 0.0 0.0 0.0 0.5831230304126386 0.0 0.0 0.0
0 0.527344 0.908691 0.106771 0.067383 0.0 0.23767350643168822 0.0 0.0 0.0 0.30413556039409806 0.0 0.0 0.0 0.5717979897998291 0.0 0.0 0.0
0 0.626953 0.893066 0.097656 0.063477 0.0 0.19627010955742752 0.0 0.0 0.0 0.2705028745685685 0.0 0.0 0.0 0.6007250403978542 0.0 0.0 0.0
0 0.187500 0.643066 0.114583 0.092773 0.0 0.2163574607681299 0.0 0.17424599587795303 0.0 0.2858760898423504 0.0 0.28316418195109416 0.0 0.6372209784030287 0.0 0.6507998484166465 0.0
0 0.190755 0.952637 0.095052 0.071289 0.0 0.2578849439986242 0.0 0.0 0.0 0.28199942921657467 0.0 0.0 0.0 0.5840363986456487 0.0 0.0 0.0
0 0.192057 0.100098 0.079427 0.065430 0.0 0.0 0.0 0.0 0.40942572682004724 0.0 0.0 0.0 0.15952326099519296 0.0 0.0 0.0 0.27247446362540273
0 0.300130 0.324707 0.225260 0.147461 0.26308247343151453 0.0 0.0 0.0 0.0 0.0 0.0 0.0 0.0 0.0 0.0 0.0 0.0
0 0.175130 0.503906 0.136719 0.083984 0.0 0.13580089634383866 0.0 0.06544588259727495 0.0 0.31647509729755924 0.0 0.3089757650537365 0.0 0.6574763842450513 0.0 0.6522345494585668 0.0
0 0.707031 0.407227 0.145833 0.082031 0.3937482856908591 0.0 0.005888838941703155 0.0 0.0 0.0 0.11524576575538291 0.0 0.0 0.0 0.6415597971211379 0.0 0.0
0 0.527995 0.250977 0.141927 0.119141 0.18694294826932348 0.0 0.0 0.0 0.0 0.0 0.0 0.0 0.0 0.0 0.0 0.0 0.0
0 0.488281 0.445801 0.304688 0.122070 0.22696653356637514 0.0 0.0 0.0 0.0 0.0 0.0 0.0 0.0 0.0 0.0 0.0 0.0
0 0.882161 0.831055 0.144531 0.060547 0.36840521982126095 0.0 0.0 0.0 0.0 0.0 0.0 0.0 0.0 0.0 0.0 0.0 0.0
0 0.158203 0.153809 0.079427 0.065430 0.0 0.0 0.0 0.0 0.5447252774024431 0.0 0.0 0.0 0.1588005906609166 0.0 0.0 0.0 0.1532702076808012
0 0.110026 0.204590 0.079427 0.065430 0.0 0.0 0.0 0.0 0.512069039647746 0.0 0.0 0.0 0.1590403543386006 0.0 0.0 0.0 0.03386575130252759
0 0.054036 0.236816 0.079427 0.065430 0.1570143193285789 0.0 0.0 0.1114737634451468 0.0 0.0 0.0 0.3023729207126989 0.0 0.0 0.0 0.8980992175484555 0.0
0 0.687500 0.187012 0.179688 0.155273 0.2607395970082954 0.0 0.0 0.0 0.0 0.0 0.0 0.0 0.0 0.0 0.0 0.0 0.0
0 0.889323 0.127441 0.221354 0.225586 0.09535768031394996 0.003402552403738452 0.0 0.04369803918128811 0.0 0.13214744644007353 0.0 0.10906738694181907 0.0 0.6334532726366358 0.0 0.8371160253259777 0.0
0 0.887370 0.380371 0.225260 0.129883 0.3603199797240443 0.0 0.0 0.0 0.0 0.0 0.0 0.0 0.0 0.0 0.0 0.0 0.0
0 0.054688 0.527344 0.106771 0.078125 0.0 0.16207126026622992 0.0 0.12342727512079474 0.0 0.2526089567869787 0.0 0.26578775879836447 0.0 0.6588243138726112 0.0 0.6519351017476935 0.0
0 0.065755 0.659668 0.128906 0.094727 0.0 0.17114757466077057 0.0 0.17838212460950453 0.0 0.29494267438580746 0.0 0.3074544651222462 0.0 0.6604611307617093 0.0 0.6620699641111312 0.0
0 0.071615 0.964844 0.140625 0.070312 0.0 0.1865916938291094 0.0 0.0 0.0 0.29257082645613297 0.0 0.0 0.0 0.5583337137799738 0.0 0.0 0.0
0 0.852865 0.586426 0.276042 0.262695 0.0 0.11233045473309702 0.0 0.11557254305481246 0.0 0.12025763838882728 0.0 0.12633189046088447 0.0 0.633524771789954 0.0 0.6528150670255861 0.0
