0 0.856445 0.899414 0.154297 0.201172 0.1817334129723809 0.0 0.008637765022292646 0.0 0.0 0.0 0.18304528929253716 0.0 0.0 0.0 0.5999531558974724 0.0 0.0
0 0.166992 0.328613 0.064453 0.057617 0.0 0.18327479264190338 0.0 0.1710664567198015 0.07739664855899936 0.24834610209785898 0.0 0.2544920939227564 0.2582616849803882 0.3024626090217808 0.0 0.29889962313166873 0.3008923004681394
0 0.095703 0.305176 0.078125 0.086914 0.0 0.11128959663857878 0.06640703303572397 0.04985724651578621 0.0 0.3234179369561093 0.32883867384707893 0.3127786990478981 0.0 0.2605317741431095 0.3192343383741843 0.2779255541193843 0.0
0 0.731445 0.059082 0.111328 0.110352 0.0 0.0 0.19985219487569028 0.0 0.07782493618750107 0.0 0.3367326042130197 0.0 0.279508716461072 0.0 0.6932953970124841 0.0 0.679447048715181
0 0.354980 0.801270 0.071289 0.069336 0.0 0.16687768265406946 0.11669868676518566 0.15965451367062478 0.0 0.30915737229776696 0.2351488190973248 0.32033904665975116 0.0 0.2923766963473953 0.5219539094521853 0.3124508702269556 0.0
0 0.786133 0.462891 0.087891 0.089844 0.0 0.1269853441506098 0.061145624045151115 0.0941968157469636 0.0 0.31829337127087287 0.30824105951157 0.2978722094306327 0.0 0.13153207829132502 0.20429612372143424 0.1356739631854364 0.0
0 0.318359 0.641602 0.064453 0.080078 0.0 0.1467022391274918 0.09763786542076305 0.12385682887342837 0.0 0.35384293023114405 0.4036189851489957 0.35282739363716475 0.0 0.29112335663469807 0.2967435689384552 0.3129123633418759 0.0
0 0.116699 0.578125 0.075195 0.080078 0.0 0.11441344128019368 0.0 0.14261961691342168 0.0485708160298733 0.28879556340429663 0.0 0.2905540857816858 0.44862154435032114 0.30064555102958507 0.0 0.28190292505506453 0.30911569644685305
0 0.037109 0.156738 0.072266 0.088867 0.0 0.10764029717660166 0.0 0.14131713202134394 0.06771638899734071 0.27230831664516264 0.0 0.269522769413546 0.28380190086445284 0.3064777736708682 0.0 0.30127334154122043 0.32497373003653673
0 0.209473 0.758789 0.083008 0.072266 0.0 0.10727796498778762 0.05437559940663421 0.08302017536853697 0.0 0.2864011311489595 0.2693389085619853 0.3143507068934737 0.0 0.30209992597685315 0.2976342445789726 0.31033381514821484 0.0
0 0.459961 0.906738 0.068359 0.063477 0.07380168137423797 0.0 0.0 0.24333856339070076 0.0 0.0 0.0 0.19819809672912944 0.0 0.0 0.0 0.5512018781575395 0.0
0 0.374512 0.152344 0.139648 0.091797 0.0 0.10364658306434284 0.022308814348365673 0.08170193146189617 0.04523268435895345 0.3079973490723389 0.27065640753967063 0.32079565692597184 0.3207399745054587 0.6189528831703761 0.603040195873317 0.6262214966129144 0.6240074928778471
0 0.251465 0.617188 0.073242 0.080078 0.0 0.1578565503416269 0.0 0.12886303131837432 0.07917916143333287 0.35848658122985416 0.0 0.36650251812538764 0.36780397227901673 0.3075287121111608 0.0 0.30624898256959343 0.3033983727656079
0 0.182129 0.594238 0.075195 0.077148 0.0 0.09078819112129227 0.101084375254269 0.05232642995884347 0.0 0.28691605753723154 0.27505830361273037 0.29059205302618457 0.0 0.298287314382152 0.3028339158121222 0.3005198957847774 0.0
0 0.095215 0.872559 0.075195 0.084961 0.0 0.08662331370783218 0.05635220022394502 0.09146376191596953 0.0 0.28156913406158296 0.30629962059250976 0.2948801755055692 0.0 0.6146757924614275 0.6268154772462051 0.6277431788354344 0.0
0 0.224121 0.458008 0.077148 0.097656 0.0 0.10878617670254669 0.0 0.07868330611738227 0.040854460595143346 0.36144985929720874 0.0 0.28372829613753014 0.3562328197351473 0.2871511462863909 0.0 0.32088259753184656 0.31013476067101886
0 0.370117 0.274414 0.083984 0.078125 0.0 0.10722699211911543 0.0 0.06980038885647333 0.04334890431933166 0.32411227873933396 0.0 0.3345750449223304 0.3308075265568569 0.2747980661535059 0.0 0.2631852469805892 0.26814321299972527
0 0.289551 0.773438 0.073242 0.068359 0.0 0.13101377639535494 0.0 0.11624426239872279 0.07961625840278869 0.32552591149389093 0.0 0.3370936087630078 0.3193815077834303 0.3061125862232449 0.0 0.3129044706788351 0.31029215858589254
0 0.142578 0.459473 0.074219 0.059570 0.0 0.08805503993467712 0.056532984699395314 0.09239972637208238 0.0 0.3185745623747404 0.3102309542164456 0.3230588555008406 0.0 0.28520089960537987 0.3129098298484728 0.31902363715624976 0.0
0 0.064941 0.034668 0.079102 0.067383 0.0 0.12392494242580102 0.07801827541252668 0.16455493334937418 0.0 0.2998041222949795 0.39478019128026703 0.3140194858832962 0.0 0.05190998284279994 0.07430584173977321 0.07786005462883609 0.0
0 0.440430 0.298340 0.080078 0.088867 0.0 0.06466086125444927 0.042312063566474614 0.04716559939803376 0.0 0.24179951244894327 0.24380417228323523 0.24685991162389098 0.0 0.2665281489974452 0.3150372061019589 0.26432042442064524 0.0
0 0.606445 0.369141 0.095703 0.080078 0.0 0.08406305612056682 0.05056250642852753 0.06342332716538222 0.0 0.3299410762184273 0.31012072621523923 0.346156955913856 0.0 0.1860633599873221 0.18719718150750472 0.18653170352733292 0.0
0 0.973145 0.393555 0.053711 0.107422 0.0 0.1251685103890604 0.0 0.1704748111817632 0.0 0.3067540474915723 0.0 0.30674978960826105 0.0 0.39164522381553596 0.0 0.39685827209898245 0.0
0 0.093262 0.177246 0.061523 0.086914 0.0 0.1415591049002241 0.030620992349551568 0.0643452968928025 0.0 0.1664203642135813 0.2516041948147905 0.28413395408142283 0.0 0.3001066432298001 0.2751669064866468 0.288325427822618 0.0
0 0.714844 0.439453 0.095703 0.074219 0.0 0.11354568651727523 0.0 0.12562164159041478 0.01934255478613587 0.2923459280974733 0.0 0.2979584357366346 0.5193876644614184 0.19311666867022198 0.0 0.18523609253277237 0.16064787445828585
0 0.540039 0.330566 0.097656 0.090820 0.0 0.10927603840860285 0.0 0.05604542570447756 0.04239805336419042 0.20499262826439094 0.0 0.2791384893761314 0.2692006118617237 0.1910551301213452 0.0 0.178269147797378 0.19062861036510317
0 0.887207 0.514648 0.149414 0.105469 0.0 0.09687430076211943 0.028568699185278087 0.076367114784364 0.027725874080051362 0.3057003616225939 0.2780023981500845 0.31895847945744293 0.30133424202621495 0.26412285993572987 0.28875067287148176 0.28536029092193377 0.27483922689804263
0 0.369629 0.515137 0.088867 0.073242 0.0 0.16281184884535546 0.0 0.15713458874462577 0.0 0.40563014391828545 0.0 0.3896066272983172 0.0 0.6284232177678752 0.0 0.6242570947064988 0.0
0 0.290039 0.479980 0.083984 0.102539 0.0 0.07460915505442041 0.02411529216140386 0.07957090546059213 0.0 0.3401339338788014 0.33292956837233567 0.35203384035205526 0.0 0.2968403008609894 0.3116297718217221 0.30663678553246837 0.0
0 0.068848 0.725098 0.077148 0.077148 0.0 0.12237599678724219 0.0636305482473438 0.13313329579673017 0.0 0.284805724948675 0.3790686998392744 0.28282816950716216 0.0 0.6203012121528407 0.6347121435368723 0.6334561767302059 0.0
0 0.884766 0.148926 0.140625 0.116211 0.06247755400237658 0.18023009913788904 0.0 0.02958696538026202 0.0 0.36416230748377815 0.0 0.36807999355852505 0.0 0.6770436917016386 0.0 0.6595446913929954 0.0
0 0.758789 0.179688 0.150391 0.138672 0.0 0.08248816779428778 0.08437005288868873 0.06421069606954156 0.146892452853307 0.33350917885243636 0.3262906069661545 0.33382019084554837 0.3181843147620108 0.6753015068683664 0.6940705855377851 0.6706171712664258 0.6697031235967151
0 0.084473 0.438477 0.061523 0.058594 0.0 0.13481891821189285 0.0 0.17858644937088466 0.0 0.36025253299939103 0.0 0.33947067428127886 0.0 0.2998422448922009 0.0 0.30181148455682677 0.0
0 0.308105 0.376465 0.069336 0.069336 0.0 0.12080538823518701 0.0 0.10808201471948373 0.0709395564728191 0.30993577022635227 0.0 0.289660221580959 0.28249540785540544 0.29338301088511054 0.0 0.31210184756036796 0.299912699559178
0 0.017578 0.732910 0.033203 0.071289 0.0 0.05918477970698539 0.0 0.2021873292170786 0.0 0.29080840414262005 0.0 0.2757158139364494 0.0 0.6308169713989923 0.0 0.6112755927465338 0.0
0 0.372559 0.391602 0.084961 0.076172 0.0 0.10103137014478397 0.05487438661449042 0.13358911794896616 0.0 0.23970968524213715 0.22960696955175652 0.2386464663910662 0.0 0.29289571483332555 0.2960740775905606 0.3096027572340511 0.0
0 0.981934 0.544434 0.036133 0.090820 0.0 0.04157095139147992 0.054512037826817246 0.0507245788379854 0.10373819521185622 0.2699930646742775 0.27729322169539367 0.2839469231213479 0.2695646067014109 0.40833524639840674 0.40878680791149563 0.44667903794288955 0.4326008113992556
0 0.192383 0.052734 0.160156 0.103516 0.0 0.06035517866497625 0.028958644535740756 0.06735011705514285 0.04568919662140897 0.3038622219765086 0.3002213261688089 0.30304748591403446 0.2523929588583671 0.6047370411004734 0.6283108940856872 0.6250005592136576 0.6211413937201282
0 0.643066 0.556152 0.057617 0.079102 0.30595641999772205 0.0 0.0 0.0 0.0 0.0 0.0 0.0 0.0 0.0 0.0 0.0 0.0
0 0.178223 0.879395 0.077148 0.079102 0.0 0.11915510360804002 0.0 0.11263772016914593 0.0758186580788542 0.2671369953832384 0.0 0.2712474495706931 0.27060359506476545 0.30114840473447957 0.0 0.30435626125959186 0.30544378674905426
0 0.607910 0.530273 0.055664 0.076172 0.3925144584191811 0.0 0.0 0.0 0.0 0.0 0.0 0.0 0.0 0.0 0.0 0.0 0.0
0 0.145020 0.743164 0.067383 0.058594 0.0 0.1588256852106222 0.0 0.1321402929586505 0.049357717537053404 0.38527313306663885 0.0 0.34413916730511346 0.35045960460320763 0.2878765123762463 0.0 0.3100899015038547 0.29576358731136765
0 0.320801 0.038574 0.071289 0.075195 0.0 0.15258040632448389 0.0 0.12099338245554653 0.06328614298212888 0.24297940055533676 0.0 0.23784897189428122 0.22999342130155742 0.62235080014078 0.0 0.620993585897628 0.6209591035602797
0 0.031250 0.877441 0.060547 0.098633 0.0 0.10751753852759283 0.017757610283807682 0.13323694706196024 0.06569532047906704 0.25891732505451875 0.3349080042679476 0.28317238348267065 0.3697304197944614 0.6229141829989349 0.6443039299703028 0.6282571885159737 0.5998929787761818
0 0.678223 0.578613 0.059570 0.083008 0.36778650275380437 0.0 0.0 0.0 0.0 0.0 0.0 0.0 0.0 0.0 0.0 0.0 0.0
0 0.032227 0.281250 0.062500 0.078125 0.0 0.14866155083816918 0.0 0.08872023637332214 0.05759082085314567 0.3215456351202156 0.0 0.33134441685811056 0.32987811641147496 0.2896213980362121 0.0 0.2851499210954974 0.2888918098784084
0 0.208496 0.190918 0.147461 0.088867 0.0 0.09617986125344886 0.023947979601100282 0.0930602980830814 0.014778733118448243 0.2841998785928099 0.2872455211985869 0.30112382682990424 0.25631294656562076 0.5976205065399425 0.6172818138253366 0.6473613794064805 0.6301236996066213
0 0.504395 0.121582 0.084961 0.094727 0.0 0.11874403701342987 0.0 0.10098617188146404 0.06938135752436236 0.2938792836822474 0.0 0.3018252376852285 0.3141184423275803 0.6155581770112022 0.0 0.6460918749127479 0.6127038333654392
0 0.389160 0.034668 0.075195 0.067383 0.0 0.122672182354643 0.05780957033490234 0.14625932573506623 0.0 0.24163683006484973 0.272422447287332 0.22481605865288337 0.0 0.6362531189594054 0.5653049944198029 0.6228972355103015 0.0
0 0.471680 0.652832 0.082031 0.075195 0.0 0.07533681109639848 0.05522869316468317 0.07519453736703148 0.0 0.24963600654826526 0.2853474930449024 0.2646700390412815 0.0 0.6344822785805935 0.6440197087234656 0.6228267327798689 0.0
0 0.092773 0.970703 0.074219 0.058594 0.0 0.0 0.22883510797583673 0.0 0.05912889207924288 0.0 0.15775816215803792 0.0 0.15086656872239632 0.0 0.5373851518869575 0.0 0.5676382452216949
0 0.974609 0.900391 0.050781 0.087891 0.0 0.07745474427588332 0.0 0.05786950540483677 0.1463060352076156 0.3747367986850595 0.0 0.36535151504961877 0.27222477932298295 0.63097186491117 0.0 0.6185162762856647 0.6236416983022975
0 0.318359 0.927734 0.060547 0.074219 0.0 0.15161830221771538 0.0 0.19374106177879385 0.10969218242260827 0.27159749706444497 0.0 0.2683770377174981 0.273658183198704 0.31666765700261945 0.0 0.28637017233621564 0.3082748242690337
0 0.909668 0.379395 0.077148 0.075195 0.0 0.11918837050988022 0.10977953461952411 0.08608316097661818 0.0 0.26588497461077465 0.287408729538579 0.2693959272758176 0.0 0.2103365621507042 0.214999504469537 0.21702045372641754 0.0
0 0.983398 0.677246 0.033203 0.096680 0.33790516372746 0.0 0.0 0.0 0.0 0.0 0.0 0.0 0.0 0.0 0.0 0.0 0.0
0 0.568359 0.504883 0.076172 0.074219 0.24158790805883038 0.0 0.0 0.0 0.0 0.0 0.0 0.0 0.0 0.0 0.0 0.0 0.0
0 0.237305 0.903320 0.062500 0.062500 0.0 0.1609075419489113 0.07275272048196896 0.10831850951897086 0.03876545756028948 0.3936366635574474 0.3512942029834661 0.3774967937284361 0.39851001785000745 0.29601437920835344 0.3007333480511275 0.3005983670692419 0.31363363890984414
0 0.752930 0.613281 0.056641 0.093750 0.20329059673836597 0.0 0.0 0.0 0.0 0.0 0.0 0.0 0.0 0.0 0.0 0.0 0.0
0 0.150391 0.402344 0.072266 0.060547 0.0 0.0 0.23994837667659405 0.0 0.03980478749059695 0.0 0.1498496282504496 0.0 0.2575008403552982 0.0 0.2959880172070181 0.0 0.3816831171746445
0 0.530762 0.971191 0.067383 0.057617 0.0 0.11727291934465832 0.07557963197748792 0.11199803435147554 0.0 0.2813379277301637 0.2615055694754147 0.279385961701906 0.0 0.6281947099946428 0.615587405160612 0.6378012395162045 0.0
0 0.237793 0.345215 0.088867 0.075195 0.0 0.15964569962809474 0.011049934564663494 0.12372835753725868 0.0 0.3331813230624529 0.3611014074818362 0.2012872699649902 0.0 0.2986425601099836 0.3051278917631142 0.42649157905001783 0.0
0 0.017578 0.421875 0.033203 0.076172 0.0 0.0812868667015745 0.0 0.10679943662280779 0.0 0.27845468535669915 0.0 0.28093795178752906 0.0 0.6180042954259563 0.0 0.6304979459096823 0.0
0 0.829102 0.644531 0.054688 0.103516 0.27055106174525767 0.0 0.0 0.0 0.0 0.0 0.0 0.0 0.0 0.0 0.0 0.0 0.0
0 0.970215 0.116699 0.059570 0.104492 0.0 0.20136333567267775 0.0 0.023638888493024143 0.0 0.35457536431857634 0.0 0.3497200353582414 0.0 0.6791546755011172 0.0 0.6789836374438241 0.0
0 0.380859 0.948730 0.070312 0.077148 0.0 0.13556988183328486 0.11291270194094315 0.029644260268781555 0.0 0.2767884444956228 0.24053297705214657 0.2910179860483474 0.0 0.3487712915944673 0.2636968370042104 0.29442099220190066 0.0
0 0.373535 0.496094 0.090820 0.105469 0.0 0.1741122966958524 0.0 0.2093471502297204 0.0 0.41130177902258 0.0 0.3252209545001757 0.0 0.6297371184912133 0.0 0.6262971093653781 0.0
0 0.440430 0.511719 0.070312 0.060547 0.0 0.08888266715770056 0.035728159710033944 0.11552554964943877 0.0 0.2806275551854276 0.30866468501392663 0.2584082775883006 0.0 0.6225514559203967 0.6391827774534872 0.6195213765675274 0.0
0 0.847656 0.352051 0.070312 0.071289 0.0 0.09943155365186236 0.0 0.13842609166380607 0.12622174333872246 0.2906946622565428 0.0 0.2915899458637388 0.29795263195940863 0.19379543769173962 0.0 0.21274718381769447 0.21505594713075502
0 0.710938 0.598145 0.052734 0.088867 0.23893951608439656 0.0 0.0 0.0 0.0 0.0 0.0 0.0 0.0 0.0 0.0 0.0 0.0
0 0.500488 0.809570 0.086914 0.082031 0.0 0.09246176199027849 0.052663332798841014 0.09800060692605442 0.0 0.3022047687308718 0.2588833706582658 0.2723860603439975 0.0 0.6451958097487124 0.6300484429397184 0.6280689788588442 0.0
0 0.486816 0.023438 0.084961 0.044922 0.0 0.12635842251553894 0.0 0.14148954470394481 0.04072672762055887 0.3514398108920887 0.0 0.3367807515467968 0.3592755413171512 0.6227219829766747 0.0 0.6417580762878707 0.6355312362635112
0 0.436523 0.814453 0.064453 0.080078 0.0 0.06366200198374064 0.0 0.08227997363669788 0.0348265445320199 0.34593303565408345 0.0 0.35851558212703566 0.33870138533473976 0.6285289339180289 0.0 0.6278482119666712 0.6246809495300103
0 0.153320 0.679199 0.083984 0.057617 0.0 0.06060260691958177 0.0 0.18286404817768054 0.0 0.27361921028217334 0.0 0.24579408599864916 0.0 0.3290153488751593 0.0 0.30844597963617654 0.0
0 0.875488 0.657715 0.047852 0.102539 0.22298169053457909 0.0 0.0 0.0 0.0 0.0 0.0 0.0 0.0 0.0 0.0 0.0 0.0
0 0.029297 0.013184 0.056641 0.024414 0.0 0.12906043650921675 0.0 0.26423105382228035 0.0 0.3090792381642543 0.0 0.3076198868771073 0.0 0.0388500919673047 0.0 0.0644986867924754 0.0
0 0.915527 0.671387 0.045898 0.102539 0.4135106990405701 0.0 0.0 0.0 0.0 0.0 0.0 0.0 0.0 0.0 0.0 0.0 0.0
0 0.569336 0.013672 0.091797 0.025391 0.0 0.02875116510727226 0.0 0.47238616288793156 0.0 0.23858572913992013 0.0 0.23019837793875564 0.0 0.625971028073859 0.0 0.6143526688586153 0.0
0 0.953613 0.674316 0.045898 0.102539 0.38372082613669967 0.0 0.0 0.0 0.0 0.0 0.0 0.0 0.0 0.0 0.0 0.0 0.0
0 0.471680 0.975098 0.050781 0.049805 0.0 0.15106015305928325 0.0 0.19791890221024114 0.09020677148252994 0.2887707121620713 0.0 0.2671704299636406 0.2676539067202908 0.6273207493448444 0.0 0.6232409458075343 0.5944874152850521
0 0.158203 0.975098 0.052734 0.049805 0.34326319861525184 0.0 0.0 0.0 0.0 0.0 0.0 0.0 0.0 0.0 0.0 0.0 0.0
0 0.037598 0.579102 0.073242 0.080078 0.0 0.06499367485232328 0.03477585406707645 0.10012545688149363 0.0 0.38210168117667037 0.3830801733919416 0.38100677265341015 0.0 0.6367408703571351 0.618409402166315 0.6260955854256458 0.0
