0 0.936523 0.367188 0.115234 0.107422 0.0 0.1387679753122311 0.0 0.1519909031111439 0.04495515188477066 0.3367610274488386 0.0 0.3283230677518497 0.3224033596299287 0.9357355128050652 0.0 0.8785967507383456 0.9055539617450349
0 0.376953 0.148926 0.134766 0.112305 0.10346012610317662 0.07413857883615524 0.028806059357284166 0.08475454123489969 0.0 0.33036455283321275 0.3308044698751192 0.34991773475829707 0.0 0.8846777594773879 0.8971805090416328 0.8947032095476295 0.0
0 0.873047 0.110352 0.115234 0.091797 0.0 0.16372340497526877 0.0 0.11398928693029446 0.0 0.31215587896778424 0.0 0.3140397821886596 0.0 0.9493113932111985 0.0 0.9114001455965544 0.0
0 0.381348 0.499023 0.122070 0.109375 0.07318906596753234 0.14252692140922446 0.0 0.1312480175663265 0.0 0.3592671698407835 0.0 0.36501917755292557 0.0 0.9007273023231741 0.0 0.9040889139956025 0.0
0 0.205566 0.271973 0.139648 0.114258 0.0384657906923532 0.10313999917055544 0.0 0.09075433166814946 0.07265835633312927 0.34797063896732144 0.0 0.3600950335432394 0.21974595398378244 0.9105413748074428 0.0 0.9018104387794766 0.9052689294218237
0 0.784180 0.171875 0.130859 0.109375 0.0 0.12301110119933024 0.0 0.11858846822524417 0.03930429825393096 0.31717386908333045 0.0 0.32290624685698155 0.3239145569369453 0.926109499534794 0.0 0.8922448347378646 0.9010285819649476
0 0.549805 0.385254 0.113281 0.094727 0.09123392738625333 0.13709380634894885 0.05640626157110085 0.12149200503656815 0.0 0.31761437911019286 0.35116983968425525 0.31366276483931715 0.0 0.8979893071578883 0.9056587849128742 0.8960261792443652 0.0
0 0.297363 0.562500 0.129883 0.105469 0.043418611797794854 0.1909156008108467 0.0 0.1094001183324091 0.03888934739160661 0.2299448200561373 0.0 0.35529412354193574 0.3511030647762621 0.9051352654509777 0.0 0.8918708439353111 0.9091555963853735
0 0.467773 0.437988 0.113281 0.102539 0.04192124880795969 0.18776612982633725 0.0 0.14863981815258479 0.0 0.3209486719762478 0.0 0.31706514336421254 0.0 0.8966609112553116 0.0 0.894651755455882 0.0
0 0.057129 0.051758 0.112305 0.101562 0.13186265803960007 0.09341719453205402 0.0 0.1413642415890246 0.05408031317313549 0.38991676414079485 0.0 0.38864278175476275 0.3860153904345339 0.9044296712905704 0.0 0.8971389308966466 0.8972495141881703
0 0.946777 0.051758 0.106445 0.097656 0.0 0.1507935079932268 0.0 0.1309219521838585 0.0 0.3050296514310037 0.0 0.30620515032496626 0.0 0.9038666090476936 0.0 0.9042376223920314 0.0
0 0.979492 0.307129 0.041016 0.094727 0.0 0.2713830450755761 0.0 0.08450447635734062 0.0 0.3049041823190424 0.0 0.34447259436668437 0.0 0.914750755030322 0.0 0.9149307388836316 0.0
0 0.296387 0.215332 0.120117 0.100586 0.10991116781672494 0.153278379400661 0.0 0.15376328214834792 0.0 0.33667584647200677 0.0 0.35779263649284526 0.0 0.8996420511475703 0.0 0.8951282370414813 0.0
0 0.131348 0.018555 0.120117 0.035156 0.0 0.18165039821943138 0.0 0.2871488015814518 0.0 0.4011902509353916 0.0 0.3929570655713233 0.0 0.8886507689606838 0.0 0.9008018475120385 0.0
0 0.032715 0.436523 0.063477 0.089844 0.0 0.0648264738038924 0.13108143957457016 0.2308297593531049 0.0 0.39632670515980023 0.4259440006894838 0.4109543277998783 0.0 0.8812990569020452 0.8926076322555714 0.9021666614233314 0.0
0 0.895508 0.801758 0.207031 0.263672 0.006599678732626964 0.03317658943830704 0.10749236779855101 0.02844952804690611 0.11077959897015656 0.35583842652963593 0.35879520795459413 0.3459552745955446 0.33306021914594763 0.7092747950434724 0.8205374676064134 0.8503961342275678 0.8082891687293567
0 0.816406 0.603516 0.138672 0.128906 0.0 0.02314837886308183 0.10483678238443157 0.011723650537766209 0.07956981292390708 0.2939867886735283 0.30263609687198123 0.23648349263170276 0.2990458488492909 0.8968079879954393 0.9038083348847362 0.6528002590425621 0.9014764905925189
0 0.015137 0.667969 0.028320 0.103516 0.06557663577424122 0.0 0.13414992660610048 0.06571957295201786 0.0 0.0 0.3955549189789437 0.36346868069458493 0.0 0.0 0.890687162034188 0.8929335075336793 0.0
0 0.450195 0.716309 0.064453 0.092773 0.0 0.0 0.16919020971713938 0.017331782829735447 0.04848489024070793 0.0 0.3167347062159275 0.28641134039968075 0.3383763079049184 0.0 0.78902364770633 0.7593447593605447 0.7725326884554423
0 0.377930 0.732422 0.078125 0.064453 0.0 0.11840976829348282 0.07315532856623105 0.07893340782123258 0.028069502709459963 0.3474470224334043 0.34284278847272254 0.3529158520234247 0.3641684057956081 0.7836179412880063 0.787471145707986 0.7956984412179376 0.7989931448640349
0 0.168945 0.833008 0.078125 0.064453 0.0 0.13416057342055165 0.0 0.09435364704536132 0.0 0.36293210828969785 0.0 0.3457769774255835 0.0 0.8034714798214547 0.0 0.7834318009235486 0.0
