0 0.328125 0.901855 0.143229 0.108398 0.0 0.21887279033773802 0.0 0.19924280337767036 0.0 0.17849803134230907 0.0 0.18780157619540527 0.0 0.5318915471001587 0.0 0.5422276167160685 0.0
0 0.617188 0.893555 0.127604 0.113281 0.0 0.2269333621010727 0.0 0.16684333116256087 0.0 0.26576220953378027 0.0 0.3626868622352536 0.0 0.543454146673101 0.0 0.5382267954642379 0.0
0 0.436849 0.889160 0.084635 0.125977 0.0 0.22937008164442588 0.0 0.15818156040563988 0.0 0.22510400121429489 0.0 0.20632013321100615 0.0 0.5130771839034324 0.0 0.5562405845992481 0.0
0 0.212240 0.901855 0.091146 0.112305 0.06745412236575592 0.18604021701180257 0.0 0.16208455996246102 0.0 0.27599795491439605 0.0 0.3076615450911754 0.0 0.5432787625934131 0.0 0.48666903662340627 0.0
0 0.336589 0.733398 0.144531 0.113281 0.14985821217778617 0.08000494322424463 0.018224897341701074 0.10136113809403231 0.019981043891276484 0.24439480094542235 0.2559489609522136 0.2637820781449376 0.2548382812400828 0.4103928788313684 0.47700695078499455 0.4164370093548238 0.33351814096753
0 0.715495 0.046387 0.136719 0.090820 0.035027936762948284 0.0 0.22230099733353767 0.0 0.18368731704078983 0.0 0.3182112022057204 0.0 0.34010382799592265 0.0 0.6914105683655236 0.0 0.6840624623921198
0 0.579427 0.725098 0.106771 0.124023 0.0 0.10522114180770953 0.0 0.23565719020535655 0.0 0.3545073080597571 0.0 0.19491085481953635 0.0 0.6311600745682994 0.0 0.6045157545249721 0.0
0 0.347656 0.532715 0.158854 0.153320 0.08576207562327855 0.05794129161310964 0.0558652300334561 0.07401109357090654 0.05921962803713278 0.32695092725713504 0.28605608597043586 0.3038805314936663 0.2840356647254565 0.31385998273849264 0.35386796041196933 0.3434296633600452 0.34654513309852303
0 0.133464 0.462402 0.128906 0.088867 0.0 0.24422733810303965 0.0 0.188184686154946 0.0 0.2566392070928832 0.0 0.27013080402858436 0.0 0.01316129515294209 0.0 0.025525020260456523 0.0
0 0.640625 0.550781 0.096354 0.109375 0.0 0.1858563814776614 0.0 0.1879934269961582 0.0 0.2925146080459169 0.0 0.2881328174266189 0.0 0.6119214807331244 0.0 0.6288314556431898 0.0
0 0.140625 0.662109 0.104167 0.083984 0.0 0.19937878307839166 0.0 0.30925037361023006 0.0 0.2852945684591805 0.0 0.22916322444543438 0.0 0.2272029902717806 0.0 0.17993207118730367 0.0
0 0.742188 0.125977 0.138021 0.085938 0.0 0.0 0.2495609788006898 0.0 0.23329032900809915 0.0 0.2838254135431595 0.0 0.30557909795732463 0.0 0.7075576288548738 0.0 0.717482578000992
0 0.119141 0.901367 0.092448 0.103516 0.0 0.2276874043409237 0.0 0.1795897069522394 0.0 0.28163570736684873 0.0 0.26967190470003627 0.0 0.5414252010346533 0.0 0.5401755243254336 0.0
0 0.715495 0.885742 0.074219 0.099609 0.0 0.12810017695999176 0.0 0.18329740941640277 0.0 0.34329737751478884 0.0 0.3262878213346522 0.0 0.571124836711629 0.0 0.5394913670435711 0.0
0 0.211589 0.519531 0.092448 0.082031 0.0 0.15624063652107886 0.0 0.22624158425581087 0.0 0.19575460418477608 0.0 0.1656058939227565 0.0 0.17809452584668897 0.0 0.20498407631589888 0.0
0 0.466797 0.577637 0.108073 0.094727 0.0 0.1713734554137253 0.0 0.21657859063378637 0.0 0.3361428961456243 0.0 0.32120991901817836 0.0 0.5471134584664307 0.0 0.5516768798688184 0.0
0 0.730469 0.700684 0.070312 0.108398 0.0 0.10111261237278932 0.0 0.16830223202244404 0.0 0.2895867326617716 0.0 0.15382343987495897 0.0 0.6059663905777717 0.0 0.6001033764301534 0.0
0 0.558594 0.562988 0.085938 0.108398 0.0 0.15700809556080872 0.0 0.14492456894359995 0.0 0.28027971133630497 0.0 0.30696327175609944 0.0 0.6052261498537239 0.0 0.6166268941792572 0.0
0 0.726562 0.529785 0.106771 0.090820 0.18100836332280962 0.02213914791114531 0.02418528205502948 0.21160622407103447 0.020754683287706088 0.3046982568888471 0.448225836389923 0.29177825214231945 0.4633226769972992 0.7389912859832369 0.5883930638984493 0.5912581296730051 0.607013071530966
0 0.492839 0.737793 0.071615 0.122070 0.0 0.12798052509854094 0.0 0.18371898956246616 0.0 0.2818195804448256 0.0 0.18431104369893705 0.0 0.5346304529573339 0.0 0.530190470777792 0.0
0 0.805990 0.682617 0.091146 0.087891 0.0 0.25672185415693277 0.0 0.14131134767720596 0.0 0.2620234524196777 0.0 0.2674861414918879 0.0 0.40629810453295506 0.0 0.56643828470305 0.0
0 0.408854 0.066406 0.320312 0.072266 0.26939269475524674 0.0 0.0 0.0 0.0 0.0 0.0 0.0 0.0 0.0 0.0 0.0 0.0
0 0.507812 0.023926 0.184896 0.045898 0.0 0.0 0.17692379925705318 0.0 0.1642532645258065 0.0 0.245086957331343 0.0 0.24551855785293988 0.0 0.4332799137070304 0.0 0.41797024263312516
0 0.798177 0.886230 0.104167 0.100586 0.0 0.15867706358154368 0.0 0.15969616211972462 0.0 0.2699644776468112 0.0 0.2490831559300059 0.0 0.5526316441878748 0.0 0.5360683797955239 0.0
0 0.438151 0.733398 0.058594 0.107422 0.0 0.1359740180272082 0.0 0.17042467085722113 0.0 0.2524230263525797 0.0 0.18207790890656356 0.0 0.46279940251306073 0.0 0.4974850070806199 0.0
0 0.895833 0.549316 0.075521 0.079102 0.0 0.2692798767244097 0.0 0.30956144913315975 0.0 0.2559246273850228 0.0 0.2863834168581829 0.0 0.20159429946804178 0.0 0.20111916621070172 0.0
0 0.870443 0.709961 0.102865 0.074219 0.0 0.0 0.23241286181138018 0.014089593979178515 0.10573132366919823 0.0 0.24657786828999959 0.29946220986622063 0.25964527520664954 0.0 0.9091653281417681 0.049699184680873525 0.8026617153582395
0 0.824219 0.535156 0.078125 0.085938 0.0 0.22212545648282248 0.0 0.2367066987436177 0.0 0.2762801869993036 0.0 0.26636224092790495 0.0 0.37727405045588447 0.0 0.405423405209169 0.0
0 0.146484 0.764160 0.084635 0.079102 0.0 0.0 0.11247965966989638 0.0 0.19232211235519686 0.0 0.3128850109358107 0.0 0.3101845169570991 0.0 0.22485992603757332 0.0 0.23816475382263164
0 0.656250 0.168945 0.072917 0.068359 0.0 0.0 0.15935093974492348 0.0 0.0 0.0 0.07508330150295059 0.0 0.0 0.0 0.686754675054046 0.0 0.0
0 0.055990 0.608398 0.098958 0.087891 0.0 0.1999120582172697 0.0 0.1779260837743771 0.0 0.3787772933261959 0.0 0.3766130886977888 0.0 0.07875630699400275 0.0 0.08158098990667718 0.0
0 0.654297 0.337402 0.220052 0.124023 0.34386424420309813 0.0 0.0 0.006646554424603405 0.0 0.0 0.0 0.29133256853630674 0.0 0.0 0.0 0.5752687327169964 0.0
0 0.888021 0.764648 0.119792 0.050781 0.0 0.0 0.20443821573074497 0.0 0.18369199027337962 0.0 0.26043140565169054 0.0 0.27483375782822506 0.0 0.6994978159067818 0.0 0.6932299422961108
0 0.386719 0.187500 0.127604 0.177734 0.2534541718614104 0.0 0.0 0.0 0.14794330457105934 0.0 0.0 0.0 0.10167552179564815 0.0 0.0 0.0 0.5546993407993014
0 0.037109 0.911621 0.071615 0.135742 0.0 0.06040823238035098 0.17837985049548805 0.13258281687728105 0.0 0.3630655707188555 0.22405546818078179 0.34133015389270416 0.0 0.5411364355084352 0.6737716048339657 0.6131882035052544 0.0
0 0.484375 0.166504 0.096354 0.081055 0.13884248833144897 0.0 0.06552295266470515 0.0 0.023769161697685712 0.0 0.0769499478750931 0.0 0.07553984317673762 0.0 0.5423397639961044 0.0 0.5554308757911037
0 0.823568 0.189941 0.121094 0.079102 0.0 0.0 0.1438533639892148 0.0 0.17089514490303861 0.0 0.17119425423399198 0.0 0.17800124494196684 0.0 0.8725072095748696 0.0 0.8161539192627013
0 0.919271 0.299805 0.161458 0.195312 0.0 0.06624264904965577 0.097276077857536 0.07283191934670999 0.13455583637087834 0.3646694192050537 0.3685939515113653 0.3632533979967461 0.35367820717080434 0.8944735811191104 0.8876502538577821 0.8979026559316451 0.8372745761190021
0 0.048828 0.396484 0.095052 0.095703 0.0 0.2948770877863455 0.0 0.0 0.23066903078204487 0.2875081260153729 0.0 0.0 0.24794506824117526 0.031481683890694966 0.0 0.0 0.9697906766331524
0 0.222656 0.704102 0.104167 0.083984 0.35592436575148945 0.0 0.0 0.0 0.0 0.0 0.0 0.0 0.0 0.0 0.0 0.0 0.0
0 0.666667 0.717285 0.070312 0.108398 0.0 0.11718068872270342 0.0 0.1078713564080252 0.0 0.2156323592293775 0.0 0.17799599575365593 0.0 0.6566772059615222 0.0 0.6162496416412175 0.0
0 0.909505 0.813477 0.128906 0.066406 0.0 0.014831297496981257 0.18334225983521224 0.0 0.16883395451475314 0.3993005150800928 0.2559366451104904 0.0 0.2500020963824381 0.3422377603074054 0.694379101388045 0.0 0.6642615254267249
0 0.925781 0.892090 0.148438 0.094727 0.0 0.0 0.10724161549450444 0.07960945157991452 0.16394018676191768 0.0 0.19761170605300207 0.1811306951503906 0.22395661034484843 0.0 0.710936162955073 0.5435980562275365 0.5933105920542814
0 0.516927 0.896973 0.078125 0.116211 0.0 0.1805424356716964 0.0 0.14080066896598567 0.0 0.25091596571687874 0.0 0.24475421381256116 0.0 0.560333061932018 0.0 0.5095978298851573 0.0
0 0.962240 0.589355 0.075521 0.079102 0.0 0.0 0.22337187506903325 0.19416564412494045 0.0 0.0 0.27743294542670127 0.3224347279475092 0.0 0.0 0.9821770147295733 0.029813771931298385 0.0
0 0.955729 0.036133 0.088542 0.070312 0.0 0.0 0.1196112474248108 0.0 0.3167662451898217 0.0 0.2632043726906508 0.0 0.2574907082406258 0.0 0.6736925264215752 0.0 0.6766395645841312
0 0.963542 0.103516 0.072917 0.070312 0.0 0.04947345957425797 0.0 0.0 0.3268099130877272 0.1963899812449172 0.0 0.0 0.22202468108640672 0.033430374806395 0.0 0.0 0.7848974558009072
