0 0.646973 0.190430 0.114258 0.117188 0.3633227504904639 0.0 0.0 0.0 0.0 0.0 0.0 0.0 0.0 0.0 0.0 0.0 0.0
0 0.759766 0.867188 0.109375 0.097656 0.0 0.0 0.25353604048822925 0.0 0.18108533051276782 0.0 0.2416733558182163 0.0 0.23558325926028661 0.0 0.4547746773309177 0.0 0.4586878020428822
0 0.462891 0.497070 0.144531 0.101562 0.0 0.12400152563190282 0.0 0.15765600169677813 0.01929415093540273 0.3253751260344768 0.0 0.26230567205805294 0.3416385636134922 0.4603642821015641 0.0 0.4533012880587194 0.3523814288478917
0 0.910645 0.749023 0.088867 0.097656 0.027547950007200325 0.0 0.16101446906243452 0.0 0.1578110409348901 0.0 0.30315765004273554 0.0 0.32027183969990686 0.0 0.7175603435779749 0.0 0.7100703049317126
0 0.276855 0.814941 0.094727 0.110352 0.0 0.18771328447829452 0.0 0.13885378171565121 0.0 0.30555108541126474 0.0 0.29724445828670565 0.0 0.02640738457431095 0.0 0.04350056033611433 0.0
0 0.640625 0.496094 0.074219 0.068359 0.0 0.15458665224764812 0.15122725302022083 0.0 0.0 0.2730699398248687 0.2808843752660227 0.0 0.0 0.4386748708006125 0.47284956167600223 0.0 0.0
0 0.355957 0.888184 0.147461 0.135742 0.0 0.1570055457625304 0.0 0.18170399861573946 0.0 0.23039169276712698 0.0 0.19354047226115634 0.0 0.03490861747026273 0.0 0.04739088430537208 0.0
0 0.166992 0.721680 0.078125 0.087891 0.0 0.1816591419732546 0.0 0.0986198066957296 0.0 0.3072006590962009 0.0 0.2258322602658781 0.0 0.04407416215398901 0.0 0.033232661065843494 0.0
0 0.477539 0.782715 0.087891 0.096680 0.0 0.1281992236116598 0.0 0.17774420864412638 0.0 0.32581464599281384 0.0 0.32015903838871157 0.0 0.04705622274561658 0.0 0.03916505981495359 0.0
0 0.215820 0.764648 0.087891 0.091797 0.0 0.0638333225312102 0.11198377979129476 0.09643875342814033 0.07752246048307933 0.291309550535422 0.2738005439760768 0.254434564001984 0.28548102768340333 0.0738243032853274 0.4613336365705663 0.06428391528857402 0.04473175723259129
0 0.613281 0.635254 0.121094 0.077148 0.0 0.0 0.18286930152724995 0.0 0.1763243638565729 0.0 0.3115449195684794 0.0 0.29413297379283143 0.0 0.45766115143897224 0.0 0.46116906418571374
0 0.521973 0.844238 0.067383 0.079102 0.0 0.13571794994985892 0.0 0.19358954908943513 0.0 0.3669906774703838 0.0 0.29921287651116923 0.0 0.048992960830269064 0.0 0.04304233053379739 0.0
0 0.885742 0.180176 0.130859 0.139648 0.0 0.0 0.15091985143224151 0.0 0.21917186400840694 0.0 0.2875668413019375 0.0 0.3054454056255505 0.0 0.7207175345535326 0.0 0.7066137392664105
0 0.669922 0.090820 0.082031 0.083984 0.0 0.0 0.13170456364032918 0.0 0.09029037932850839 0.0 0.22070844676475695 0.0 0.25875210153186645 0.0 0.4646004173070739 0.0 0.4737920126818052
0 0.213867 0.124023 0.109375 0.109375 0.16156952066414076 0.0 0.13711873839732922 0.0 0.08035058512841063 0.0 0.3306744607322907 0.0 0.34602784068236475 0.0 0.026859591160821435 0.0 0.013308550317112304
0 0.752930 0.943359 0.099609 0.056641 0.0 0.0 0.17491937368224916 0.0 0.16830668844340352 0.0 0.23302688446995065 0.0 0.2440751598404334 0.0 0.4617362249104979 0.0 0.44448306382535446
0 0.433594 0.954102 0.080078 0.076172 0.0 0.07492756229656375 0.11582191790817803 0.0519973521435535 0.09116774304564035 0.31333176178712246 0.2646328504004739 0.27593316350740654 0.31486237302365 0.016114806102822184 0.10056108206633542 0.02627241787017972 0.051886327576996474
0 0.443848 0.608398 0.108398 0.056641 0.0 0.0 0.12153079081799728 0.0 0.10873730578500145 0.0 0.34034996987998684 0.0 0.3637523910069631 0.0 0.4529622658812185 0.0 0.4319782017109134
0 0.114258 0.445801 0.087891 0.069336 0.0 0.0 0.0 0.14664251123565816 0.08817929306816406 0.0 0.0 0.1420337859530882 0.36046012619036016 0.0 0.0 0.9857614701784605 0.003758277441111583
0 0.022949 0.560059 0.043945 0.083008 0.0 0.3402167098874476 0.0 0.43202563638030833 0.0 0.278440083055405 0.0 0.3230351172295853 0.0 0.9296860901481756 0.0 0.8907025400777804 0.0
0 0.437988 0.664062 0.112305 0.058594 0.0 0.0 0.18911294152604527 0.0 0.06888875485036965 0.0 0.24672099400373323 0.0 0.2650512811458833 0.0 0.45618207397420557 0.0 0.42100425347065323
0 0.601562 0.760254 0.113281 0.079102 0.0 0.0 0.12218675463803627 0.0 0.13881261357590366 0.0 0.24833599507378246 0.0 0.33047473456477233 0.0 0.44001409332721775 0.0 0.46076675812061024
0 0.057129 0.131348 0.112305 0.145508 0.0 0.10203511098678913 0.0 0.05659240318198805 0.0 0.31742273135810417 0.0 0.3302455929385925 0.0 0.08561343746574168 0.0 0.08412758799322104 0.0
0 0.871094 0.661621 0.099609 0.092773 0.0 0.0 0.18420617844537165 0.0 0.1960107786629966 0.0 0.29959621939730297 0.0 0.2992278737700236 0.0 0.7168780670507778 0.0 0.7169970274419948
0 0.248535 0.346680 0.131836 0.115234 0.031141017881912855 0.0 0.09436627267050439 0.0 0.14150176097060008 0.0 0.3059893367889571 0.0 0.3244986927052185 0.0 0.4111828322854202 0.0 0.005458539198500034
0 0.233887 0.971680 0.108398 0.056641 0.0 0.2833384825730065 0.0 0.12662607930337513 0.04228475900990345 0.3839940072540621 0.0 0.35581166461854125 0.29047322859319097 0.0424966540741838 0.0 0.27535114414324285 0.03730361318476759
0 0.953613 0.951660 0.092773 0.096680 0.0 0.0 0.19282298439306425 0.0 0.24829308132696823 0.0 0.34769066816163213 0.0 0.3440132931748261 0.0 0.7129916135220498 0.0 0.7102902370229872
0 0.358887 0.029785 0.108398 0.057617 0.0 0.075271419717867 0.0 0.19961984257961843 0.0 0.31290326236391 0.0 0.31738313328098194 0.0 0.9671826144356932 0.0 0.9829890963943525 0.0
0 0.210938 0.558105 0.091797 0.088867 0.0 0.13683859392626238 0.0 0.21414191666697927 0.0 0.33036518715277424 0.0 0.2438613369208177 0.0 0.041288431555503914 0.0 0.10538435094615327 0.0
0 0.606934 0.696289 0.110352 0.048828 0.0 0.0 0.12349108545071721 0.0 0.20860546020117635 0.0 0.3505794185454204 0.0 0.19553295071238463 0.0 0.4386359440971167 0.0 0.4675320684164979
0 0.569336 0.511719 0.068359 0.103516 0.0 0.18550430615339228 0.0 0.12589912749013998 0.0 0.27226256708805313 0.0 0.26705856234161235 0.0 0.46326476606851086 0.0 0.45283614991569276 0.0
0 0.419922 0.740723 0.080078 0.084961 0.0 0.03654945205902497 0.08026456322470596 0.12568409534626995 0.11780862987632562 0.32970806378458206 0.24800773600880027 0.3995702396898284 0.36344199815228806 0.03552648397168115 0.481534254529113 0.046338731609227087 0.46486313405281976
0 0.846680 0.584473 0.078125 0.083008 0.0 0.05269098130306322 0.14375757184877283 0.0 0.11495608597309163 0.26540821255682934 0.2611017001411629 0.0 0.2528612730427917 0.7124611064058043 0.7184571119231464 0.0 0.7240586841338803
0 0.505859 0.328125 0.076172 0.126953 0.0 0.21966413780815716 0.0 0.18490907548699065 0.0 0.2000246508978712 0.0 0.20722039388659677 0.0 0.4575594331638085 0.0 0.439026114541853 0.0
0 0.112793 0.660156 0.094727 0.101562 0.11286074859248006 0.0 0.015801955871091258 0.0 0.0 0.0 0.07204865042018517 0.0 0.0 0.0 0.6658020452466563 0.0 0.0
0 0.057129 0.320801 0.096680 0.118164 0.0 0.0 0.11977498811418973 0.0 0.15350116527992125 0.0 0.37100894687771485 0.0 0.3571036228651108 0.0 0.012122319661657204 0.0 0.011860096052599071
0 0.931152 0.295898 0.137695 0.132812 0.05176557925361377 0.09599941823626164 0.05558130364012952 0.0 0.09423840826068636 0.2566408514356546 0.2953433604690464 0.0 0.24862245360946097 0.7179791403452669 0.7819741715184645 0.0 0.7001501381811863
0 0.937012 0.853027 0.100586 0.116211 0.0 0.0 0.25763341448630783 0.0 0.1780645228581925 0.0 0.28848516973683247 0.0 0.1602857019081555 0.0 0.7111282051072365 0.0 0.7225990491334832
0 0.779785 0.393555 0.104492 0.111328 0.2692880575538978 0.0 0.0 0.0 0.0 0.0 0.0 0.0 0.0 0.0 0.0 0.0 0.0
0 0.845215 0.076660 0.133789 0.106445 0.06206346688497355 0.0 0.05130774299295578 0.0 0.0950523746449085 0.0 0.2625415231009828 0.0 0.27216197494427663 0.0 0.736820879839458 0.0 0.724556454765366
0 0.569336 0.343750 0.052734 0.099609 0.0 0.19046250934525297 0.0 0.10393532898836391 0.0 0.2257976270762066 0.0 0.3900496669042556 0.0 0.465363303745502 0.0 0.4584837297764131 0.0
0 0.291504 0.064453 0.106445 0.097656 0.0 0.09407159558625816 0.0 0.13513587834893176 0.02148760919005031 0.32069276891971316 0.0 0.3525536740579567 0.3089659447335852 0.8648160202795291 0.0 0.9940183340841076 0.34011766532737797
0 0.278320 0.610352 0.093750 0.089844 0.0 0.14886231181490403 0.0933652093163748 0.21609664403847725 0.0 0.23528667670181372 0.2354740058827328 0.23085071673103813 0.0 0.03245153280734141 0.05027708445768692 0.124536504942832 0.0
0 0.958008 0.432617 0.083984 0.089844 0.0 0.0 0.01340151142763065 0.0 0.3113326443979215 0.0 0.1875576214360949 0.0 0.16997933667137233 0.0 0.5974874702646951 0.0 0.7215243803878426
0 0.458984 0.160645 0.095703 0.084961 0.022401650894035636 0.1909920993933027 0.0 0.10145031617004381 0.0 0.2656488477320641 0.0 0.27757889268088337 0.0 0.9908299435981298 0.0 0.9823980573581739 0.0
0 0.762207 0.619629 0.088867 0.157227 0.0 0.0 0.18471416460549225 0.0 0.151190584090825 0.0 0.22112250038420111 0.0 0.34272631802177106 0.0 0.5115671293164543 0.0 0.42997786697598883
0 0.162109 0.403320 0.078125 0.074219 0.0 0.0 0.18275676698888454 0.0 0.22651336268639413 0.0 0.2905088806669754 0.0 0.2842265080507435 0.0 0.02946253830801753 0.0 0.005506198740708454
0 0.763672 0.722656 0.095703 0.044922 0.2463975807170056 0.0 0.0 0.0 0.0 0.0 0.0 0.0 0.0 0.0 0.0 0.0 0.0
0 0.759766 0.777832 0.097656 0.067383 0.0 0.0 0.17848297913233693 0.0 0.0833367819511093 0.0 0.1673770370165141 0.0 0.21598608163427752 0.0 0.45337625123591213 0.0 0.46414016550113296
0 0.800781 0.491211 0.150391 0.103516 0.0 0.013427811030927503 0.064001561312271 0.06885101179095046 0.08576022027304743 0.27612664508047075 0.3875600736517609 0.3568445242869372 0.36989994693855216 0.40212478305908644 0.7121541045650072 0.579910438464218 0.4583585830244817
0 0.604980 0.835449 0.100586 0.071289 0.0 0.0 0.19626512427252327 0.0 0.20507760124147542 0.0 0.2820437793234386 0.0 0.28294874621518074 0.0 0.4599622753726578 0.0 0.4593276451854785
0 0.970215 0.515137 0.059570 0.067383 0.0 0.0 0.0 0.0 0.23099508469007207 0.0 0.0 0.0 0.19816813297791888 0.0 0.0 0.0 0.7103455183133742
0 0.821289 0.018066 0.130859 0.034180 0.0 0.0 0.11651566864400294 0.273771773564298 0.0425076951980308 0.0 0.22538294469460396 0.2622055973174441 0.23592180156254663 0.0 0.47591602253574855 0.4671637618466377 0.7336988131284363
0 0.678711 0.022461 0.062500 0.042969 0.0 0.0 0.4064971122347969 0.0 0.0 0.0 0.29900736913354864 0.0 0.0 0.0 0.7226416083454069 0.0 0.0
0 0.602539 0.912598 0.097656 0.079102 0.0 0.0 0.057660319836235326 0.15492628944076267 0.016590258480066906 0.0 0.3890933909798611 0.3080487849205531 0.1184637125745871 0.0 0.4571103725734013 0.03580931198473536 0.5896033746825484
0 0.075195 0.034180 0.105469 0.066406 0.25237097103902467 0.0 0.0 0.0 0.0 0.0 0.0 0.0 0.0 0.0 0.0 0.0 0.0
0 0.642090 0.275391 0.102539 0.058594 0.0 0.022178305478156232 0.09493757343952207 0.019437364642927436 0.12555021684312379 0.3768060811045226 0.3231708870577654 0.29751435461868764 0.3176732988235117 0.49224806668353377 0.39977042997936696 0.45803528991190645 0.47122158482415716
0 0.753418 0.985352 0.098633 0.029297 0.0 0.0 0.1347022994667379 0.0 0.26589558970173305 0.0 0.22977518130190625 0.0 0.23418491894417756 0.0 0.43125037042703035 0.0 0.4737012470568348
0 0.485840 0.975586 0.067383 0.048828 0.0 0.29814532823468287 0.0 0.21931942980030728 0.0 0.2701269329686671 0.0 0.272219106158545 0.0 0.04182778882696259 0.0 0.046428434760326494 0.0
0 0.643555 0.346191 0.101562 0.084961 0.03158012903987813 0.02899617839043764 0.06480451593743773 0.054599352742025056 0.0339828053980651 0.2904616881616365 0.348791489992702 0.3743841308479498 0.2811478122992001 0.4499370938320559 0.45554389552721025 0.46055229051204694 0.4750182593107948
0 0.981934 0.583008 0.036133 0.078125 0.0 0.0 0.0 0.0 0.20473394333456502 0.0 0.0 0.0 0.24872969048098914 0.0 0.0 0.0 0.7238222831158898
0 0.311523 0.436523 0.074219 0.074219 0.04991407559353137 0.0 0.14622938421400689 0.0 0.08461309844402748 0.0 0.26287560381445996 0.0 0.19128882994004262 0.0 0.46328726126408243 0.0 0.4940517197978971
0 0.368652 0.233887 0.141602 0.118164 0.03204078856375217 0.0 0.1093946988743692 0.0 0.11527982671879393 0.0 0.2834335701155509 0.0 0.2955614807913891 0.0 0.005048140956293739 0.0 0.004874937479417933
0 0.068359 0.851074 0.126953 0.151367 0.0 0.05810822765499729 0.10498620088449861 0.0 0.021924613548031584 0.22942054714187068 0.18384865269990297 0.0 0.28297389709591686 0.06518275396526506 0.036483203836316716 0.0 0.003923112673081164
0 0.436523 0.357910 0.054688 0.083008 0.0 0.17087216607981243 0.0 0.21438981937943302 0.0 0.24021823388635244 0.0 0.22459146833436688 0.0 0.43146636504157193 0.0 0.45744000098024457 0.0
0 0.517578 0.093262 0.095703 0.084961 0.047873047104280426 0.2332763453398309 0.0 0.09933636265859953 0.0 0.4132149896514943 0.0 0.3919655712220797 0.0 0.987481633085008 0.0 0.9743426769304311 0.0
0 0.585938 0.027344 0.068359 0.052734 0.27312977027089164 0.0 0.0 0.0 0.0 0.0 0.0 0.0 0.0 0.0 0.0 0.0 0.0
0 0.380371 0.362793 0.057617 0.081055 0.0 0.0 0.0 0.24046292555631657 0.0 0.0 0.0 0.18028169946313685 0.0 0.0 0.0 0.45690284454751817 0.0
0 0.303711 0.521973 0.078125 0.088867 0.0 0.0 0.19688208655646905 0.0 0.23217936326504401 0.0 0.2107027520063292 0.0 0.19851880267250038 0.0 0.45916134082873505 0.0 0.45671638797479186
0 0.060059 0.607422 0.075195 0.076172 0.17608962518291055 0.0 0.0 0.0 0.0 0.0 0.0 0.0 0.0 0.0 0.0 0.0 0.0
0 0.617188 0.564941 0.099609 0.067383 0.0 0.0 0.19416746648504107 0.0 0.15097643062391344 0.0 0.27491300757324794 0.0 0.273947502850929 0.0 0.4613830068950765 0.0 0.4583207235198371
