0 0.393555 0.385254 0.074219 0.069336 0.0 0.05346910034351999 0.08922575340856319 0.048581386206928694 0.23520139238140095 0.2630674845300139 0.26160012918207154 0.33074708599700214 0.24823587907627315 0.7883102812478051 0.7699476518200774 0.7867614422529389 0.7702155640406958
0 0.104492 0.528809 0.078125 0.071289 0.0 0.0 0.19200056266330023 0.0 0.17387681301235033 0.0 0.3903337708419423 0.0 0.34723723550701285 0.0 0.7611706105897104 0.0 0.7698616291440228
0 0.045410 0.393066 0.088867 0.088867 0.0 0.08038575707943996 0.08100522587756528 0.08219960086858054 0.061206526875270555 0.32526915867354583 0.3127874658065016 0.322831480527209 0.30422666275387067 0.8685766912080347 0.9002129233056416 0.8726210561789963 0.8716461706294236
0 0.611816 0.287109 0.092773 0.080078 0.0 0.0 0.19601544787132 0.0 0.08974475209864265 0.0 0.3337742186815232 0.0 0.2633346800226993 0.0 0.7799520232199241 0.0 0.7816564551487454
0 0.642578 0.364746 0.083984 0.088867 0.0 0.0 0.12957364350088552 0.21200040517288302 0.06270636674581344 0.0 0.2995386380874915 0.2534999775105183 0.29281666990842325 0.0 0.7557101589395007 0.7572793860465235 0.7902596096453121
0 0.136230 0.600586 0.096680 0.087891 0.0 0.024198402110806278 0.03415958155369976 0.12965692865689632 0.1976218030161413 0.33944499448625093 0.14916276717806698 0.3415013648345641 0.3302911947750642 0.8019903912454328 0.6339513268679499 0.762365827921432 0.8293263185320247
0 0.663574 0.077637 0.110352 0.098633 0.06308823203629473 0.0 0.18167860312422496 0.02691069023490017 0.049994922644207934 0.0 0.19459814090096392 0.2645051535216197 0.275812278526053 0.0 0.1724518931510864 0.6659200047934196 0.7889209673324393
0 0.766113 0.638184 0.102539 0.098633 0.0 0.0 0.1295663422368924 0.0 0.15443229901509847 0.0 0.2668449506688852 0.0 0.25201673773814115 0.0 0.7790418005530488 0.0 0.775028136014202
0 0.284180 0.461914 0.119141 0.091797 0.0 0.0 0.1006452083126337 0.0 0.09945475564724016 0.0 0.07137112203964488 0.0 0.07756680759534425 0.0 0.772840557969108 0.0 0.7763377109510656
0 0.116211 0.860840 0.123047 0.086914 0.0 0.019497148781747922 0.14028256048656731 0.014611372781774356 0.08603731849501983 0.21659270165841396 0.2500421089443628 0.2753424419998773 0.25788099004718923 0.7919359683351861 0.7749859773056522 0.768363568813602 0.7825902117830573
0 0.574219 0.215820 0.083984 0.068359 0.0 0.026919160634006106 0.1529764120947889 0.01821125292983609 0.09113194126048266 0.270770372225574 0.29600984632652494 0.2787295766369665 0.11555347726826073 0.7826579202546657 0.7618021683034966 0.7549291938441128 0.8057168083701272
0 0.262207 0.866211 0.084961 0.068359 0.0 0.013220312490927795 0.17684660904830476 0.02252015961936327 0.20883289372049962 0.37954817044458605 0.4098143748641757 0.36159060942968646 0.21247825735193288 0.7793272164514042 0.7902866066021084 0.8052278452569485 0.7782580565817101
0 0.717285 0.567383 0.098633 0.089844 0.0 0.0 0.21296159917390883 0.0 0.17126759946302322 0.0 0.30146764834037215 0.0 0.2904881271767335 0.0 0.7726490849993753 0.0 0.7683781120562959
0 0.813477 0.729492 0.101562 0.109375 0.0 0.0 0.18196623302964526 0.0 0.17542923534209243 0.0 0.3519881054171501 0.0 0.32418706308250533 0.0 0.7219252732834541 0.0 0.7810849733951065
0 0.555664 0.754883 0.078125 0.068359 0.0 0.04093737786603471 0.17871311531149695 0.02670495202113572 0.1611286921096438 0.27588384779288927 0.233898485277606 0.3010027786171149 0.3636351781410112 0.769322583028142 0.7509812015766515 0.7591771920529071 0.6937586725499557
0 0.587402 0.400391 0.045898 0.070312 0.2186185727151406 0.0 0.0 0.2716545330093316 0.0 0.0 0.0 0.30726607042015674 0.0 0.0 0.0 0.7746370216752679 0.0
0 0.480469 0.240234 0.083984 0.070312 0.4851831549924296 0.0 0.0 0.0 0.0 0.0 0.0 0.0 0.0 0.0 0.0 0.0 0.0
0 0.215332 0.712402 0.137695 0.151367 0.0023523835074632663 0.07185190885482585 0.06466976614050358 0.03250536572690047 0.12276455921786544 0.310260483214537 0.2271262673769755 0.3001845857009358 0.2700948482951391 0.740468819697262 0.7662413420018006 0.7472816587034218 0.7781077924199701
0 0.244629 0.102539 0.067383 0.060547 0.0 0.0 0.2183937347883031 0.15649250123885042 0.0 0.0 0.23723311471194888 0.22080145331708417 0.0 0.0 0.8060172193082435 0.02946482515570147 0.0
0 0.615234 0.818848 0.111328 0.125977 0.0 0.06960143116073336 0.11033057920256803 0.04144373105690917 0.05810216138428647 0.21315307676637438 0.17895873635082096 0.1554618481309881 0.20536125299727956 0.753544445018329 0.7974982808100142 0.7805903456284206 0.7623236805940151
0 0.845703 0.814941 0.083984 0.086914 0.0 0.0 0.11686427101240454 0.03095460586948726 0.11023959659582958 0.0 0.27352157302153685 0.32224733712164255 0.2913515485269816 0.0 0.7607190402218341 0.9024273566435107 0.766649011722412
0 0.200195 0.571777 0.064453 0.061523 0.0 0.24532771585469199 0.0 0.14915028304721656 0.0 0.23641626565038984 0.0 0.3056817970263558 0.0 0.7657724024795508 0.0 0.7665084135440358 0.0
0 0.468750 0.553711 0.072266 0.048828 0.0 0.19183449921881318 0.0 0.08489736256490622 0.041269841268518924 0.2887108705185261 0.0 0.30856518114216147 0.30663915675083214 0.7581043008803592 0.0 0.7615266253454099 0.780557250038318
0 0.325195 0.522461 0.095703 0.085938 0.017754254699869677 0.0 0.15204391070013115 0.0 0.131116295503874 0.0 0.276009245773877 0.0 0.21741213425036385 0.0 0.7626434270477376 0.0 0.7642832415832237
0 0.758301 0.306152 0.088867 0.083008 0.0 0.0 0.23264653284289136 0.0 0.1549954168289226 0.0 0.2729773204903674 0.0 0.25282222918225583 0.0 0.7701209473963382 0.0 0.7679264088791857
0 0.776367 0.101074 0.087891 0.073242 0.0 0.0 0.14107266867676127 0.0 0.15268175981268786 0.0 0.3560893959948052 0.0 0.3667778751782865 0.0 0.17732490197215864 0.0 0.17960605108253655
0 0.486328 0.589844 0.072266 0.052734 0.0 0.032543710114208424 0.2140758990464517 0.02954024430230879 0.04163098851945447 0.3057581023732807 0.1589867799913183 0.3437024863217449 0.3041462611617073 0.719083202479104 0.502752807841599 0.8162499491935705 0.7550640276660642
0 0.290527 0.922363 0.077148 0.067383 0.0 0.0 0.17430353272772048 0.0 0.14933484686588205 0.0 0.17196793955589215 0.0 0.3435931456638129 0.0 0.7762529773966894 0.0 0.7814922270447021
0 0.203613 0.057617 0.049805 0.052734 0.0 0.22649452963466019 0.10078376239057424 0.0 0.0 0.3162359891695833 0.2643995147895567 0.0 0.0 0.9958229636633907 0.03355598451409239 0.0 0.0
0 0.173828 0.027344 0.089844 0.052734 0.0 0.0 0.20211899423524518 0.10632913465134017 0.14760185214767066 0.0 0.27020424395028125 0.31028378604717105 0.30089943965883187 0.0 0.012503178598876098 0.009704328976946877 0.018859370350065144
0 0.721191 0.238281 0.088867 0.074219 0.0 0.0 0.10673647043398653 0.0 0.15159928622912747 0.0 0.2569803356523536 0.0 0.2269171146760498 0.0 0.678074235472009 0.0 0.5421674752660689
0 0.299805 0.169434 0.093750 0.096680 0.0 0.07893244455743145 0.034863137006483955 0.03904623988460804 0.051378470112200175 0.26883561245314014 0.31644278792727304 0.24039524585093797 0.31984919996094163 0.7610784448416219 0.768121845890014 0.7754326813977284 0.76827468224432
0 0.431641 0.458984 0.095703 0.095703 0.0 0.027516567931280905 0.06766355069487852 0.09468228244785222 0.11663032191569446 0.35847435473434286 0.16598818213164782 0.32207653509879186 0.2820621017182058 0.8344453252335916 0.7442767637783578 0.7727520412463258 0.7690573364237584
0 0.042969 0.954102 0.083984 0.076172 0.0 0.12265745098598431 0.0 0.15625635080593087 0.09584174531650635 0.2823304458790071 0.0 0.2834579846076171 0.26671504609806457 0.7925943276772186 0.0 0.7806352179133822 0.7556841295928365
0 0.976562 0.149902 0.046875 0.086914 0.0 0.04477280435118112 0.0 0.0 0.11956102275496432 0.09980133693037863 0.0 0.0 0.2594602028291687 0.9994874360440933 0.0 0.0 0.19802529787543038
0 0.393066 0.663086 0.092773 0.087891 0.025033830857750607 0.0 0.20852974852997336 0.0 0.046530154475695765 0.0 0.295053121313307 0.0 0.21860124026839048 0.0 0.7607897706252391 0.0 0.7701635037736814
0 0.368652 0.608887 0.079102 0.061523 0.0 0.1343961744235067 0.04916767183969976 0.10263296337695405 0.0 0.21375655750570768 0.2528144785911326 0.14432584666998607 0.0 0.7634579549337966 0.7688680630295855 0.7922850162347281 0.0
0 0.353516 0.302246 0.062500 0.051758 0.0 0.0 0.17985397947832607 0.0 0.22090227749161395 0.0 0.3525984775560417 0.0 0.25112428844744117 0.0 0.7645801082141468 0.0 0.7713888594424377
0 0.829590 0.040527 0.100586 0.079102 0.0 0.0 0.0953345972402472 0.0 0.18258289933529323 0.0 0.1850837036075855 0.0 0.2729441893749641 0.0 0.1813972884282925 0.0 0.18031274798866043
0 0.547852 0.150879 0.072266 0.084961 0.0 0.0 0.15963563842536177 0.0 0.13729066756275057 0.0 0.34291824583505565 0.0 0.3322296935983838 0.0 0.771537832194162 0.0 0.7866461360104122
0 0.741211 0.168457 0.099609 0.065430 0.0 0.0 0.09963657348937871 0.0 0.0952100831514958 0.0 0.15534070519658988 0.0 0.34010067065589217 0.0 0.16623214352312252 0.0 0.1809144017243246
0 0.076172 0.455566 0.085938 0.065430 0.0 0.0 0.20236513505348708 0.0 0.14110612164152195 0.0 0.33006767234393325 0.0 0.3245744982268762 0.0 0.7654732882573599 0.0 0.7793830646290022
0 0.163574 0.167480 0.092773 0.081055 0.0 0.0 0.29344881043136734 0.026003312593599996 0.109564236997345 0.0 0.40529485266659276 0.3069209404441515 0.28454300637387875 0.0 0.9820152834529766 0.9503361311757418 0.7199693187331239
0 0.079590 0.737305 0.083008 0.072266 0.0 0.0 0.2558063276285481 0.0 0.14442462991167102 0.0 0.10839113794993133 0.0 0.10691023070390192 0.0 0.7581477206450444 0.0 0.7918282675786656
0 0.417969 0.725098 0.074219 0.053711 0.0 0.0 0.20325617896751294 0.0 0.15507240825163549 0.0 0.2929820313646219 0.0 0.1691993843738038 0.0 0.7617794460632262 0.0 0.614733006676859
0 0.780273 0.375977 0.080078 0.076172 0.0 0.0 0.1944102440894299 0.0 0.19201910091719293 0.0 0.25232937360571817 0.0 0.2525223428890603 0.0 0.7683760996818677 0.0 0.7712689516770085
0 0.935547 0.289551 0.099609 0.083008 0.0 0.03440890984213873 0.09056787855598676 0.035204775971117555 0.16353960673964857 0.23103494813928988 0.3877752782470551 0.24940326664635903 0.2119396881709023 0.1988849152646553 0.18423088726921089 0.1872835880183158 0.18672993838685967
0 0.112793 0.790527 0.081055 0.069336 0.0 0.0 0.19957217808092212 0.0 0.06276615376764515 0.0 0.18381115714713545 0.0 0.16919750630152608 0.0 0.7651280980858066 0.0 0.8010479693303378
0 0.628906 0.587402 0.078125 0.063477 0.12286961346601022 0.06134355196852329 0.0 0.0 0.0 0.08666042791976693 0.0 0.0 0.0 0.918558649516354 0.0 0.0 0.0
0 0.473633 0.838867 0.085938 0.066406 0.0 0.0 0.16181689358982354 0.0 0.10853755061321557 0.0 0.26799322667053427 0.0 0.2534716947704397 0.0 0.7727456183396447 0.0 0.7809952928370882
0 0.627930 0.493164 0.058594 0.068359 0.0 0.10592942472132909 0.0 0.16869854162525447 0.0 0.2644459613666401 0.0 0.24468490137944546 0.0 0.7784163727800878 0.0 0.7735992882673707 0.0
0 0.981445 0.416504 0.037109 0.104492 0.0 0.0 0.0 0.055156953189923974 0.04704668302614832 0.0 0.0 0.25363802096126364 0.41946830015651937 0.0 0.0 0.24406064141356232 0.19056152272925525
0 0.035156 0.027344 0.068359 0.052734 0.0 0.0 0.05723153281176693 0.03951586737544949 0.0 0.0 0.30130968259098956 0.30405813660564784 0.0 0.0 0.015094746412364501 0.9918725922108529 0.0
0 0.020996 0.253418 0.040039 0.075195 0.0 0.14280275787642957 0.0 0.06535434378118059 0.07417831291910063 0.29736995501690944 0.0 0.32596407624142376 0.3242310613793924 0.0073012205180435314 0.0 0.9687171505051431 0.9976417595567597
0 0.532227 0.528809 0.044922 0.043945 0.0 0.1743759517823708 0.0 0.12857120925972496 0.0 0.29353832576049277 0.0 0.29641751491540536 0.0 0.7638770249848723 0.0 0.7694761307384061 0.0
0 0.958984 0.699707 0.080078 0.090820 0.0 0.0 0.11595530628995618 0.0435456945611829 0.19055450033375163 0.0 0.29943650650852316 0.35621137380269263 0.2893270076902572 0.0 0.02528500488416133 0.23378059958476707 0.036505998871691585
0 0.015625 0.322266 0.029297 0.072266 0.0 0.0 0.16445160520519317 0.09809204916908257 0.0 0.0 0.315984049452867 0.3338730840795147 0.0 0.0 0.9193106255164373 0.8986741297490931 0.0
0 0.307129 0.636719 0.055664 0.060547 0.0 0.12206200780835727 0.0 0.1396793462905402 0.0 0.2285603522086424 0.0 0.1405289443505067 0.0 0.7880288397914073 0.0 0.7687198770153044 0.0
0 0.706543 0.015137 0.081055 0.028320 0.020735155411935033 0.0 0.12528802654821525 0.15463196236786309 0.023912214322732585 0.0 0.30508660398504506 0.30409082519982716 0.281000756549946 0.0 0.17072223399249853 0.169974717851296 0.1602060371099769
0 0.491211 0.909668 0.111328 0.092773 0.0 0.0 0.1769509049410948 0.0 0.1166528948048568 0.0 0.2511501483159582 0.0 0.18353833125606062 0.0 0.7649974517451824 0.0 0.8228666789925771
0 0.524414 0.700684 0.076172 0.065430 0.0 0.03003093574972262 0.13555574098011822 0.01604697393900452 0.09837890337068494 0.3780375584370381 0.3191593200087055 0.4492740386370843 0.27480761505729634 0.7420477645317702 0.7488534079227157 0.7800151126277355 0.9068705948101432
0 0.537598 0.972656 0.120117 0.054688 0.033728292094408814 0.026430246618959815 0.09931482821963378 0.033889791781418134 0.12298458019011925 0.3014746375599441 0.34324695666377136 0.44060264296230145 0.25990508674195895 0.7869679214029252 0.6205589439919047 0.7656045518438709 0.7488381454742583
0 0.455078 0.791992 0.078125 0.054688 0.0 0.02053066691241844 0.15738765672710667 0.0 0.0445980730078574 0.32138115150966395 0.2603232057915505 0.0 0.2502934020607196 0.8274683628874143 0.7808836938719766 0.0 0.7867414550948291
0 0.250488 0.369141 0.098633 0.066406 0.0 0.0 0.11011635428019287 0.0 0.12719456055235293 0.0 0.29908910162205715 0.0 0.25970267798654595 0.0 0.7796216646408353 0.0 0.79477041835517
0 0.242188 0.806152 0.091797 0.065430 0.0 0.0 0.09978564973771975 0.0 0.08906291293893817 0.0 0.2854022132891171 0.0 0.2783301218945163 0.0 0.7477146066878497 0.0 0.7303061884555742
0 0.659668 0.940430 0.116211 0.107422 0.0 0.20150881185454758 0.0 0.13669057904176668 0.07624643933346369 0.22901624283478822 0.0 0.2794988196270654 0.30187227727170796 0.9458950397405052 0.0 0.9454902194861208 0.7711617935980302
0 0.164062 0.945312 0.121094 0.109375 0.0 0.0 0.20850127371589286 0.0 0.17760095228310058 0.0 0.24498050548964861 0.0 0.2681708336850602 0.0 0.7709891525517204 0.0 0.7796568938797155
0 0.709473 0.497559 0.077148 0.045898 0.0 0.0 0.20027005542288676 0.0 0.1264235692295093 0.0 0.2745970598831131 0.0 0.2237147586228154 0.0 0.7650870031143003 0.0 0.757853245891251
0 0.824707 0.467773 0.096680 0.109375 0.0 0.0 0.11767120460875036 0.0 0.07913707721596287 0.0 0.2479251233149632 0.0 0.18504677074787457 0.0 0.7883538699545588 0.0 0.7659120262129128
0 0.250977 0.541992 0.052734 0.054688 0.1414654948711089 0.0 0.0 0.12358316786096332 0.0 0.0 0.0 0.09213493193094671 0.0 0.0 0.0 0.7894923795560822 0.0
0 0.875977 0.428711 0.058594 0.076172 0.0 0.0 0.2236485714386303 0.0 0.07099060500957818 0.0 0.4188405989476115 0.0 0.27174692958959995 0.0 0.4592325011769588 0.0 0.7875985679446751
0 0.964355 0.229004 0.071289 0.065430 0.0 0.0 0.07612465507598179 0.0 0.2884024900160727 0.0 0.22216221863482247 0.0 0.17810667416181283 0.0 0.17464742987201842 0.0 0.18386505348499327
0 0.508301 0.047363 0.077148 0.053711 0.0 0.0 0.21295266913033853 0.0 0.08489398061941834 0.0 0.3184680149954251 0.0 0.31450774061212583 0.0 0.7700436144767355 0.0 0.7640019339640781
0 0.265625 0.402832 0.101562 0.059570 0.0 0.0 0.13782407847034037 0.0 0.07165105181503514 0.0 0.2241914153606609 0.0 0.2405433780852087 0.0 0.7799696248629419 0.0 0.7431650696583443
0 0.436523 0.761230 0.074219 0.045898 0.0 0.0 0.1757236678065826 0.0 0.08053451374316722 0.0 0.26994806187490966 0.0 0.2527907348736769 0.0 0.7748235136671443 0.0 0.8062641089084859
0 0.489258 0.011230 0.082031 0.020508 0.0 0.0 0.18507425646291562 0.0 0.23972862486738086 0.0 0.36537751457072176 0.0 0.3133935143360278 0.0 0.8064721817692785 0.0 0.7834386791761742
0 0.202148 0.283691 0.130859 0.151367 0.0060349524033549515 0.04281928539709718 0.046952548786645294 0.05312393659733479 0.06750352634997744 0.49673131387065533 0.33804814008476153 0.2908531803932085 0.20986921524103122 0.9956746726674106 0.7577237769761901 0.7852016842562582 0.5950049390049169
0 0.921875 0.363281 0.074219 0.103516 0.0 0.009477737035324224 0.1341360609412165 0.010644138539975818 0.0867231267619528 0.2811438171688196 0.28819197811011066 0.29293418373051056 0.21161642493588476 0.20525467373524237 0.18603403475306066 0.15739472365598506 0.21539092996404874
0 0.334961 0.260254 0.062500 0.047852 0.0 0.0 0.11327843279807025 0.0 0.15560788230335484 0.0 0.10358583825417761 0.0 0.16249389335339404 0.0 0.7467749434127853 0.0 0.7865595646312954
0 0.316406 0.959961 0.087891 0.046875 0.0 0.0 0.04587952306637526 0.0 0.11564906236843919 0.0 0.22419115100587084 0.0 0.33755494831319044 0.0 0.7143968300800414 0.0 0.8098349318065683
0 0.047363 0.673828 0.084961 0.087891 0.05289023199672933 0.017942591193154382 0.19579385604911856 0.0 0.08511174423970919 0.27981796622067134 0.3052705628800202 0.0 0.29105711527847283 0.043156602129988564 0.782682575971881 0.0 0.7545776157197426
0 0.103027 0.106934 0.081055 0.096680 0.0 0.007810208496763619 0.12594219064433226 0.034416393014500946 0.13631539107513418 0.19354820441631354 0.34109846871559046 0.18830327565574928 0.3196795052728244 0.0038241988845623747 0.5961214299206126 0.0007857715227070609 0.028820468816879635
0 0.634766 0.639648 0.076172 0.064453 0.25192358961289674 0.0 0.0 0.0 0.06617076553476717 0.0 0.0 0.0 0.1799847321658749 0.0 0.0 0.0 0.7219032282138057
0 0.044922 0.185059 0.087891 0.088867 0.0 0.11316799396154521 0.12592278888294275 0.0 0.0 0.18317988824163997 0.18104280514051124 0.0 0.0 0.9826431270769711 0.003269142295972769 0.0 0.0
0 0.310547 0.061523 0.046875 0.052734 0.0 0.10254236351084973 0.0 0.06223971032439254 0.0 0.2961715606943244 0.0 0.2878834222887035 0.0 0.9788563184191345 0.0 0.9933791801597762 0.0
0 0.021484 0.588867 0.041016 0.064453 0.0 0.09768327557224149 0.027360519748241465 0.07696507650761789 0.04715416100936573 0.24821549701008616 0.3307278151915393 0.18232319569780536 0.0916394905518383 0.770239517482912 0.7793760244764347 0.7782646777454928 0.7745009971922586
0 0.607910 0.024414 0.069336 0.046875 0.0 0.0 0.06712961189183168 0.056163205450091964 0.1990705588142624 0.0 0.30899888984209434 0.3048672169400171 0.3010790950501722 0.0 0.7673438873435494 0.7654213509921325 0.7677999744885499
0 0.524902 0.092285 0.077148 0.053711 0.0 0.0 0.20535998262408886 0.0 0.1215536452635821 0.0 0.34004517422883584 0.0 0.2927767479787863 0.0 0.7444341047749881 0.0 0.7789410754987115
0 0.544434 0.416504 0.053711 0.065430 0.0 0.16357592672434293 0.0 0.2037857627815551 0.0 0.2283434370420497 0.0 0.3051605782845192 0.0 0.7779094209616911 0.0 0.756887409079156 0.0
0 0.374023 0.339844 0.072266 0.052734 0.0 0.0 0.13080472701960838 0.0 0.16518990898196564 0.0 0.27631528912302833 0.0 0.217197933430819 0.0 0.7766368909462873 0.0 0.747762020847511
0 0.512207 0.432129 0.041992 0.069336 0.0 0.09368019863553126 0.0 0.08319332039784032 0.0 0.2617566546211158 0.0 0.41594572827801873 0.0 0.7582894293224192 0.0 0.7655398927197274 0.0
0 0.490723 0.442871 0.041992 0.069336 0.0 0.11688300934166525 0.0 0.08452015190261238 0.0 0.14569233067716852 0.0 0.14861736648986754 0.0 0.7986299381737865 0.0 0.699967799957882 0.0
0 0.767578 0.879395 0.093750 0.088867 0.0 0.1414576587987501 0.0 0.14757166532783825 0.0 0.4081746703445854 0.0 0.3248103169916473 0.0 0.9472044628953875 0.0 0.9382562522996744 0.0
0 0.689941 0.459473 0.077148 0.045898 0.0 0.09956605095317468 0.08632321206837423 0.0 0.0 0.19219954890870156 0.20645093015029778 0.0 0.0 0.7616947795450533 0.7799729830098938 0.0 0.0
0 0.576172 0.504883 0.058594 0.068359 0.0 0.23133116952218163 0.0 0.13085213351107994 0.0 0.2137909885130724 0.0 0.22594213507908845 0.0 0.7945181642934389 0.0 0.6469633311598506 0.0
0 0.514648 0.633301 0.091797 0.075195 0.0 0.027422371131250907 0.09061797755488372 0.025230252865010426 0.08314508427817602 0.2596892790580601 0.23276200696077726 0.2656107382066172 0.2384501497391146 0.7778367173925259 0.7487137514224733 0.7652070348341756 0.749022571843817
