0 0.496582 0.901855 0.106445 0.110352 0.0 0.21697140294095812 0.0 0.19751194521728957 0.0 0.17849803134230907 0.0 0.18780157619540527 0.0 0.5318915471001587 0.0 0.5422276167160685 0.0
0 0.712891 0.893066 0.095703 0.114258 0.0 0.22499376071559346 0.0 0.16541731978510307 0.0 0.26576220953378027 0.0 0.3626868622352536 0.0 0.543454146673101 0.0 0.5382267954642379 0.0
0 0.577637 0.889648 0.063477 0.126953 0.0 0.22760569640100722 0.0 0.15696477917175033 0.0 0.22510400121429489 0.0 0.20632013321100615 0.0 0.5130771839034324 0.0 0.5562405845992481 0.0
0 0.409180 0.901855 0.068359 0.112305 0.06745412236575592 0.18604021701180257 0.0 0.16208455996246102 0.0 0.27599795491439605 0.0 0.3076615450911754 0.0 0.5432787625934131 0.0 0.48666903662340627 0.0
0 0.793457 0.046387 0.118164 0.090820 0.030396143471979917 0.0 0.19290582413240873 0.0 0.15939808503539615 0.0 0.3182112022057204 0.0 0.34010382799592265 0.0 0.6914105683655236 0.0 0.6840624623921198
0 0.357422 0.671875 0.083984 0.091797 0.0 0.16968407070501418 0.0 0.2631918073278554 0.0 0.28529456845918055 0.0 0.22916322444543438 0.0 0.22720299027178062 0.0 0.17993207118730367 0.0
0 0.354492 0.461426 0.097656 0.092773 0.0 0.23160464094424044 0.0 0.17845850921788511 0.0 0.2566392070928832 0.0 0.27013080402858436 0.0 0.01316129515294209 0.0 0.025525020260456523 0.0
0 0.502441 0.734375 0.106445 0.113281 0.15260790414435105 0.0814729238338638 0.01855929912778733 0.1032209754902531 0.020347668549832016 0.24439480094542235 0.2559489609522136 0.2637820781449376 0.2548382812400828 0.4103928788313684 0.47700695078499455 0.4164370093548238 0.33351814096753
0 0.169922 0.250000 0.101562 0.109375 0.0 0.24642321863513267 0.0 0.0 0.1628730609004957 0.2698989934157173 0.0 0.0 0.2762693577377857 0.010496269175289305 0.0 0.0 0.9899717606827984
0 0.293945 0.616211 0.070312 0.085938 0.0 0.21581415375727983 0.0 0.19207929498370258 0.0 0.3787772933261959 0.0 0.3766130886977888 0.0 0.07875630699400275 0.0 0.08158098990667718 0.0
0 0.228516 0.798828 0.119141 0.099609 0.0 0.0 0.1828287329904528 0.0 0.1875804481200145 0.0 0.22547683708600208 0.0 0.24372241384857027 0.0 0.6763027211583909 0.0 0.6908773215819953
0 0.339355 0.901367 0.069336 0.103516 0.0 0.2276874043409237 0.0 0.1795897069522394 0.0 0.28163570736684873 0.0 0.26967190470003627 0.0 0.5414252010346533 0.0 0.5401755243254336 0.0
0 0.064453 0.825684 0.085938 0.094727 0.0 0.0 0.21786398336778745 0.0 0.16646672089360434 0.0 0.2097128719256479 0.0 0.2890892980826214 0.0 0.6864048555320552 0.0 0.682134375880416
0 0.686035 0.734863 0.084961 0.131836 0.0 0.09329697494980733 0.0 0.2089513817623315 0.0 0.3545073080597571 0.0 0.19491085481953635 0.0 0.6311600745682994 0.0 0.6045157545249721 0.0
0 0.812988 0.125000 0.118164 0.085938 0.0 0.0 0.21862366737911668 0.0 0.20437004028808686 0.0 0.2838254135431595 0.0 0.30557909795732463 0.0 0.7075576288548738 0.0 0.717482578000992
0 0.037109 0.265137 0.072266 0.168945 0.0 0.03502112826223508 0.20618457816994457 0.08610970691675854 0.019396010746485646 0.3196085220767398 0.2972103996678726 0.3077926611346829 0.34262017600707567 0.786892789322055 0.674577889692738 0.8203256925772443 0.7974498256755753
0 0.727539 0.551758 0.058594 0.111328 0.0 0.22520141662088564 0.0 0.2277908659275087 0.0 0.2925146080459169 0.0 0.2881328174266189 0.0 0.6119214807331244 0.0 0.6288314556431898 0.0
0 0.402344 0.530762 0.078125 0.094727 0.0 0.15165457298236412 0.0 0.199330697479675 0.0 0.1962966485756508 0.0 0.15390303210893833 0.0 0.18533589927339886 0.0 0.17966766697543335 0.0
0 0.187500 0.729492 0.078125 0.066406 0.0 0.0 0.20295110104267106 0.0 0.14739896924398863 0.0 0.355309886950311 0.0 0.3673494056116846 0.0 0.6835420955779304 0.0 0.6788965626498668
0 0.786621 0.886230 0.055664 0.100586 0.0 0.12685648592154525 0.0 0.18151782291721438 0.0 0.34329737751478884 0.0 0.3262878213346522 0.0 0.571124836711629 0.0 0.5394913670435711 0.0
0 0.509766 0.534180 0.121094 0.150391 0.0860225595144678 0.0581172758461197 0.05603490867515804 0.07423588637710221 0.05939949494256603 0.326950927257135 0.28605608597043586 0.30388053149366623 0.2840356647254565 0.3138599827384926 0.35386796041196933 0.3434296633600451 0.34654513309852303
0 0.036133 0.673340 0.070312 0.100586 0.0 0.0 0.26835695777456875 0.0 0.07414748124767105 0.0 0.18596789987576562 0.0 0.2884267466878712 0.0 0.6760509527964851 0.0 0.6643450722961268
0 0.600098 0.577637 0.081055 0.094727 0.0 0.1713734554137253 0.0 0.21657859063378637 0.0 0.3361428961456243 0.0 0.32120991901817836 0.0 0.5471134584664307 0.0 0.5516768798688184 0.0
0 0.178711 0.655762 0.105469 0.094727 0.0 0.0 0.19264707106823162 0.0 0.12348885697099819 0.0 0.26144151459089193 0.0 0.2646163857051236 0.0 0.6891334022689891 0.0 0.6878286287004648
0 0.798828 0.698730 0.048828 0.106445 0.0 0.11120532083715581 0.0 0.1851015740811981 0.0 0.2895867326617716 0.0 0.15382343987495897 0.0 0.6059663905777717 0.0 0.6001033764301534 0.0
0 0.962891 0.035156 0.074219 0.068359 0.0 0.0 0.11007832093832212 0.0 0.2915202136183021 0.0 0.2632043726906508 0.0 0.2574907082406258 0.0 0.6736925264215752 0.0 0.6766395645841312
0 0.250488 0.912598 0.110352 0.137695 0.0 0.01958534768803176 0.1394503522754238 0.035826812747295704 0.08475483074272919 0.47902400938699585 0.22689717922288927 0.4372070978238609 0.3183800411635614 0.5464078999251685 0.6770921961627059 0.5348524543412799 0.6789410347704625
0 0.945312 0.894531 0.103516 0.093750 0.0 0.0 0.11653673193182289 0.08650956324397549 0.17814962511923008 0.0 0.19761170605300207 0.1811306951503906 0.22395661034484848 0.0 0.710936162955073 0.5435980562275365 0.5933105920542814
0 0.666016 0.563477 0.058594 0.109375 0.0 0.17116686132120304 0.0 0.15799365953583527 0.0 0.28027971133630497 0.0 0.30696327175609944 0.0 0.6052261498537239 0.0 0.6166268941792572 0.0
0 0.971680 0.120117 0.056641 0.101562 0.0 0.030612314255795647 0.009739859721582159 0.0 0.26557639560154384 0.1903953956825991 0.2210955219906307 0.0 0.23180537152373332 0.06035486667809909 0.19884483590836086 0.0 0.7779537337086907
0 0.848633 0.886719 0.080078 0.101562 0.0 0.15331836349811445 0.0 0.15430304595057823 0.0 0.2699644776468112 0.0 0.2490831559300059 0.0 0.5526316441878748 0.0 0.5360683797955239 0.0
0 0.928711 0.552734 0.076172 0.078125 0.0 0.20273667641847382 0.0 0.23306405256852317 0.0 0.2559246273850228 0.0 0.2863834168581829 0.0 0.20159429946804178 0.0 0.20111916621070172 0.0
0 0.623047 0.738281 0.052734 0.123047 0.0 0.1293160067684405 0.0 0.18563610423897045 0.0 0.2818195804448256 0.0 0.18431104369893705 0.0 0.5346304529573339 0.0 0.530190470777792 0.0
0 0.123535 0.187988 0.075195 0.084961 0.0 0.06095166514359213 0.06118045561842255 0.0 0.0 0.3594753409778143 0.296720111330111 0.0 0.0 0.6330263858135099 0.9257955865694012 0.0 0.0
0 0.023438 0.587402 0.044922 0.077148 0.0 0.0 0.28253329930902765 0.0 0.0 0.0 0.16638015357918712 0.0 0.0 0.0 0.6816764673516369 0.0 0.0
0 0.861328 0.686523 0.078125 0.091797 0.0 0.21507282994530272 0.0 0.11838583648489329 0.0 0.2620234524196777 0.0 0.2674861414918879 0.0 0.40629810453295506 0.0 0.56643828470305 0.0
0 0.213867 0.322754 0.078125 0.088867 0.0 0.16123376585815805 0.0 0.0 0.12886860231024833 0.29687552219815716 0.0 0.0 0.2728858918253615 0.004749879244576031 0.0 0.0 0.9177169305466375
0 0.129395 0.460449 0.114258 0.137695 0.0 0.007188649090813511 0.17168479877939324 0.0 0.11009435782374524 0.22785337316410373 0.23297648017781125 0.0 0.2398860826370784 0.8505724643378626 0.7954785470798705 0.0 0.7096850822625239
0 0.578613 0.733887 0.043945 0.108398 0.0 0.13474902687380994 0.0 0.168889313462111 0.0 0.2524230263525797 0.0 0.18207790890656356 0.0 0.46279940251306073 0.0 0.49748500708061993 0.0
0 0.917969 0.763672 0.095703 0.064453 0.0 0.0 0.1512109499158757 0.0 0.13586618451883864 0.0 0.26043140565169054 0.0 0.27483375782822506 0.0 0.6994978159067818 0.0 0.6932299422961108
0 0.902832 0.710449 0.077148 0.073242 0.0 0.0 0.2355116999688653 0.014277455232234233 0.10714107465145424 0.0 0.24657786828999959 0.29946220986622063 0.25964527520664954 0.0 0.9091653281417681 0.049699184680873525 0.8026617153582395
0 0.929199 0.816406 0.102539 0.062500 0.0 0.014857781956797296 0.18366965672777513 0.0 0.16913544371924377 0.3993005150800928 0.2559366451104904 0.0 0.2500020963824381 0.3422377603074054 0.694379101388045 0.0 0.6642615254267249
0 0.104980 0.948730 0.094727 0.088867 0.0 0.07377494461780033 0.11942306427933093 0.12048179649324572 0.06247215361929444 0.24604780187259523 0.27285828646294435 0.2664231265242346 0.2863922304999045 0.6134820271764907 0.6664462079763793 0.6261913598560075 0.6890286170466453
0 0.086426 0.879883 0.096680 0.044922 0.0 0.0 0.15569445812685315 0.0 0.19850962230541022 0.0 0.2598186670024638 0.0 0.2524036695638784 0.0 0.6861884523718519 0.0 0.6828201268730851
0 0.630371 0.023926 0.139648 0.045898 0.0 0.0 0.17568656989161927 0.0 0.16310464029835334 0.0 0.245086957331343 0.0 0.24551855785293988 0.0 0.4332799137070304 0.0 0.41797024263312516
0 0.029785 0.964844 0.057617 0.064453 0.0 0.0 0.0 0.2441081168499663 0.0 0.0 0.0 0.2561039597568011 0.0 0.0 0.0 0.5997173851729976 0.0
0 0.245605 0.351074 0.081055 0.090820 0.0 0.0 0.12930126949558746 0.09352885969784286 0.0 0.0 0.2785661051025833 0.25936664395333275 0.0 0.0 0.9919973089362359 0.04633933873715345 0.0
0 0.359863 0.766113 0.063477 0.079102 0.0 0.0 0.11247965966989638 0.0 0.19232211235519686 0.0 0.3128850109358107 0.0 0.3101845169570991 0.0 0.22485992603757332 0.0 0.23816475382263164
0 0.937988 0.340820 0.124023 0.128906 0.0 0.09331197561641905 0.10346007736856852 0.1251467824093057 0.12757001791491268 0.3653614509894795 0.3703571545462733 0.36547499815167883 0.34756360275147313 0.8956722034274569 0.8925844747491312 0.8949031064173382 0.8086455681990969
0 0.556152 0.065430 0.241211 0.070312 0.27575487040736113 0.0 0.0 0.0 0.0 0.0 0.0 0.0 0.0 0.0 0.0 0.0 0.0
0 0.301758 0.408691 0.072266 0.088867 0.0 0.3132685901430822 0.0 0.0 0.24505587261876283 0.2875081260153729 0.0 0.0 0.24794506824117526 0.031481683890694966 0.0 0.0 0.9697906766331524
0 0.243164 0.566895 0.064453 0.061523 0.0 0.2565509777886249 0.0 0.0 0.13626558888430967 0.2500861236677661 0.0 0.0 0.2604445699354989 0.0041093972279057315 0.0 0.0 0.986961620424583
0 0.864258 0.536621 0.080078 0.090820 0.0 0.15379260558999508 0.0 0.16388819425207204 0.0 0.2762801869993036 0.0 0.26636224092790495 0.0 0.37727405045588447 0.0 0.405423405209169 0.0
0 0.968750 0.589355 0.062500 0.084961 0.0 0.0 0.18847001958949683 0.16382726223041852 0.0 0.0 0.27743294542670127 0.3224347279475092 0.0 0.0 0.9821770147295733 0.029813771931298385 0.0
0 0.275391 0.384766 0.074219 0.085938 0.0 0.0 0.19068240289781427 0.0 0.16012129017530669 0.0 0.28632020996145147 0.0 0.25991965884907625 0.0 0.9965376750242254 0.0 0.9013621708847069
0 0.935547 0.239258 0.082031 0.070312 0.0 0.0 0.13701648429878174 0.0 0.1845166909891667 0.0 0.3706228479767314 0.0 0.36815858508788246 0.0 0.8798649442235342 0.0 0.8906395606733952
0 0.790527 0.541504 0.077148 0.092773 0.18392668603594223 0.02249608820391661 0.02457521131934108 0.21501786339316575 0.021089302431984893 0.3046982568888471 0.448225836389923 0.29177825214231945 0.4633226769972992 0.7389912859832368 0.5883930638984493 0.5912581296730051 0.607013071530966
0 0.742676 0.168457 0.055664 0.067383 0.0 0.0 0.15882422674805494 0.0 0.0 0.0 0.07508330150295059 0.0 0.0 0.0 0.686754675054046 0.0 0.0
0 0.015137 0.488770 0.028320 0.135742 0.0 0.0 0.1305679053738626 0.0 0.0 0.0 0.3284770731663974 0.0 0.0 0.0 0.6827459231936793 0.0 0.0
0 0.129883 0.579590 0.082031 0.088867 0.17905502097624343 0.0 0.0 0.0 0.02932023062361193 0.0 0.0 0.0 0.18520820647782993 0.0 0.0 0.0 0.6897177816678258
0 0.039062 0.754883 0.076172 0.060547 0.0 0.0 0.05083086115151087 0.0 0.04326410950361174 0.0 0.3108333300245229 0.0 0.3195970867085489 0.0 0.6175858615935146 0.0 0.692991105907538
0 0.207520 0.525879 0.057617 0.057617 0.0 0.23408368450570693 0.0 0.10673665478755162 0.0 0.25914131176305805 0.0 0.2905243803000422 0.0 0.005903156685932645 0.0 0.020455350294509837 0.0
0 0.421387 0.706055 0.077148 0.085938 0.35223815252736596 0.0 0.0 0.0 0.0 0.0 0.0 0.0 0.0 0.0 0.0 0.0 0.0
0 0.751953 0.711426 0.046875 0.104492 0.0 0.13675643461913636 0.0 0.12589192178927242 0.0 0.2156323592293775 0.0 0.17799599575365593 0.0 0.6566772059615222 0.0 0.6162496416412175 0.0
0 0.638672 0.893066 0.058594 0.120117 0.0 0.17467113695066563 0.0 0.13622178542237637 0.0 0.25091596571687874 0.0 0.24475421381256116 0.0 0.560333061932018 0.0 0.5095978298851573 0.0
0 0.546875 0.186523 0.080078 0.179688 0.2996161591543025 0.0 0.0 0.0 0.1748884398415571 0.0 0.0 0.0 0.10167552179564816 0.0 0.0 0.0 0.5546993407993015
0 0.614746 0.168945 0.071289 0.076172 0.14976651972809263 0.0 0.07067825347148207 0.0 0.02563930297632343 0.0 0.0769499478750931 0.0 0.07553984317673762 0.0 0.5423397639961044 0.0 0.5554308757911037
0 0.749023 0.329590 0.173828 0.124023 0.32647784983327854 0.0 0.0 0.006310492684033569 0.0 0.0 0.0 0.29133256853630674 0.0 0.0 0.0 0.5752687327169964 0.0
0 0.866699 0.188965 0.084961 0.073242 0.0 0.0 0.16607622849513487 0.0 0.1972954983225425 0.0 0.17119425423399198 0.0 0.17800124494196684 0.0 0.8725072095748696 0.0 0.8161539192627013
