0 0.088867 0.493652 0.080078 0.122070 0.0 0.047730367875122845 0.1668022273510769 0.0 0.14759284151657548 0.17400253880085195 0.1929463559890186 0.0 0.1932262427873723 0.4374282853860944 0.39279362589232136 0.0 0.3975159510166785
0 0.918457 0.595215 0.125977 0.088867 0.0 0.16890020713428697 0.0 0.15295784247228209 0.0 0.2855536279546119 0.0 0.29460643726762004 0.0 0.47283940113802553 0.0 0.4722225794009028 0.0
0 0.295898 0.510254 0.080078 0.108398 0.0 0.14936570372405927 0.0 0.15955513860309542 0.0 0.23643185265980102 0.0 0.23767154333814916 0.0 0.43394025955895044 0.0 0.42212708817038 0.0
0 0.400391 0.756348 0.130859 0.106445 0.0 0.20138738555828684 0.0 0.1690258988026239 0.0 0.23736350683770932 0.0 0.17182568099158185 0.0 0.42241401177059085 0.0 0.4166910923919482 0.0
0 0.370605 0.346680 0.124023 0.111328 0.0 0.1377468954830746 0.0 0.12689146198615084 0.0 0.19437403283646615 0.0 0.29383618347033374 0.0 0.3297519228270972 0.0 0.3560961982391475 0.0
0 0.374512 0.515625 0.081055 0.099609 0.0 0.14332675620523813 0.0 0.144855502861816 0.0 0.23836047884168005 0.0 0.25382564992333045 0.0 0.43075306561925025 0.0 0.4219258252628366 0.0
0 0.062012 0.716309 0.122070 0.125977 0.24991994731808653 0.0 0.0 0.0 0.0 0.0 0.0 0.0 0.0 0.0 0.0 0.0 0.0
0 0.454590 0.521484 0.086914 0.091797 0.0 0.100212379061792 0.04486910049245793 0.0743185972449513 0.040568461512629585 0.26370301533313373 0.2201784961929131 0.1328017538491829 0.1223515078956376 0.42686559077204844 0.3639155386496384 0.39182712823319366 0.3405954312035157
0 0.535645 0.372559 0.131836 0.118164 0.0 0.21015673524585052 0.0 0.21046087720745033 0.0 0.2952992694485696 0.0 0.307839995406627 0.0 0.4167692398765292 0.0 0.4226550617932219 0.0
0 0.430176 0.973633 0.161133 0.052734 0.0 0.3520344246167626 0.0 0.0 0.0 0.20732180352425691 0.0 0.0 0.0 0.43305998270062407 0.0 0.0 0.0
0 0.122559 0.186035 0.108398 0.094727 0.0 0.0 0.15110638662735934 0.0 0.1496669823757948 0.0 0.25199364827573345 0.0 0.28313796067278096 0.0 0.40007119473614094 0.0 0.4000709034455035
0 0.288574 0.100586 0.090820 0.083984 0.0 0.0 0.15602284309982697 0.07416287944305172 0.1815334090232805 0.0 0.3404344881971723 0.30416395006164637 0.3250471444933782 0.0 0.40709207671006 0.43464606600910544 0.3817779809131167
0 0.266113 0.273926 0.110352 0.094727 0.0 0.0 0.14185449663664448 0.0 0.1526755403928204 0.0 0.14412028943176428 0.0 0.17280298084729298 0.0 0.392737661708439 0.0 0.4076961047863004
0 0.111816 0.328613 0.081055 0.098633 0.11554467066614045 0.0 0.12235701173530426 0.07730531682231258 0.0 0.0 0.3047220039091005 0.3320011109905016 0.0 0.0 0.3753769755318735 0.4354926300112336 0.0
0 0.282227 0.188965 0.103516 0.088867 0.0 0.0 0.20164247275011685 0.0 0.19651281662826847 0.0 0.3410024662634202 0.0 0.33393976420962673 0.0 0.3552784798529419 0.0 0.40778126999326314
0 0.783691 0.372559 0.096680 0.083008 0.0 0.0 0.15042813267757332 0.09509921222618412 0.14006961269901627 0.0 0.3420503320946826 0.3830669796193186 0.3560444135139258 0.0 0.189285986164928 0.1898985314422046 0.21281078805958106
0 0.254883 0.358887 0.109375 0.075195 0.0 0.059734607799258356 0.012526041832460663 0.1557715823957367 0.06672284779522916 0.32546409795924214 0.1938721789049176 0.3179568089511005 0.30261683866968336 0.5802805405681872 0.4328056045010423 0.5079859494381496 0.3839435267890642
0 0.626953 0.659180 0.091797 0.072266 0.0 0.0 0.19651668201967565 0.0 0.2865342212087684 0.0 0.24448090326726152 0.0 0.21303677554685227 0.0 0.18513161846600623 0.0 0.1808477794736449
0 0.025879 0.946289 0.049805 0.107422 0.0 0.16283656434935417 0.0 0.16010191515398658 0.0 0.2560229411852651 0.0 0.25342021055826236 0.0 0.4331516003827864 0.0 0.43041908960475694 0.0
0 0.891602 0.159180 0.087891 0.083984 0.0 0.0 0.19123909722751556 0.0 0.1099038061333504 0.0 0.3266724207157092 0.0 0.30582634341405307 0.0 0.20670372370795798 0.0 0.099075085128455
0 0.935547 0.084473 0.072266 0.073242 0.0 0.0 0.16907512158462118 0.0 0.18752440674960347 0.0 0.29040372118837915 0.0 0.2835323270419227 0.0 0.19393374016764509 0.0 0.19532125388886484
0 0.655273 0.558105 0.156250 0.127930 0.04798496062881838 0.1542828576572174 0.12030545099477427 0.013103453029514244 0.04027662382068008 0.24587681278015233 0.23208448035706677 0.2813752697149974 0.22722647497211398 0.4200786942023727 0.185471780859421 0.4424950917303123 0.16106269461387795
0 0.167480 0.957520 0.040039 0.084961 0.0 0.15338572890543276 0.0 0.07451688257744267 0.0 0.29325992577953547 0.0 0.16881047804879587 0.0 0.426225257327458 0.0 0.3138385369933297 0.0
0 0.443848 0.042969 0.041992 0.083984 0.0 0.21830217656628528 0.0 0.23609312574772315 0.0 0.2351218059456112 0.0 0.23649467793468315 0.0 0.44756170582070703 0.0 0.43661293281709657 0.0
0 0.134277 0.107422 0.102539 0.062500 0.0 0.0 0.15315482686619145 0.0 0.21839080390084184 0.0 0.25864765544177165 0.0 0.2244619512035664 0.0 0.3855738313484027 0.0 0.39272647058868415
0 0.814453 0.609863 0.089844 0.104492 0.0 0.09584933417844849 0.0654272884722705 0.06718064575883462 0.12056439147826058 0.24439226808776193 0.29740755982734196 0.2972964766900908 0.2239624364860317 0.521220666668857 0.23531891323388138 0.4746307534298735 0.15976253015987066
0 0.957031 0.475586 0.074219 0.066406 0.0 0.0935538903918339 0.0 0.23198316174493203 0.0 0.4158908191166236 0.0 0.35878786105975446 0.0 0.49746429015574056 0.0 0.47261167251062186 0.0
0 0.502930 0.067871 0.074219 0.127930 0.0 0.0816673170820221 0.0 0.12463775550285472 0.06601331685722733 0.358542957228055 0.0 0.2554487647839744 0.342381729501188 0.4377643306932591 0.0 0.4340814056325121 0.42265924338932953
0 0.025879 0.484863 0.049805 0.108398 0.0 0.19803332476914173 0.0 0.16173954785315597 0.0 0.20545280084894324 0.0 0.2535937100150872 0.0 0.41908194192949555 0.0 0.4175207327031324 0.0
0 0.590820 0.711914 0.080078 0.064453 0.0 0.0 0.0 0.21040332254565144 0.1916330852025601 0.0 0.0 0.17522514290295627 0.17767398588859537 0.0 0.0 0.9874545222917251 0.02179665525713372
0 0.538086 0.521973 0.080078 0.065430 0.05988415504792883 0.16587266693462216 0.0 0.0 0.0 0.2634996488038037 0.0 0.0 0.0 0.42635032568026 0.0 0.0 0.0
0 0.121094 0.257324 0.095703 0.049805 0.0 0.0 0.11505998551462246 0.03227707637513837 0.07488434302319046 0.0 0.2810291787231137 0.4316356633865121 0.2910127417624377 0.0 0.41004942529781563 0.43970245505166633 0.3821217671013408
0 0.100586 0.955078 0.093750 0.089844 0.0 0.16626357128865032 0.0 0.13061473962851275 0.0 0.29899873773342933 0.0 0.10430598257135125 0.0 0.43134054902131447 0.0 0.4184558614914983 0.0
0 0.630371 0.395020 0.053711 0.088867 0.0 0.14760563098691643 0.0 0.12023024277235252 0.0 0.16086559346813603 0.0 0.23314389933156623 0.0 0.39660257511513114 0.0 0.3535141192990535 0.0
0 0.898438 0.774902 0.119141 0.098633 0.0 0.18279779812858787 0.0 0.21799090690941436 0.0 0.2877083870863559 0.0 0.3144843727739954 0.0 0.4238793150205309 0.0 0.420006314433091 0.0
0 0.210449 0.544434 0.084961 0.075195 0.0608040519328792 0.0 0.10362150878858845 0.0 0.23552423325644886 0.0 0.3501647726153759 0.0 0.3246555834009709 0.0 0.40578151519031597 0.0 0.4021201056451935
0 0.449707 0.373047 0.041992 0.083984 0.0 0.23982640561624682 0.0 0.1883242659315657 0.0 0.2322994767626853 0.0 0.25100468512974056 0.0 0.33536393381769536 0.0 0.3700891670308958 0.0
0 0.974121 0.261230 0.051758 0.075195 0.0 0.0 0.06452335205258684 0.0 0.1994796013691496 0.0 0.27571707974622095 0.0 0.24281797989826429 0.0 0.18950001773166983 0.0 0.17860975415560398
0 0.977051 0.773926 0.045898 0.112305 0.0 0.12480628650390857 0.0 0.09384001242184595 0.0 0.2602236511574549 0.0 0.26602358261447934 0.0 0.4272475848642273 0.0 0.42876792931840174 0.0
0 0.873535 0.479004 0.083008 0.059570 0.0 0.0 0.07668524443975076 0.06837357922898879 0.12020634961004381 0.0 0.1940144958588533 0.2712135221129821 0.2790043716129348 0.0 0.22497085969334307 0.4834226630724615 0.2714254790900442
0 0.164062 0.038574 0.070312 0.075195 0.0 0.04352018114755078 0.08798662320384947 0.2771922889132913 0.0 0.20523254072310707 0.2982798352575056 0.17851805029739332 0.0 0.4658751125873083 0.374804586706679 0.44274325527015573 0.0
0 0.311523 0.030762 0.103516 0.059570 0.0 0.11484995301190468 0.02607861185655593 0.11516675158563772 0.11771844456597201 0.36457972728545174 0.3166896317726893 0.37340511390355124 0.29297869935369986 0.42895437324682273 0.42613439272714876 0.42629914006730085 0.3982133892219278
0 0.938965 0.360352 0.084961 0.062500 0.0 0.0 0.14831911666433192 0.0 0.22815643240707265 0.0 0.23553403873364478 0.0 0.25665178122569493 0.0 0.1850967275829962 0.0 0.19244119078884284
0 0.968750 0.027344 0.062500 0.052734 0.0 0.0 0.14668696851453866 0.0 0.2248169817040178 0.0 0.24038131529606055 0.0 0.2481603483908702 0.0 0.1771071707196168 0.0 0.14652653424027542
0 0.919922 0.408691 0.070312 0.047852 0.0 0.05075616370419703 0.10093924478385231 0.029310272528669808 0.06195651815787219 0.2839721122432609 0.16763103861046844 0.1958706241171345 0.30140440278611824 0.5272691654214346 0.13384551142666384 0.1938778176867072 0.1837121986814596
0 0.547852 0.980469 0.087891 0.039062 0.24148431215060526 0.0 0.0 0.0 0.0 0.0 0.0 0.0 0.0 0.0 0.0 0.0 0.0
0 0.020996 0.147949 0.040039 0.065430 0.0 0.0 0.297092085967092 0.0 0.0 0.0 0.25258175794610904 0.0 0.0 0.0 0.42774061131740254 0.0 0.0
0 0.852539 0.220703 0.062500 0.054688 0.0 0.0 0.19237862820384038 0.0 0.17882868162739535 0.0 0.32085149884745046 0.0 0.3190382608844322 0.0 0.1895505421587801 0.0 0.20044495824024547
0 0.036133 0.329590 0.070312 0.086914 0.0 0.20738664856487132 0.0 0.1973907243414928 0.0 0.3173104227906784 0.0 0.3199937460038696 0.0 0.4294852307273143 0.0 0.4340469825279045 0.0
0 0.835449 0.260254 0.069336 0.055664 0.0 0.0 0.32193816884796855 0.0 0.1668644881018471 0.0 0.35896923068489783 0.0 0.3977699945628739 0.0 0.15996267493847224 0.0 0.19279332498605237
0 0.266113 0.964355 0.161133 0.071289 0.32172496349634844 0.005105791860016039 0.0 0.0 0.0 0.10861329269732894 0.0 0.0 0.0 0.4219859865826035 0.0 0.0 0.0
0 0.040527 0.020996 0.079102 0.040039 0.0 0.0 0.0 0.4019863681538221 0.0 0.0 0.0 0.2523023428202494 0.0 0.0 0.0 0.43705530140234145 0.0
0 0.219238 0.479004 0.077148 0.059570 0.0 0.16235965788453094 0.012546850858376016 0.0 0.06805965766062558 0.31020496519103435 0.49779601336560947 0.0 0.32805265335130784 0.5050802594195634 0.6883280470748538 0.0 0.3641405424546163
0 0.722168 0.422363 0.129883 0.069336 0.13381602684379773 0.0 0.0 0.174088280691935 0.0 0.0 0.0 0.17824072358378718 0.0 0.0 0.0 0.2913292976306364 0.0
0 0.630859 0.984863 0.082031 0.030273 0.0 0.37810954102378 0.0 0.0 0.0 0.23397918793423517 0.0 0.0 0.0 0.42768980166749027 0.0 0.0 0.0
0 0.025391 0.077637 0.048828 0.075195 0.0 0.0 0.23382069921800633 0.0 0.06177768976836513 0.0 0.2626605804897978 0.0 0.2972399904065733 0.0 0.42124953629649375 0.0 0.43507106314907684
0 0.904297 0.431641 0.070312 0.044922 0.0 0.0 0.17999501358721873 0.0 0.16623900110176182 0.0 0.2734336615880539 0.0 0.23279322385794304 0.0 0.21706990556169659 0.0 0.1821113644700972
0 0.146484 0.038086 0.109375 0.074219 0.0 0.0442136258786963 0.05505909566023723 0.28261372465630846 0.0 0.21176215504447238 0.29864406811309857 0.17937178119094835 0.0 0.43570200353960065 0.3747057292048169 0.4496468547495449 0.0
0 0.815430 0.315918 0.074219 0.055664 0.0 0.0 0.09646318026616756 0.0 0.08473144138271133 0.0 0.16564678662325172 0.0 0.15360635046008012 0.0 0.19897109954426798 0.0 0.1935200571137418
0 0.732422 0.272949 0.082031 0.061523 0.0 0.0 0.0 0.27041937541586136 0.0 0.0 0.0 0.19049736978592094 0.0 0.0 0.0 0.16473338246420957 0.0
0 0.189941 0.609863 0.065430 0.055664 0.0 0.0 0.0 0.0 0.3436238819347147 0.0 0.0 0.0 0.23131314071556952 0.0 0.0 0.0 0.419648799567151
0 0.723633 0.991211 0.087891 0.017578 0.0 0.509702286460118 0.0 0.0 0.0 0.14437108334638638 0.0 0.0 0.0 0.42034514747099394 0.0 0.0 0.0
0 0.024414 0.134766 0.046875 0.089844 0.0 0.0 0.18480796199085187 0.0 0.0 0.0 0.25258175794610904 0.0 0.0 0.0 0.42774061131740254 0.0 0.0
0 0.777832 0.736816 0.124023 0.151367 0.0 0.05447802429979512 0.06481026318240242 0.07673846456847812 0.07749265838256117 0.29803379955003795 0.2869588688624149 0.30386656247681654 0.3040534311622263 0.2919424724421659 0.3751161146531045 0.4228910068835502 0.19971792254859289
0 0.242188 0.718750 0.185547 0.150391 0.1453539286909572 0.06520351912942025 0.014577935958956508 0.08167604391809313 0.02422862627939236 0.2832033974119884 0.1673635752015245 0.2356538868575277 0.1660006964779104 0.4298053771566106 0.4620140165319863 0.41465794416348406 0.3809108424952945
0 0.661621 0.048340 0.166992 0.094727 0.14515868507910007 0.0674914830651185 0.0 0.050721592055217986 0.025295870646838275 0.26343435243689767 0.0 0.25310698690998484 0.2765024600328876 0.7800249582206165 0.0 0.778784462774816 0.4358704988459313
0 0.026855 0.111816 0.051758 0.131836 0.0 0.0 0.2696778990461404 0.0 0.14981564117678303 0.0 0.2661292915748613 0.0 0.2725008546851242 0.0 0.4243032934950831 0.0 0.4191714439263908
0 0.391602 0.043457 0.058594 0.084961 0.07064791215489874 0.15931147455267855 0.0 0.11130887695371426 0.0 0.3082568736249059 0.0 0.19615013290708955 0.0 0.4577168310786819 0.0 0.4273635665340565 0.0
0 0.067383 0.601562 0.091797 0.093750 0.0 0.0 0.11724251808595354 0.0 0.11622755814045513 0.0 0.22426869586015602 0.0 0.21448905230382206 0.0 0.39462710479764695 0.0 0.4093472046969746
0 0.556152 0.066406 0.053711 0.121094 0.018845876838912954 0.0310971797675312 0.008423620339981551 0.0995297275362371 0.0 0.22158532347632529 0.17132374687635005 0.1912977722697395 0.0 0.47420984064949323 0.4596310633729685 0.4409415196390571 0.0
0 0.945312 0.310547 0.068359 0.048828 0.0 0.0 0.10625651376971644 0.0 0.17314971467905432 0.0 0.3893997119331106 0.0 0.3544569762423705 0.0 0.18172836287556166 0.0 0.186029009196035
0 0.988281 0.595215 0.023438 0.088867 0.0 0.06563827860766265 0.0 0.10027465015112527 0.0 0.2782452574442653 0.0 0.28086758065965534 0.0 0.5276146344238783 0.0 0.5932108048657211 0.0
0 0.527832 0.763672 0.114258 0.113281 0.1180289011124724 0.058943390918173015 0.07001908220071114 0.013937280922185321 0.0 0.20679149361353355 0.24717457630890813 0.3342494095011954 0.0 0.859604867726734 0.007497638659559524 0.42178899669763914 0.0
0 0.657227 0.315918 0.082031 0.061523 0.0 0.0 0.0 0.327249993500259 0.0 0.0 0.0 0.19938878640645313 0.0 0.0 0.0 0.8788641146988557 0.0
