0 0.586589 0.335449 0.128906 0.081055 0.0 0.1529907170816362 0.0643405984331067 0.13719696032617648 0.0 0.3567718776097309 0.35110060253943937 0.3541631147200075 0.0 0.3388779902546762 0.36065546089966966 0.344607552621357 0.0
0 0.470703 0.664062 0.131510 0.087891 0.0 0.0 0.2112557872869387 0.0 0.23678206847586686 0.0 0.28933288543621427 0.0 0.2913226057284298 0.0 0.3498215571338032 0.0 0.34471995477031403
0 0.248698 0.275391 0.135417 0.087891 0.0 0.13872035698153104 0.0 0.17381261318189956 0.07062569692944061 0.3288884678742064 0.0 0.3227100394506716 0.3200906944502404 0.3397474733360189 0.0 0.3411364504851567 0.3451564797492687
0 0.516276 0.532227 0.134115 0.064453 0.0 0.0 0.17143307076724507 0.0 0.16388627427080615 0.0 0.28367737349048033 0.0 0.27646566664229855 0.0 0.34350888760265297 0.0 0.34218640993418414
0 0.466797 0.314453 0.118490 0.083984 0.0 0.17701457547002472 0.0 0.19178004538687612 0.0 0.29019148578455667 0.0 0.28087708883244994 0.0 0.3458459974639417 0.0 0.3515904344648151 0.0
0 0.483724 0.167969 0.110677 0.128906 0.0 0.18816483482042928 0.0 0.16925258719006905 0.0 0.20148219069209483 0.0 0.25717473637882093 0.0 0.3384335726126807 0.0 0.34963464774147734 0.0
0 0.218099 0.356445 0.128906 0.091797 0.0 0.0 0.19809841112474016 0.0 0.12258692463415581 0.0 0.28914984524514814 0.0 0.4272686204546241 0.0 0.34436387550475667 0.0 0.3413303595582091
0 0.441406 0.741211 0.127604 0.076172 0.0 0.0 0.22348968343951234 0.0 0.21571899151731225 0.0 0.2973194756627911 0.0 0.29962434587970443 0.0 0.3429752601009979 0.0 0.3425670791439261
0 0.489583 0.591797 0.143229 0.074219 0.08003716005058477 0.10211510054897072 0.006178304139292188 0.10232904291069737 0.0 0.18129289472598284 0.14560265031317757 0.21279067914288813 0.0 0.299905512351664 0.3335820424449379 0.3656001143159652 0.0
0 0.369141 0.939941 0.165365 0.120117 0.0 0.0 0.20420504098665299 0.0 0.19435462350247787 0.0 0.16220399744829378 0.0 0.16295565844358773 0.0 0.34575766098226257 0.0 0.35253991424205255
0 0.594401 0.937500 0.147135 0.099609 0.0 0.0 0.18001895338426613 0.0 0.3515161264167995 0.0 0.2477008112669034 0.0 0.2509430833219094 0.0 0.35474021351447566 0.0 0.3635642388432525
0 0.419922 0.830566 0.134115 0.104492 0.0 0.0 0.16285236626905514 0.0 0.20956885351753585 0.0 0.23810906970105342 0.0 0.273101505790944 0.0 0.3461701474898885 0.0 0.34605290413233736
0 0.548177 0.417969 0.148438 0.089844 0.0 0.0 0.18737435747044798 0.0 0.2336446297447294 0.0 0.32170636769953376 0.0 0.30274121790987163 0.0 0.33976848628567685 0.0 0.3431494666071558
0 0.116536 0.869629 0.225260 0.094727 0.0 0.17052617618221153 0.0 0.16775977833010944 0.0 0.3381702195084438 0.0 0.3351790308016963 0.0 0.3408069874582694 0.0 0.34668271587318855 0.0
0 0.135417 0.614258 0.127604 0.087891 0.0 0.0 0.23382475692982777 0.0 0.21783903104144242 0.0 0.20752951797765076 0.0 0.22692654097206186 0.0 0.3446597649914262 0.0 0.4294745579251497
0 0.589193 0.191406 0.115885 0.103516 0.0 0.1798905754055827 0.0 0.21495907537443307 0.0 0.33605597129317794 0.0 0.3180739729845241 0.0 0.3205000761459137 0.0 0.3486870728306245 0.0
0 0.527344 0.480469 0.132812 0.048828 0.0 0.0 0.1850646843173637 0.0 0.17056943606665717 0.0 0.30408859653504655 0.0 0.289947189068804 0.0 0.3421901962605217 0.0 0.35932198852391206
0 0.400391 0.130371 0.123698 0.161133 0.0 0.0 0.13468343747248385 0.0 0.14364288410036366 0.0 0.20728920562967176 0.0 0.19695223104193071 0.0 0.3524394832653046 0.0 0.34490163780223626
0 0.166667 0.540039 0.135417 0.083984 0.0 0.0 0.21932770673351323 0.0 0.1755196452746035 0.0 0.2523052917664914 0.0 0.2585634359797666 0.0 0.33999073305216965 0.0 0.34152221198289556
0 0.696615 0.195801 0.114583 0.135742 0.0 0.11910857996199248 0.0 0.11227284501811025 0.0 0.22120060954908205 0.0 0.23479173306419127 0.0 0.3388895339208561 0.0 0.34639911124065115 0.0
0 0.361979 0.299316 0.111979 0.096680 0.0 0.29125562288480017 0.0 0.20064199351983195 0.0 0.3352855009364833 0.0 0.34153833811935974 0.0 0.35197912125546693 0.0 0.3437871710110478 0.0
0 0.333333 0.387207 0.098958 0.088867 0.0 0.15713255941110993 0.0 0.22122163136652354 0.0 0.30816719608044674 0.0 0.31086819283523304 0.0 0.33149212725018756 0.0 0.34192928366581377 0.0
0 0.297526 0.136719 0.089844 0.093750 0.0 0.14202148974759457 0.0 0.2945387023643646 0.0 0.3051646920537583 0.0 0.3017113505655727 0.0 0.3451587286514568 0.0 0.35232521103752673 0.0
0 0.169922 0.049805 0.089844 0.083984 0.0 0.0 0.2163280126092819 0.0 0.17856604687623642 0.0 0.31314100446086574 0.0 0.30578528550508355 0.0 0.3377805597277447 0.0 0.34553244371758246
0 0.714193 0.584961 0.173177 0.236328 0.05477251104324503 0.0 0.2624613099402946 0.0 0.28827640842903524 0.0 0.21478221448118076 0.0 0.2100432289714455 0.0 0.3475883070378899 0.0 0.34806834327047537
0 0.116536 0.673340 0.118490 0.047852 0.01627671019608822 0.0 0.12149330154937416 0.0 0.10977491975895678 0.0 0.23537884554283195 0.0 0.24470271190229378 0.0 0.358419144706289 0.0 0.3386274260306626
0 0.086589 0.796875 0.136719 0.062500 0.0 0.0 0.13100139406094458 0.0 0.18559017857578614 0.0 0.2806127028660996 0.0 0.2650404468281617 0.0 0.3305342792280442 0.0 0.3401197464733198
0 0.653646 0.763184 0.161458 0.139648 0.0 0.0 0.13948818935478918 0.0 0.24943227575258548 0.0 0.24771061394136137 0.0 0.2542589805637149 0.0 0.3459012657095621 0.0 0.3471789746535001
0 0.099609 0.730469 0.134115 0.078125 0.0 0.0 0.15122447643604534 0.0 0.21642814027292973 0.0 0.2870563459695663 0.0 0.2859467815752354 0.0 0.3806640886141961 0.0 0.38125615446052763
0 0.806641 0.243652 0.110677 0.084961 0.0 0.1858870588994837 0.0 0.19996512751329648 0.0 0.32307134868842385 0.0 0.3144388329239056 0.0 0.3718647683062067 0.0 0.3205850184005145 0.0
0 0.184896 0.473633 0.125000 0.058594 0.0 0.0 0.24059204558815792 0.0 0.20099530213038594 0.0 0.2924577894349662 0.0 0.2828563319042751 0.0 0.3259554342449538 0.0 0.37558952596112205
0 0.405599 0.028809 0.160156 0.055664 0.0 0.015850408071750578 0.0 0.27188049238140904 0.0 0.31941977452627784 0.0 0.3235434242792659 0.0 0.2556482647775411 0.0 0.30063054484933155 0.0
0 0.644531 0.060059 0.127604 0.092773 0.0 0.24008248680015096 0.0 0.1773805230930588 0.0 0.36840162489471445 0.0 0.367454015805324 0.0 0.30166932049517925 0.0 0.30222372271810793 0.0
0 0.619792 0.861816 0.148438 0.081055 0.0 0.0 0.15519120293417732 0.0 0.2770640970554477 0.0 0.2493959048294052 0.0 0.2545063282413135 0.0 0.3451019343628199 0.0 0.34856990473247784
0 0.906250 0.781250 0.174479 0.060547 0.0 0.1024024240787032 0.08014054777181077 0.15513873472550396 0.044548976008053215 0.31329563271391053 0.2691290337473231 0.2995816576495559 0.2986903959042845 0.3352233078117839 0.32415638139032 0.3350613766733842 0.3246727424284005
0 0.800130 0.445312 0.201823 0.083984 0.0 0.14203139719027835 0.0 0.19571525643242457 0.0 0.26046030901597006 0.0 0.2750742518846043 0.0 0.345470640623554 0.0 0.3532567729493255 0.0
0 0.823568 0.382812 0.201823 0.083984 0.0 0.4246904521609541 0.0776100786020706 0.0 0.0 0.1954957304387004 0.21958863410811197 0.0 0.0 0.3507727811565934 0.3250525022094261 0.0 0.0
0 0.906250 0.265625 0.098958 0.072266 0.0 0.1467266620072709 0.0 0.2377124786868881 0.0 0.30611943139749953 0.0 0.29465308907211085 0.0 0.34377865098416027 0.0 0.33570834736976596 0.0
0 0.909505 0.202637 0.139323 0.083008 0.0 0.10152085768608342 0.0 0.13350814000281871 0.0 0.29918078506781726 0.0 0.2668647155672735 0.0 0.31699998365123605 0.0 0.33217220665446867 0.0
0 0.540365 0.046875 0.127604 0.091797 0.0 0.1766142725544504 0.0 0.2364004317893293 0.0 0.3653615096835122 0.0 0.3518142207116193 0.0 0.3035070967278574 0.0 0.3081382128940188 0.0
0 0.753906 0.087402 0.127604 0.092773 0.0 0.23134687736810344 0.0 0.23430367696678875 0.0 0.36776110097725834 0.0 0.36685824597484773 0.0 0.30065594809532176 0.0 0.2999232408152813 0.0
0 0.854167 0.111816 0.127604 0.092773 0.0 0.2302670849575225 0.0 0.22919240445922615 0.0 0.36709425473448026 0.0 0.36609751024238674 0.0 0.3009479639314354 0.0 0.2985298063336081 0.0
0 0.936198 0.132324 0.127604 0.092773 0.0 0.25134414823612367 0.0 0.2937456879532787 0.0 0.36563413679534423 0.0 0.3753158677968085 0.0 0.3000063971052534 0.0 0.30014347647051903 0.0
0 0.245443 0.059570 0.089844 0.083984 0.0 0.0 0.20506123666140783 0.0 0.17295158091192303 0.0 0.31614114506906793 0.0 0.3132115397015768 0.0 0.3302990171566326 0.0 0.33713040034657743
0 0.205729 0.146973 0.075521 0.059570 0.0 0.0 0.14497181067033496 0.0 0.125793590382757 0.0 0.32100428274972737 0.0 0.31242961476450776 0.0 0.35575215347188244 0.0 0.3349502039635095
0 0.144531 0.130371 0.075521 0.059570 0.0 0.0 0.1681991168191505 0.0 0.15076483674630528 0.0 0.3146467143373072 0.0 0.30300839585423106 0.0 0.3455463140593199 0.0 0.340462014841728
0 0.057943 0.074219 0.113281 0.146484 0.0 0.0 0.07680479274850303 0.11549171347178318 0.09417070905176511 0.0 0.30211667439202194 0.0998598934183976 0.30578635307506696 0.0 0.3287974000676052 0.36373284120730065 0.3577792764633784
0 0.055990 0.250488 0.109375 0.116211 0.0 0.044620834919504686 0.2683800091820544 0.03612094484291535 0.04085661351934232 0.12890223288763086 0.2601639775119392 0.13325898507543862 0.26984321632314073 0.3966915952473136 0.3453356691280419 0.2571412125840447 0.34467172190804163
0 0.049479 0.341797 0.096354 0.062500 0.0 0.0 0.2252633650123894 0.0 0.03817122675143232 0.0 0.2117608017408447 0.0 0.4024188192566035 0.0 0.35500095598604087 0.0 0.34134568953834615
0 0.196615 0.424316 0.125000 0.049805 0.0 0.0 0.20636674270628919 0.0 0.22875422241098062 0.0 0.2734526972383795 0.0 0.26834670419946427 0.0 0.35043956593082914 0.0 0.33754552406613275
0 0.104167 0.942871 0.205729 0.086914 0.0 0.11673307009764997 0.0 0.21417435810294583 0.0 0.3448239112314864 0.0 0.3348880436978753 0.0 0.34187667097328406 0.0 0.3422752706927699 0.0
0 0.874349 0.863281 0.178385 0.068359 0.0 0.0 0.0 0.3475255382450309 0.0 0.0 0.0 0.23427944358501154 0.0 0.0 0.0 0.34790251176796244 0.0
0 0.852865 0.909668 0.177083 0.061523 0.0 0.0 0.0 0.38076498377336937 0.0 0.0 0.0 0.23233329568150246 0.0 0.0 0.0 0.3421725901822476 0.0
0 0.839844 0.958496 0.174479 0.063477 0.0 0.0 0.0 0.40996832252825427 0.0 0.0 0.0 0.23491800821891984 0.0 0.0 0.0 0.34677712426571616 0.0
0 0.917318 0.722168 0.165365 0.065430 0.0 0.0 0.0 0.40810591801143065 0.0 0.0 0.0 0.19496133262630677 0.0 0.0 0.0 0.33990906549130545 0.0
0 0.923177 0.671387 0.153646 0.063477 0.0 0.0 0.0 0.38065278514298134 0.0 0.0 0.0 0.1946891564312231 0.0 0.0 0.0 0.34240519606898184 0.0
0 0.936849 0.617676 0.126302 0.071289 0.0 0.0 0.0 0.3731303091494323 0.0 0.0 0.0 0.2003984226152338 0.0 0.0 0.0 0.3464714353548629 0.0
0 0.944661 0.559082 0.110677 0.057617 0.0 0.0 0.0 0.4431989306616917 0.0 0.0 0.0 0.19865295181591108 0.0 0.0 0.0 0.342224120164986 0.0
0 0.955729 0.504395 0.088542 0.057617 0.0 0.0 0.0 0.529334495453105 0.0 0.0 0.0 0.19949626948422505 0.0 0.0 0.0 0.33871879119194453 0.0
0 0.966797 0.456055 0.066406 0.058594 0.0 0.0 0.0 0.4348253581049651 0.0 0.0 0.0 0.1996268309072075 0.0 0.0 0.0 0.34404527627068354 0.0
0 0.966797 0.400391 0.066406 0.058594 0.0 0.0 0.0 0.32952859334093226 0.0 0.0 0.0 0.19875588430363558 0.0 0.0 0.0 0.34604333427588474 0.0
