0 0.372396 0.372559 0.177083 0.112305 0.0 0.21949554157550943 0.0 0.21981319879691177 0.0 0.2952992694485696 0.0 0.307839995406627 0.0 0.4167692398765292 0.0 0.4226550617932219 0.0
0 0.271484 0.520996 0.115885 0.092773 0.0 0.09915751191377314 0.044396794171484684 0.07353629622132024 0.04014142507565454 0.26370301533313373 0.2201784961929131 0.1328017538491829 0.1223515078956376 0.42686559077204844 0.3639155386496384 0.39182712823319366 0.3405954312035157
0 0.236328 0.971191 0.212240 0.057617 0.0 0.32615438529014806 0.0 0.0 0.0 0.20732180352425694 0.0 0.0 0.0 0.4330599827006241 0.0 0.0 0.0
0 0.164714 0.517090 0.108073 0.102539 0.0 0.13923170602794563 0.0 0.14071677420862128 0.0 0.23836047884168005 0.0 0.25382564992333045 0.0 0.43075306561925025 0.0 0.4219258252628366 0.0
0 0.711589 0.381836 0.131510 0.078125 0.0 0.0 0.1566649426338836 0.09904206322813607 0.14587695431463144 0.0 0.3420503320946826 0.3830669796193186 0.3560444135139258 0.0 0.189285986164928 0.1898985314422046 0.21281078805958106
0 0.261719 0.043945 0.052083 0.085938 0.0 0.22934132072219401 0.0 0.24803192585655687 0.0 0.2351218059456112 0.0 0.23649467793468315 0.0 0.44756170582070703 0.0 0.43661293281709657 0.0
0 0.514974 0.657715 0.144531 0.081055 0.0 0.0 0.14837404104296797 0.0 0.21633909071184124 0.0 0.24448090326726152 0.0 0.21303677554685227 0.0 0.18513161846600623 0.0 0.1808477794736449
0 0.552083 0.552734 0.210938 0.126953 0.051421663575112374 0.14834164875728728 0.11102897355832507 0.0 0.042811765598672585 0.24966648786759266 0.2327343138147927 0.0 0.2377446343984604 0.4186565729261853 0.18542918704084677 0.0 0.18493199197125568
0 0.338542 0.067383 0.098958 0.128906 0.0 0.08104862528594617 0.0 0.12369353008237854 0.06551321597194532 0.358542957228055 0.0 0.2554487647839744 0.342381729501188 0.4377643306932591 0.0 0.4340814056325121 0.42265924338932953
0 0.847656 0.158691 0.135417 0.090820 0.0 0.0 0.15303873165229223 0.0 0.08795031632259433 0.0 0.3266724207157092 0.0 0.30582634341405307 0.0 0.206703723707958 0.0 0.099075085128455
0 0.156250 0.332520 0.164062 0.112305 0.0 0.13763281937915484 0.0 0.1267863758892679 0.0 0.19437403283646615 0.0 0.2938361834703337 0.0 0.3297519228270972 0.0 0.35609619823914745 0.0
0 0.752604 0.609863 0.119792 0.104492 0.0 0.09584933417844849 0.0654272884722705 0.06718064575883462 0.12056439147826058 0.24439226808776193 0.29740755982734196 0.2972964766900908 0.2239624364860317 0.521220666668857 0.23531891323388138 0.4746307534298735 0.15976253015987066
0 0.498047 0.395508 0.082031 0.093750 0.0 0.13463369712329873 0.0 0.14323578946427232 0.0 0.15656421465941728 0.0 0.2181840456573603 0.0 0.4003748127027385 0.0 0.4910866892910142 0.0
0 0.383464 0.521973 0.105469 0.065430 0.060623465604076096 0.16792047763751874 0.0 0.0 0.0 0.2634996488038037 0.0 0.0 0.0 0.42635032568026 0.0 0.0 0.0
0 0.467448 0.720703 0.130208 0.070312 0.0 0.0 0.0 0.21394959254634946 0.1036343214245748 0.0 0.0 0.17370328656804473 0.1781672650198127 0.0 0.0 0.9864335987382851 0.031699974207707426
0 0.910807 0.088379 0.108073 0.079102 0.0 0.0 0.13957562469056187 0.0 0.15480595827164942 0.0 0.29040372118837915 0.0 0.2835323270419227 0.0 0.19393374016764509 0.0 0.19532125388886484
0 0.397135 0.980469 0.117188 0.039062 0.24148431215060526 0.0 0.0 0.0 0.0 0.0 0.0 0.0 0.0 0.0 0.0 0.0 0.0
0 0.252604 0.374023 0.057292 0.085938 0.0 0.22904908263659116 0.0 0.17986134695633524 0.0 0.2322994767626853 0.0 0.25100468512974056 0.0 0.33536393381769536 0.0 0.3700891670308958 0.0
0 0.860677 0.774414 0.158854 0.099609 0.0 0.1810056628528174 0.0 0.21585374115540049 0.0 0.2877083870863559 0.0 0.3144843727739954 0.0 0.4238793150205309 0.0 0.420006314433091 0.0
0 0.804688 0.218750 0.106771 0.062500 0.0 0.0 0.13138052657823243 0.0 0.12212690452602608 0.0 0.32085149884745046 0.0 0.3190382608844322 0.0 0.1895505421587801 0.0 0.20044495824024547
0 0.509115 0.981934 0.111979 0.036133 0.0 0.30942716682147176 0.0 0.0 0.0 0.23397918793423517 0.0 0.0 0.0 0.42768980166749027 0.0 0.0 0.0
0 0.779948 0.267090 0.106771 0.065430 0.0 0.0 0.23714666351068958 0.0 0.12291601444269659 0.0 0.35896923068489783 0.0 0.3977699945628739 0.0 0.15996267493847224 0.0 0.19279332498605237
0 0.709635 0.739258 0.156250 0.150391 0.0 0.0580302980704257 0.0690362570749779 0.0817422443198318 0.08254561581497384 0.29803379955003795 0.28695886886241495 0.30386656247681654 0.3040534311622263 0.2919424724421659 0.3751161146531045 0.4228910068835502 0.19971792254859289
0 0.628255 0.417969 0.170573 0.060547 0.15558049021004458 0.0 0.0 0.20240281144717343 0.0 0.0 0.0 0.17824072358378718 0.0 0.0 0.0 0.2913292976306364 0.0
0 0.890625 0.594238 0.161458 0.086914 0.0 0.179659254399184 0.0 0.16270135128507787 0.0 0.2855536279546119 0.0 0.29460643726762004 0.0 0.47283940113802553 0.0 0.4722225794009028 0.0
0 0.643880 0.272949 0.110677 0.061523 0.0 0.0 0.0 0.2672379709992041 0.0 0.0 0.0 0.19049736978592094 0.0 0.0 0.0 0.16473338246420957 0.0
0 0.924479 0.343750 0.109375 0.099609 0.0 0.0 0.12660880002413105 0.0 0.1799813038840328 0.0 0.2833993770824297 0.0 0.28385801306033637 0.0 0.19279752934154393 0.0 0.1737554890923594
0 0.567708 0.044434 0.247396 0.086914 0.14326517359348623 0.07406670838206753 0.0 0.05129883658652118 0.03530142836607573 0.2814284602866206 0.0 0.2699114115800347 0.2712132019848365 0.7225828857261275 0.0 0.7732345723526282 0.43525654073053804
0 0.832031 0.475098 0.109375 0.057617 0.0 0.0 0.08022861025425904 0.0715328911021604 0.1257606785165612 0.0 0.1940144958588533 0.2712135221129821 0.2790043716129348 0.0 0.22497085969334307 0.48342266307246146 0.2714254790900442
0 0.757812 0.316895 0.101562 0.055664 0.0 0.0 0.09398976538754789 0.0 0.08255884032161617 0.0 0.16564678662325172 0.0 0.15360635046008012 0.0 0.19897109954426798 0.0 0.1935200571137418
0 0.869141 0.436035 0.092448 0.047852 0.0 0.0 0.17135483903445486 0.0 0.15825914678040676 0.0 0.2734336615880539 0.0 0.23279322385794304 0.0 0.21706990556169659 0.0 0.1821113644700972
0 0.967448 0.266113 0.065104 0.084961 0.0 0.0 0.060533287293472855 0.0 0.1871439662499999 0.0 0.27571707974622095 0.0 0.24281797989826429 0.0 0.18950001773166983 0.0 0.17860975415560398
0 0.968750 0.774902 0.062500 0.106445 0.0 0.12893309987645754 0.0 0.09694290274084048 0.0 0.2602236511574549 0.0 0.26602358261447934 0.0 0.4272475848642273 0.0 0.42876792931840174 0.0
0 0.408854 0.066895 0.072917 0.122070 0.018361268577340908 0.0302975380020804 0.008207012959810599 0.09697039168530527 0.0 0.22158532347632529 0.17132374687635005 0.1912977722697395 0.0 0.47420984064949323 0.4596310633729685 0.4409415196390571 0.0
0 0.058594 0.510254 0.109375 0.106445 0.0 0.14848477886592262 0.0 0.1586141187817141 0.0 0.23643185265980102 0.0 0.23767154333814916 0.0 0.43394025955895044 0.0 0.42212708817038 0.0
0 0.630208 0.991211 0.119792 0.017578 0.0 0.49862180197185446 0.0 0.0 0.0 0.14437108334638638 0.0 0.0 0.0 0.42034514747099394 0.0 0.0 0.0
0 0.194010 0.040527 0.091146 0.079102 0.06504093499974804 0.14666770673103738 0.0 0.10247483910024487 0.0 0.3082568736249059 0.0 0.19615013290708955 0.0 0.4577168310786819 0.0 0.4273635665340565 0.0
0 0.071615 0.032227 0.140625 0.062500 0.0 0.10743920662253696 0.024395877353080235 0.10773556362163386 0.11012260743107274 0.36457972728545174 0.3166896317726893 0.37340511390355124 0.29297869935369986 0.42895437324682273 0.42613439272714876 0.42629914006730085 0.3982133892219278
0 0.054036 0.101562 0.105469 0.093750 0.0 0.0 0.16047719895993007 0.07628018387159563 0.18671607579323526 0.0 0.3404344881971723 0.30416395006164637 0.3250471444933782 0.0 0.40709207671006 0.43464606600910544 0.3817779809131167
0 0.054036 0.186523 0.105469 0.093750 0.0 0.0 0.2501341682288615 0.0 0.2437709142484925 0.0 0.3410024662634202 0.0 0.33393976420962673 0.0 0.3552784798529419 0.0 0.40778126999326314
0 0.042969 0.280273 0.083333 0.093750 0.0 0.0 0.20215299931593433 0.0 0.12082684020030392 0.0 0.13827271302984642 0.0 0.18053425646198337 0.0 0.3868979350806666 0.0 0.41289632277169486
0 0.039062 0.362305 0.075521 0.080078 0.0 0.058106373626673896 0.0 0.19259370085560895 0.04294191216553794 0.30000919918703994 0.0 0.3073563169895132 0.31867941681782014 0.3949253842189391 0.0 0.4228656592926307 0.38776593186747604
0 0.955729 0.031738 0.088542 0.061523 0.0 0.0 0.11833570569240094 0.0 0.18136496003013203 0.0 0.24038131529606055 0.0 0.2481603483908702 0.0 0.1771071707196168 0.0 0.14652653424027542
0 0.063802 0.963867 0.125000 0.072266 0.37772875980698273 0.0 0.0 0.0 0.0 0.0 0.0 0.0 0.0 0.0 0.0 0.0 0.0
0 0.052734 0.728516 0.102865 0.142578 0.0 0.0838775934662363 0.047983366720089723 0.16121754363591512 0.04433931332407674 0.27481294810935036 0.17882650959140894 0.22377007965379547 0.16743789974998713 0.4163866380720489 0.4715200428104148 0.4141478627280696 0.37272173732001557
0 0.200521 0.752930 0.161458 0.125000 0.0 0.18532410241080755 0.0 0.15554386831597306 0.0 0.23736350683770932 0.0 0.17182568099158185 0.0 0.42241401177059085 0.0 0.4166910923919482 0.0
0 0.367188 0.760742 0.161458 0.125000 0.10092541871840192 0.05040194692171397 0.05987266781930768 0.011917639659519858 0.0 0.20679149361353355 0.2471745763089081 0.3342494095011954 0.0 0.859604867726734 0.007497638659559523 0.42178899669763914 0.0
0 0.944010 0.477051 0.109375 0.057617 0.0 0.09755579207929735 0.0 0.24190657382925929 0.0 0.4158908191166236 0.0 0.35878786105975446 0.0 0.49746429015574056 0.0 0.47261167251062186 0.0
0 0.899089 0.404785 0.092448 0.047852 0.0 0.051471039249326556 0.10236092428785021 0.029723093268510227 0.06282914517418024 0.2839721122432609 0.16763103861046844 0.19587062411713446 0.30140440278611824 0.5272691654214346 0.13384551142666384 0.1938778176867072 0.1837121986814596
0 0.547526 0.314941 0.110677 0.061523 0.0 0.0 0.0 0.3233999935767265 0.0 0.0 0.0 0.19938878640645313 0.0 0.0 0.0 0.8788641146988557 0.0
