0 0.675293 0.439453 0.084961 0.097656 0.0 0.04093307579290963 0.10199285006669735 0.11380321753638223 0.11638246872159579 0.25979820614407806 0.23920154028977195 0.23890180281118767 0.2351996264754203 0.7678247225431581 0.7190702162648934 0.7401424414189617 0.721801001116557
0 0.224121 0.197266 0.166992 0.131510 0.0 0.09968022893116793 0.03486959608466633 0.14114796329045026 0.04288020117081 0.30610228495707303 0.2916162039938025 0.23884231541185452 0.30418532322706265 0.32906528514709127 0.3256897019407448 0.33320389931273253 0.32596000541397563
0 0.491699 0.587240 0.104492 0.140625 0.08883328102211616 0.0405695370699989 0.09194647484253722 0.04161003223619729 0.07597944298135209 0.2700250603297864 0.2969285185533368 0.24891992123131637 0.267736172253589 0.3760512948124705 0.40024152978177135 0.41094219805853904 0.4022119337440346
0 0.532227 0.907552 0.117188 0.161458 0.030581551869007104 0.03390713240992342 0.09113799842521661 0.027676166603804984 0.08782033325694247 0.3590681186850669 0.3134935962027551 0.3740962688887929 0.3667969594328707 0.7965113652752301 0.7942282944691451 0.8128143209137237 0.7885428036519339
0 0.245117 0.804688 0.099609 0.101562 0.0 0.04812549548954273 0.10243935890600847 0.06429387214467949 0.06457610152297372 0.27230876578045143 0.22980740074853828 0.2591495542084119 0.26267098980531345 0.46278179580320017 0.4651610473409471 0.4637222571968405 0.4626188856735354
0 0.449707 0.231771 0.088867 0.096354 0.0 0.14480166449252663 0.0491811721853252 0.1361594377052662 0.0 0.2909421502842914 0.29747653392731105 0.30063210625329395 0.0 0.4325144955152058 0.4315239621919716 0.4389547770105221 0.0
0 0.099609 0.750000 0.109375 0.166667 0.04177338232264319 0.030973056761085367 0.07256344769264628 0.033834053413259096 0.0 0.3165899710217792 0.3255919728231876 0.3171503637123863 0.0 0.4985760851675691 0.48624543738302906 0.48972759533373783 0.0
0 0.032715 0.300781 0.063477 0.132812 0.0 0.04751653292330343 0.2456691513715635 0.09940435925191693 0.03225678936461935 0.29775347373965205 0.1990478283134437 0.2746287740152827 0.3194547237843332 0.4945877100382263 0.4687459556424206 0.49352853523608087 0.4849358457676348
0 0.959473 0.713542 0.081055 0.151042 0.0 0.0 0.15262809880785522 0.04653404453023023 0.1724397298698867 0.0 0.3061734081910783 0.29301338471875915 0.29675886558274245 0.0 0.6937356027044913 0.69503807297893 0.6871363510825884
0 0.129395 0.380208 0.063477 0.111979 0.0 0.07187187610075887 0.15351059534877884 0.0 0.17535586300158065 0.368371998576115 0.36874227999694026 0.0 0.3675502236528857 0.3789113226909273 0.37736450366210444 0.0 0.3698347121304326
0 0.652832 0.341797 0.069336 0.082031 0.0 0.012692093810775913 0.13528692517901006 0.1184872639881233 0.136441698652609 0.27921105485839787 0.24924201324947187 0.2611748720269329 0.26496246230273396 0.7461127654275401 0.7300535588779755 0.7434108387187943 0.738992968645104
0 0.889648 0.257812 0.113281 0.130208 0.0 0.11655335199328198 0.032160092696480576 0.11848039762674346 0.03327264183784172 0.2945831378868146 0.31313835307971716 0.2961297911322379 0.29313706802544226 0.9170034913333329 0.9158789487499459 0.941585881195247 0.9043284740259531
0 0.258789 0.465495 0.099609 0.147135 0.0 0.03595611124352092 0.06619165623575987 0.05767271401492873 0.08748619387056704 0.293261709448706 0.2527605125424574 0.24323782808664707 0.226401510936202 0.40752905640337284 0.41102279365915895 0.41534228181285215 0.4068218560878487
0 0.783203 0.824219 0.097656 0.213542 0.0 0.04506291195472001 0.14058398441999334 0.05321794713116185 0.12943439977157317 0.33889058461644933 0.33441178717404996 0.2972200106343533 0.3229854491170679 0.6885542300549071 0.6894596007201003 0.6898207191449299 0.7095413447259905
0 0.033203 0.492188 0.064453 0.109375 0.0 0.10461422348196421 0.04533260352348248 0.14802716579898495 0.08466382922339105 0.3136832026396131 0.20783524066386505 0.31884651769937444 0.3238562862714476 0.27647923996914925 0.2439174819142478 0.27678627856582616 0.2948950908129051
0 0.541992 0.383464 0.080078 0.087240 0.0 0.10710564954345216 0.1484824001027968 0.0 0.21987019253669673 0.2899091433121739 0.28166371517731736 0.0 0.28046778750336737 0.2069843053060619 0.20149906639257564 0.0 0.2134622363244189
0 0.741699 0.609375 0.084961 0.190104 0.0 0.025705900442441493 0.12721755741560034 0.03501146526131887 0.11807137077655597 0.3057168717398233 0.32529312627281715 0.3053107799828473 0.33566523598208986 0.7197046738025844 0.7245658623620765 0.7287184187951797 0.7172650744214226
0 0.918457 0.534505 0.065430 0.074219 0.38528053730647627 0.0 0.0 0.0 0.0 0.0 0.0 0.0 0.0 0.0 0.0 0.0 0.0
0 0.491211 0.707031 0.097656 0.080729 0.0 0.10869552390010838 0.12298925683259511 0.02045139096500337 0.07598390789869881 0.24052279366673193 0.20779607806935046 0.2733114327681577 0.27500972853739125 0.5085787454250712 0.5820946549496697 0.6702369730836968 0.6075852896014318
0 0.515625 0.460938 0.083984 0.083333 0.0 0.0 0.11729209772494144 0.15588803009651137 0.058943099419147146 0.0 0.2680736304874673 0.25462388650819323 0.27297759428552454 0.0 0.2081435692809028 0.20151304045283908 0.20513016444691093
0 0.378418 0.227214 0.055664 0.100260 0.055739617766447404 0.09024597991010491 0.0 0.13057654526454976 0.08331942460486973 0.30356303615431984 0.0 0.30771861074664414 0.28725239578596673 0.4489574929230945 0.0 0.4313401785598286 0.4354002782670714
0 0.498535 0.787109 0.104492 0.082031 0.0 0.0 0.07967440906904392 0.08948872811228764 0.10944139655470723 0.0 0.274600781030608 0.34621797579938 0.2725100330835098 0.0 0.6076853031777303 0.6124916699827591 0.6275552449147335
0 0.063965 0.104167 0.125977 0.135417 0.0 0.08975807086277648 0.04958682859992442 0.11525829274844593 0.04537387211513214 0.3029234166644775 0.29438042807325077 0.2956649136407933 0.3028297981201352 0.23060507262172633 0.22524056120609487 0.24067002900330864 0.2257467110016405
0 0.387695 0.429688 0.080078 0.130208 0.0 0.05562027625814037 0.09325853928898367 0.04940454353158448 0.08276867692019951 0.26639315227650173 0.28585675751673856 0.299626847143686 0.29572389321561643 0.29753553822750595 0.29038912141688167 0.28298566182049284 0.2741929392205779
0 0.912109 0.454427 0.101562 0.098958 0.0 0.0900518394785135 0.07228060761937347 0.038518664762313984 0.08470351285602386 0.3148008237185598 0.3213802981509091 0.31484215836688406 0.3147442903279657 0.7091863342627462 0.7249332873283792 0.7220334849815161 0.7311740716472366
0 0.629883 0.281250 0.083984 0.080729 0.11593567104046854 0.11932681852686879 0.12281000030587053 0.0 0.06722194532858733 0.2434548154452124 0.24573765494002542 0.0 0.2548072252858169 0.7588475772440381 0.7553039334386142 0.0 0.7247348728617116
0 0.307617 0.640625 0.099609 0.085938 0.0 0.09928098572812898 0.03470636736241825 0.12873282916350628 0.016732130841541775 0.30185241509223737 0.2985782487212553 0.3111739579938051 0.299099662466444 0.27486727873709527 0.29308818450389884 0.2891622777779263 0.30310027295383196
0 0.988281 0.337240 0.023438 0.104167 0.0 0.0 0.0 0.20895094753567492 0.25697151825918907 0.0 0.0 0.2663787709813096 0.25779388957466026 0.0 0.0 0.11528918771654288 0.1211265785368135
0 0.081543 0.954427 0.084961 0.088542 0.0 0.06648623371487744 0.09863638081001004 0.0 0.09764567023797777 0.3118711238831023 0.3252305796156648 0.0 0.32406369563139864 0.27073137152168036 0.2672084649294864 0.0 0.2604213046880719
0 0.227539 0.958333 0.105469 0.083333 0.0 0.1299734393323448 0.05034536976795289 0.0 0.11660646652106456 0.29270620973175654 0.3100706254070638 0.0 0.2684728070304931 0.29025971715964527 0.2831160324246892 0.0 0.2939132131742203
0 0.982910 0.912109 0.034180 0.141927 0.0 0.09743952333693157 0.014681500586430068 0.0 0.2623340180825289 0.29164211672675544 0.2954707920663517 0.0 0.3036189291332224 0.6661997039203724 0.7029440827162503 0.0 0.6640867393635189
0 0.812988 0.973307 0.088867 0.053385 0.0 0.14343646234999272 0.07199812358749419 0.0 0.03850891849562051 0.24712210105652083 0.23940640647023556 0.0 0.24086140261912725 0.6780699655699283 0.6584038404697924 0.0 0.6620255400539905
0 0.372070 0.949219 0.099609 0.101562 0.0 0.07135041334569651 0.10631375683152613 0.009418633616868387 0.1307227650218276 0.2896038326894167 0.2884843896796302 0.2148738221107329 0.17942210987441876 0.6775154301003141 0.6776976355143844 0.6677366685015272 0.6140549965652493
0 0.101562 0.513672 0.082031 0.110677 0.0 0.10635348189976929 0.08904497289440345 0.08019798648292609 0.0 0.3248737919451618 0.33911002592945905 0.32398068411662695 0.0 0.2925513215171754 0.28264829727577684 0.28160998583066177 0.0
