0 0.894531 0.329102 0.078125 0.103516 0.0 0.10431353532072987 0.040653109292310655 0.14391879319302361 0.04184481841401337 0.33053409239880055 0.3079970688302957 0.33742752415726507 0.31314574475761897 0.5193049030622069 0.5254743336176111 0.5020220876217423 0.5117806546253677
0 0.815430 0.331543 0.080078 0.102539 0.0 0.12671670953693992 0.051160361451099576 0.15334424053759657 0.055957710011138945 0.3169221640869958 0.286723919672863 0.3414196098716899 0.28966971947068243 0.5255703955388357 0.5269834734010993 0.5006095286103927 0.5007492919878707
0 0.454102 0.864258 0.113281 0.138672 0.02711578517633924 0.05877295678789348 0.13255860728331495 0.10293174404769077 0.05013607244126222 0.2666021589113798 0.299879959125114 0.2806868682032145 0.29162358333427885 0.6820489302164147 0.5252573541601967 0.6867380270995302 0.5527716554742451
0 0.654297 0.499023 0.089844 0.089844 0.0 0.13510919265948543 0.05724168249846162 0.07582700611125871 0.09760166599451268 0.32179225570938036 0.28210450420403826 0.2799162286485357 0.34847216384536644 0.5144678863094378 0.6056119423369299 0.4896608871528441 0.5811037354974028
0 0.733398 0.331543 0.082031 0.102539 0.0 0.07702028056683712 0.03421478470132795 0.12757114008266124 0.03955832623063454 0.33060983232424834 0.3047234868377229 0.3249646727453976 0.30303025828523034 0.5144750877878628 0.5297446058321985 0.5012077772906953 0.48734781323653886
0 0.967285 0.326172 0.065430 0.109375 0.0 0.048113459843416966 0.07782573249969614 0.12418819245187918 0.05260222110824003 0.3189409706426811 0.2894273973320417 0.3110376832762272 0.2896784400052918 0.5204654030510072 0.5254404104495742 0.5044426307726042 0.47554205892914403
0 0.367676 0.222168 0.106445 0.084961 0.0 0.0 0.17940461312738312 0.0 0.12273038924293661 0.0 0.2646894870207287 0.0 0.2606555897490114 0.0 0.7371238291973142 0.0 0.733383561952745
0 0.688477 0.721191 0.126953 0.086914 0.0 0.042582641215248525 0.12455496507173244 0.042978722809956106 0.1350894686746905 0.3314056178522247 0.3384148433233341 0.336509579400698 0.3483217965564845 0.5416324593304678 0.5431870860762364 0.5582828870520732 0.5446919970320648
0 0.414551 0.405762 0.129883 0.108398 0.0 0.0 0.21446618416435778 0.0 0.1437973747149723 0.0 0.33157013136747976 0.0 0.30099983988249873 0.0 0.6362941481578811 0.0 0.6301760002148812
0 0.663574 0.635742 0.092773 0.078125 0.0 0.037185186296173504 0.10571027459590697 0.0432226418301547 0.16306345374719036 0.3209225130167634 0.3559314362255263 0.32542594336537795 0.4021337177302894 0.5473089536586746 0.5374114347381874 0.5572723226188739 0.5499601978298864
0 0.429199 0.554199 0.118164 0.077148 0.0 0.0 0.10623107484443894 0.0 0.2225700153317962 0.0 0.3238686734833476 0.0 0.3142045552256052 0.0 0.5648909995787355 0.0 0.5611407621552527
0 0.653809 0.571289 0.075195 0.048828 0.0 0.0 0.1326964848894005 0.0 0.1591900366166848 0.0 0.27562393777663263 0.0 0.33678050137565685 0.0 0.5446196906274285 0.0 0.5626590373167558
0 0.153320 0.699219 0.119141 0.078125 0.0 0.0 0.1382930609714635 0.0 0.1330310450765025 0.0 0.26769536780231484 0.0 0.26996567651476056 0.0 0.6876929722912765 0.0 0.6947309143117164
0 0.327148 0.154785 0.136719 0.100586 0.0 0.0 0.17425200769517896 0.0 0.14115442794401453 0.0 0.330649386021768 0.0 0.32219004374462895 0.0 0.7363651279897597 0.0 0.7663346712386098
0 0.128906 0.635254 0.115234 0.073242 0.0 0.0 0.19544766686304998 0.0 0.21197056716790252 0.0 0.25681480534140416 0.0 0.25716480076302345 0.0 0.6734351041808564 0.0 0.7128222640393015
0 0.300781 0.076660 0.109375 0.071289 0.0 0.05160087913378754 0.16374348277007783 0.029089689756749665 0.06595839172409759 0.3387858509045416 0.3294635501595166 0.37427464541816813 0.32488975584766333 0.7887006603012583 0.8220388659066545 0.8112313662170357 0.8184820521460762
0 0.389648 0.302246 0.136719 0.090820 0.0 0.0 0.18765468749274838 0.0 0.21112543388716787 0.0 0.27519946029911113 0.0 0.2541965128282106 0.0 0.7109111568736116 0.0 0.5418246836184936
0 0.095215 0.520996 0.116211 0.069336 0.0 0.0 0.17136933491603504 0.0 0.12968565305878896 0.0 0.23052123304556404 0.0 0.23127256572883512 0.0 0.6683718090581352 0.0 0.6906824335176778
0 0.892578 0.101562 0.214844 0.191406 0.4239848274336165 0.0 0.0 0.0 0.0 0.0 0.0 0.0 0.0 0.0 0.0 0.0 0.0
0 0.741699 0.498535 0.077148 0.100586 0.0 0.192373638195852 0.01638660423266861 0.09294289392026497 0.010995745368097753 0.3643458479723152 0.34118761474734405 0.2891602106126552 0.3507882798644759 0.5093161781824602 0.5157466299770876 0.4729525566459547 0.5270890817211265
0 0.879395 0.505371 0.069336 0.110352 0.029787520180250937 0.17966090640868906 0.0 0.1576355017318414 0.0 0.3886878406231266 0.0 0.1807410736239473 0.0 0.4999396079431588 0.0 0.5536614403694426 0.0
0 0.378418 0.878906 0.061523 0.115234 0.0 0.19458658957362465 0.0 0.1455042184795471 0.0 0.3052156162819824 0.0 0.3030700400448408 0.0 0.6749396898733114 0.0 0.6754654951750512 0.0
0 0.324219 0.892090 0.072266 0.120117 0.0 0.1691902062838933 0.0 0.14265354945314293 0.0 0.29500932066377167 0.0 0.3007150981807828 0.0 0.682690588543442 0.0 0.6791683561153775 0.0
0 0.261230 0.916504 0.073242 0.110352 0.0 0.18403154978965908 0.0 0.1559830075862968 0.0 0.2896245587367551 0.0 0.291201738520763 0.0 0.6736892340182639 0.0 0.6829325492579623 0.0
0 0.076172 0.464844 0.126953 0.072266 0.0 0.043914375438144665 0.12319557934126268 0.05092484807449018 0.08170970756579869 0.3187948309078728 0.3208058392480832 0.3149471212022713 0.3163942435329799 0.67726332022895 0.6889468476512037 0.6821769785537772 0.6817259305680491
0 0.132324 0.033691 0.084961 0.065430 0.0 0.06312066858218358 0.03675976587050806 0.1350671611080841 0.037150711929553264 0.40684797125481137 0.30744392436648843 0.2977830882956525 0.30761784513269136 0.6806372818969546 0.7100096857396561 0.6796926883022459 0.6322752091951751
0 0.040527 0.279785 0.079102 0.071289 0.0 0.0 0.25978978476297365 0.0 0.0649391546588807 0.0 0.21107457303526983 0.0 0.21105883537871944 0.0 0.6883675103900583 0.0 0.6856734763443535
0 0.045898 0.343262 0.089844 0.071289 0.0 0.0 0.21979321403614505 0.0 0.17798266893616238 0.0 0.2619524964415546 0.0 0.2516066587308488 0.0 0.652163580430218 0.0 0.7240958707193617
0 0.178223 0.758789 0.145508 0.068359 0.0 0.021304951044005427 0.10158239629662891 0.011203045713967233 0.17465986952857682 0.36463227180750124 0.33163351920485457 0.3128262298695213 0.31745504045090817 0.6932577499614544 0.6999736113133631 0.6936531382882234 0.6839362783028436
0 0.058105 0.400391 0.114258 0.074219 0.0 0.0 0.20006386231372966 0.0 0.20970057761579658 0.0 0.23803615111277562 0.0 0.24520828012606202 0.0 0.6979091897968277 0.0 0.6555676720847341
0 0.107422 0.579590 0.113281 0.061523 0.0 0.0 0.22582157966946284 0.0 0.16662494863710567 0.0 0.26048329599979253 0.0 0.2564995950908162 0.0 0.6858160552801047 0.0 0.673387483847316
0 0.028320 0.838379 0.054688 0.079102 0.0 0.0 0.16598456480893092 0.0 0.0 0.0 0.26990996998281047 0.0 0.0 0.0 0.6876745687260128 0.0 0.0
0 0.177734 0.822754 0.115234 0.063477 0.0 0.0 0.182157801398826 0.0 0.16776581082904451 0.0 0.3034767945085229 0.0 0.3046057380604635 0.0 0.6860095962793361 0.0 0.678648399110023
0 0.438477 0.680176 0.138672 0.073242 0.0 0.010159519191994284 0.15390237701641216 0.023676199187392756 0.12543581581574145 0.3342042442010933 0.3474559939335647 0.32403819641167564 0.3426089064686164 0.5550110544217348 0.51822928548411 0.5756783850657545 0.5625257473451589
0 0.982422 0.500000 0.035156 0.101562 0.0 0.1564391900616838 0.0 0.20885676499021538 0.0 0.2920787935081308 0.0 0.29854477387755124 0.0 0.508039236371631 0.0 0.5407732253946886 0.0
0 0.613770 0.199707 0.139648 0.096680 0.0 0.09291981797648538 0.044534017459884744 0.08351251549645636 0.04047700915445137 0.31007288445324155 0.32109105881309336 0.29299518732856417 0.24947937420901514 0.6600884753356748 0.6709187676268853 0.7489488197027303 0.7121843243708226
0 0.047852 0.971680 0.091797 0.056641 0.0 0.0 0.16376847399510483 0.0 0.1120619175848321 0.0 0.33385565432805253 0.0 0.3408392433373902 0.0 0.6814452275027365 0.0 0.6939146308149092
0 0.185547 0.918945 0.085938 0.128906 0.31678400781842747 0.0 0.0 0.0 0.0 0.0 0.0 0.0 0.0 0.0 0.0 0.0 0.0
0 0.040527 0.213379 0.079102 0.067383 0.020526680765955166 0.030151027270217165 0.10578777605310648 0.037867625530244996 0.06162135599585441 0.39660520473274036 0.3844640093889682 0.4055925105383922 0.3634184763808277 0.6742965896174594 0.6796085516894248 0.6868650686180925 0.7258479867206695
0 0.871582 0.821777 0.122070 0.184570 0.42630831318819923 0.0 0.0 0.0 0.0 0.0 0.0 0.0 0.0 0.0 0.0 0.0 0.0
0 0.020508 0.764648 0.039062 0.074219 0.0 0.0 0.11564711345538756 0.0 0.0 0.0 0.2253510915627853 0.0 0.0 0.0 0.6892893962005331 0.0 0.0
0 0.634766 0.342285 0.117188 0.086914 0.03169144567093338 0.057709613749026153 0.039766695685902194 0.13604554130940746 0.10288796736237715 0.33908163135453206 0.32149065892896866 0.31814809774644043 0.3216041310243471 0.510466533820672 0.6475953222403411 0.5000119629490074 0.6496061311951655
0 0.276855 0.028320 0.077148 0.054688 0.0 0.0 0.17663967124685265 0.0 0.1834576982890393 0.0 0.21334216717815277 0.0 0.1901442259409709 0.0 0.8689346032385035 0.0 0.8317350985793158
0 0.431152 0.621094 0.131836 0.054688 0.0 0.020459014190989142 0.18187221912980261 0.020913737524109112 0.12329291996632935 0.3235544188768836 0.3498054127203038 0.3131323271368233 0.33619453217846457 0.564714704175572 0.5437657733638325 0.5586635562618147 0.5340238026991427
0 0.031738 0.148438 0.061523 0.064453 0.0 0.03777616594974302 0.08720517572694733 0.01927331232239989 0.03621786771246936 0.3740296067947041 0.3293003726526408 0.36177481611832246 0.3228982886190741 0.6602290561119105 0.6669240176543171 0.642559680528971 0.6725457009776072
0 0.459473 0.750488 0.102539 0.083008 0.0 0.0 0.18728136386351724 0.0 0.12412124133603601 0.0 0.31781770944020993 0.0 0.2880020860489276 0.0 0.5475488568440896 0.0 0.5401497541623489
0 0.970703 0.896973 0.058594 0.055664 0.0 0.0 0.21810934701578216 0.0 0.15303881026727711 0.0 0.24014070649224176 0.0 0.18889769290483527 0.0 0.5780699158836128 0.0 0.46110397728874575
0 0.428223 0.487305 0.116211 0.056641 0.4077641704633103 0.0 0.0 0.0 0.0 0.0 0.0 0.0 0.0 0.0 0.0 0.0 0.0
0 0.942383 0.501953 0.056641 0.099609 0.0 0.2221979108064035 0.0 0.12275393501643386 0.0 0.3492867949806981 0.0 0.23739295138629496 0.0 0.503965483877663 0.0 0.4992085397669972 0.0
0 0.812500 0.504883 0.064453 0.113281 0.0910038352919066 0.1559391865527816 0.0 0.07863076636247565 0.0 0.37143324732177724 0.0 0.27892418326369406 0.0 0.5093715027147373 0.0 0.5187851923697512 0.0
0 0.609375 0.267090 0.080078 0.061523 0.16605582015250744 0.0 0.0 0.0 0.0 0.0 0.0 0.0 0.0 0.0 0.0 0.0 0.0
0 0.070801 0.433105 0.135742 0.131836 0.0 0.026368446169298326 0.15804566364245537 0.028676988763777226 0.16556517153277442 0.3166298190085484 0.2702079547951141 0.3195952744269778 0.27515595652314845 0.6706387197529545 0.6902067082024969 0.6812409390735228 0.7396793267656995
0 0.016602 0.704102 0.031250 0.054688 0.0 0.0 0.073910744825165 0.0 0.0 0.0 0.20263117784553408 0.0 0.0 0.0 0.6902445791832117 0.0 0.0
0 0.744141 0.628906 0.066406 0.082031 0.09537423205847737 0.11073414798840876 0.0 0.0 0.0 0.07438121751322183 0.0 0.0 0.0 0.15851667582772527 0.0 0.0 0.0
0 0.042480 0.906738 0.081055 0.075195 0.0 0.0 0.16927232434557513 0.0 0.13161649101497008 0.0 0.32238818293496513 0.0 0.27322218008525423 0.0 0.6763302126698002 0.0 0.7052208191081629
0 0.836914 0.698242 0.167969 0.070312 0.3155667133969606 0.0 0.0 0.0 0.0 0.0 0.0 0.0 0.0 0.0 0.0 0.0 0.0
0 0.691406 0.805176 0.126953 0.086914 0.03816324580023054 0.04055169453589906 0.08708337535131525 0.009308179242072603 0.11286740519439253 0.32222370081733703 0.23372995461663307 0.09725407364555151 0.3328653546650153 0.5273507614489436 0.5539707730911435 0.46520364933682573 0.560234905897818
0 0.721680 0.883789 0.173828 0.087891 0.13022712313839813 0.0 0.043678026704783095 0.039585465410524774 0.10878902924647234 0.0 0.3335437336240299 0.340319210935248 0.3442264583659808 0.0 0.5244782824678718 0.5466167721677095 0.5461012927308108
0 0.047852 0.039062 0.093750 0.076172 0.0 0.19846926940043602 0.0 0.19556754031829585 0.0 0.3176381702393361 0.0 0.30596376832411726 0.0 0.6799497095205066 0.0 0.6874943567136231 0.0
0 0.196777 0.019043 0.065430 0.036133 0.0 0.0 0.0 0.3161173249091645 0.0 0.0 0.0 0.1900676124999934 0.0 0.0 0.0 0.6903304789299847 0.0
