0 0.310547 0.197754 0.115885 0.083008 0.0 0.18588578547095613 0.0 0.27185897228909106 0.0 0.23043584499878295 0.0 0.21117258737035172 0.0 0.0019373591263463336 0.0 0.0042896585669236886 0.0
0 0.394531 0.256348 0.148438 0.088867 0.0 0.14530108583047305 0.021915315213893123 0.24002393372827202 0.0 0.23105225538128704 0.23200081332965242 0.20847570957007416 0.0 0.010760181803446891 0.9884489497714235 0.007931363650393071 0.0
0 0.205729 0.127441 0.122396 0.088867 0.0 0.1403931188117668 0.0 0.2107146649002031 0.0 0.23224396398781078 0.0 0.22235379142099596 0.0 0.005932109098914474 0.0 0.0055236460769726315 0.0
0 0.811198 0.301270 0.161458 0.127930 0.376956117769525 0.0 0.0 0.0 0.0 0.0 0.0 0.0 0.0 0.0 0.0 0.0 0.0
0 0.597005 0.922852 0.126302 0.093750 0.0 0.18286477497304496 0.0 0.1628190746098114 0.0 0.06687211672226828 0.0 0.07271256881517146 0.0 0.10035784271803902 0.0 0.12294309770045907 0.0
0 0.897786 0.800781 0.097656 0.068359 0.0 0.09656868368526426 0.09383306462474865 0.20299013581258077 0.0 0.17467182292370434 0.16821581099333166 0.15211573813160886 0.0 0.03633707564418008 0.9771517030477364 0.031847802266128156 0.0
0 0.494792 0.891602 0.114583 0.091797 0.0 0.23045209234400746 0.0 0.20023588600797737 0.0 0.06822184169955534 0.0 0.0750662080670155 0.0 0.06879227525080658 0.0 0.07105475770379839 0.0
0 0.828776 0.035645 0.160156 0.069336 0.1599344890879072 0.0 0.0 0.0 0.0 0.0 0.0 0.0 0.0 0.0 0.0 0.0 0.0
0 0.128906 0.076660 0.125000 0.088867 0.0 0.16449265587414483 0.0 0.1521424064305858 0.0 0.23038419037045893 0.0 0.22444645708315128 0.0 0.009330431774958865 0.0 0.006905772801020286 0.0
0 0.938802 0.319336 0.122396 0.134766 0.3786652901707974 0.0 0.0 0.0 0.0 0.0 0.0 0.0 0.0 0.0 0.0 0.0 0.0
0 0.052083 0.032227 0.101562 0.062500 0.0 0.19868946544036645 0.0 0.2295897379438003 0.0 0.2203287730557047 0.0 0.20941625239080736 0.0 0.011922488564978708 0.0 0.010423623787539782 0.0
0 0.402995 0.848633 0.126302 0.093750 0.0 0.16081410372426566 0.0 0.15983755131072794 0.0 0.06897092454613346 0.0 0.07063402833371255 0.0 0.09673917055027086 0.0 0.10813585470779749 0.0
0 0.305339 0.813477 0.126302 0.093750 0.0 0.1782249340707123 0.0 0.16399190741881312 0.0 0.06849977319233105 0.0 0.07186765706338258 0.0 0.07520411533415607 0.0 0.07683340130559234 0.0
0 0.220703 0.762695 0.126302 0.093750 0.0 0.13623965439539276 0.0 0.1535366777465001 0.0 0.06704849447597817 0.0 0.07320070303634342 0.0 0.11316019751632937 0.0 0.11387731172411009 0.0
0 0.108724 0.741211 0.126302 0.093750 0.0 0.16153647413598565 0.0 0.17737973864171774 0.0 0.06673916601852932 0.0 0.07069808485026428 0.0 0.07190141530649186 0.0 0.0732865599605955 0.0
0 0.359375 0.548340 0.174479 0.141602 0.37118302163541333 0.0 0.0 0.0 0.0 0.0 0.0 0.0 0.0 0.0 0.0 0.0 0.0
0 0.498698 0.452637 0.174479 0.141602 0.26929930627631793 0.0 0.0 0.0 0.0 0.0 0.0 0.0 0.0 0.0 0.0 0.0 0.0
0 0.633464 0.557129 0.167969 0.124023 0.3250370931827282 0.0 0.0 0.0 0.0 0.0 0.0 0.0 0.0 0.0 0.0 0.0 0.0
0 0.831380 0.692871 0.089844 0.081055 0.3026868282746443 0.0 0.0 0.0 0.0 0.0 0.0 0.0 0.0 0.0 0.0 0.0 0.0
0 0.763021 0.631348 0.101562 0.083008 0.38497931239051236 0.0 0.0 0.0 0.0 0.0 0.0 0.0 0.0 0.0 0.0 0.0 0.0
0 0.707682 0.714844 0.113281 0.093750 0.3400101506141781 0.0 0.0 0.0 0.0 0.0 0.0 0.0 0.0 0.0 0.0 0.0 0.0
0 0.621094 0.773438 0.096354 0.082031 0.29223140947052156 0.0 0.0 0.0 0.0 0.0 0.0 0.0 0.0 0.0 0.0 0.0 0.0
0 0.727214 0.797363 0.126302 0.075195 0.3356737105799549 0.0 0.0 0.0 0.0 0.0 0.0 0.0 0.0 0.0 0.0 0.0 0.0
0 0.950521 0.833984 0.098958 0.068359 0.0 0.1959525840419825 0.0 0.15475262275792176 0.0 0.16996211517785 0.0 0.14651848577872753 0.0 0.025827901086331363 0.0 0.0019195829249292096 0.0
0 0.897786 0.973633 0.136719 0.052734 0.0 0.18687467112523284 0.04922241210649047 0.0 0.0 0.14530511184073797 0.10370991093147393 0.0 0.0 0.9956482626026197 0.0015494524449454477 0.0 0.0
