0 0.150391 0.498047 0.111328 0.149740 0.0 0.0 0.1730580280810851 0.0 0.16673241434216593 0.0 0.09989365118270094 0.0 0.14586768642994988 0.0 0.981765306104603 0.0 0.9914962589055452
0 0.260254 0.703776 0.206055 0.264323 0.0 0.0 0.12373749018184234 0.0 0.11720533384710927 0.0 0.10460936726224879 0.0 0.14713001766273476 0.0 0.9908378843246264 0.0 0.9891633698490321
0 0.047363 0.850260 0.067383 0.085938 0.0 0.13203720545169848 0.0 0.21020432262465436 0.0 0.24479063330863243 0.0 0.24130961406432902 0.0 0.10846508753536722 0.0 0.10239287987166928 0.0
0 0.290039 0.201823 0.083984 0.093750 0.0 0.1657164337685318 0.0 0.0 0.14036220131197083 0.17928630598382173 0.0 0.0 0.15575700318106997 0.024529993244446758 0.0 0.0 0.9899259225243684
0 0.647461 0.134115 0.121094 0.203125 0.12088139334211785 0.07982255665104229 0.08150025766077897 0.0 0.011746602163712722 0.07552260022524628 0.09055386228380709 0.0 0.3042380169069039 0.18579556207805825 0.1520687596962211 0.0 0.12716645220604147
0 0.379883 0.315104 0.070312 0.096354 0.0 0.1710378623537728 0.0 0.13115778962188604 0.0 0.191993597095311 0.0 0.16695735064191256 0.0 0.009035064038851221 0.0 0.012360817218137123 0.0
0 0.017578 0.822917 0.033203 0.080729 0.0 0.11679480572675788 0.0 0.15149342425657314 0.0 0.2464953762591518 0.0 0.23799822201263343 0.0 0.114259137008289 0.0 0.11924705466759286 0.0
0 0.230469 0.136068 0.082031 0.105469 0.0 0.18555280391434043 0.0 0.19506739310409235 0.0 0.16286926541486638 0.0 0.14948522095130373 0.0 0.016594408634994506 0.0 0.011459535811658523 0.0
0 0.328125 0.265625 0.062500 0.096354 0.0 0.19912462003803383 0.0 0.2988918761502568 0.0 0.15825230339154295 0.0 0.1629291287830095 0.0 0.012396503693377605 0.0 0.018881219363794343 0.0
0 0.437500 0.667318 0.060547 0.092448 0.24649119027278957 0.0 0.0 0.0 0.0 0.0 0.0 0.0 0.0 0.0 0.0 0.0 0.0
0 0.162109 0.345703 0.111328 0.149740 0.0 0.16271719796780806 0.0 0.1734657399903523 0.0 0.14557737608277854 0.0 0.10366778954571403 0.0 0.9930769240530825 0.0 0.993978187749986 0.0
0 0.418945 0.377604 0.070312 0.096354 0.0 0.13244657536272578 0.0 0.1348263487706727 0.00809865735340867 0.1685354454327661 0.0 0.16526719898667305 0.15263081508871915 0.01603870206828696 0.0 0.01222459336443201 0.9963582911207232
0 0.464844 0.428385 0.070312 0.096354 0.0 0.17848286996293258 0.03760514863631728 0.18049269941669496 0.0 0.1878711278755027 0.16998163776256242 0.16742389731943885 0.0 0.03395417442474419 0.9915006782925853 0.0021244886000295715 0.0
0 0.525391 0.507161 0.083984 0.123698 0.0 0.10144865867069999 0.012551934309273469 0.12729591148014327 0.0 0.17496905245038968 0.15661897853652929 0.16963946683479186 0.0 0.01604780098268515 0.992478194151109 0.021847891505848135 0.0
0 0.781738 0.501953 0.149414 0.207031 0.0 0.0 0.16878168096014945 0.0 0.11814910278265647 0.0 0.1821264061901718 0.0 0.1854171602053643 0.0 0.02601883690455278 0.0 0.027529003328518483
0 0.669922 0.684896 0.128906 0.187500 0.0 0.0 0.19196007084192124 0.0 0.12683726749240537 0.0 0.18129074927569616 0.0 0.18787875747765034 0.0 0.02993694546198583 0.0 0.026753200317242386
0 0.562988 0.880859 0.155273 0.227865 0.0 0.0 0.1660592108345346 0.0 0.10960807839990097 0.0 0.1714244466554441 0.0 0.18286020324515068 0.0 0.027865128496174042 0.0 0.030771526944623248
0 0.172852 0.070964 0.082031 0.105469 0.0 0.07451287321393847 0.07240205603761468 0.15662819121341107 0.0 0.17467182292370434 0.16821581099333166 0.15211573813160886 0.0 0.03633707564418008 0.9771517030477364 0.031847802266128156 0.0
0 0.048340 0.058594 0.094727 0.114583 0.29371449675746053 0.0 0.0 0.0 0.0 0.0 0.0 0.0 0.0 0.0 0.0 0.0 0.0
0 0.543457 0.057943 0.127930 0.113281 0.0 0.13343096687783318 0.0492680817498289 0.30125118788207816 0.03062519678347733 0.07842131187159267 0.10758825124873847 0.0805717525078112 0.12270461739118682 0.1500704639000875 0.15088694724233215 0.16020437565833656 0.16291489013480412
0 0.171875 0.954427 0.103516 0.091146 0.0 0.07180754436559429 0.09750966617835904 0.06813378449135729 0.06674034379991632 0.2590174535916976 0.2747974807781771 0.24412259580455029 0.25232023259245207 0.990107461365924 0.9682190678147076 0.7104360136559746 0.9055114627901992
