0 0.333333 0.514323 0.138021 0.192708 0.03949128411264638 0.06890800278267623 0.11380574042754577 0.13953980809887556 0.04268440140275183 0.27010256517627773 0.28400405976059606 0.2654304206636119 0.27987877691326685 0.5206131471058195 0.5345929161803926 0.5327147569130476 0.5081436547833265
0 0.298828 0.131510 0.154948 0.174479 0.0 0.05553151610663441 0.15779668743252773 0.0 0.11763912874497946 0.3125188109588094 0.3385151588696411 0.0 0.3167133973654345 0.5193526858218493 0.524607919378208 0.0 0.5192853629214145
0 0.105469 0.500651 0.135417 0.136719 0.0 0.0 0.08910823626380919 0.08026942984601673 0.19730483120500986 0.0 0.2756328915378881 0.28848889664970645 0.27471507415351093 0.0 0.4928088679417619 0.757064007414696 0.5574057612125143
0 0.308594 0.292318 0.143229 0.154948 0.0 0.0 0.2240332548939792 0.009237224565086527 0.20283484456464815 0.0 0.3280546705129375 0.3257170836999601 0.3191734526798234 0.0 0.5203226160042598 0.5259700209986502 0.5196786300356258
0 0.220703 0.555339 0.089844 0.089844 0.08136650246074811 0.0 0.0 0.3044506185334042 0.0 0.0 0.0 0.3297296012980139 0.0 0.0 0.0 0.5250457446219658 0.0
0 0.565755 0.535807 0.108073 0.113281 0.06260513415916079 0.15545367193233633 0.01903657597925755 0.16510899305991375 0.020296851848598432 0.308392893070824 0.31978936536326835 0.2627714942224204 0.33401802219232984 0.5239662509332206 0.5403024893214188 0.5227128667013587 0.47306619124600535
0 0.464193 0.546224 0.113281 0.113281 0.0 0.13207135261897873 0.0 0.15493047055330691 0.0 0.06963660312252987 0.0 0.06691733957574325 0.0 0.523380751939369 0.0 0.5059549864368263 0.0
0 0.795573 0.529948 0.125000 0.101562 0.0696265878856217 0.10651893118175332 0.0 0.18159589101812967 0.0 0.30839764345198994 0.0 0.24644497885781386 0.0 0.5353189208789084 0.0 0.5223319282779387 0.0
0 0.671875 0.529297 0.122396 0.121094 0.14929449378204002 0.023002847807442047 0.01833637306330848 0.15127659853791794 0.11625683562970932 0.38697172644119227 0.3753204404830997 0.31881722330964124 0.33642252480298285 0.5331749396452041 0.5955360472733271 0.5327128485601917 0.5155160091914569
0 0.389974 0.027995 0.162760 0.053385 0.0 0.04797941606746194 0.11473131644663997 0.15517454391629643 0.08861492222660679 0.18117435973298288 0.1426324476780923 0.17439739668254173 0.16970413699139922 0.5420991889237521 0.3708896645700349 0.5311872230506689 0.5052801359192942
0 0.093099 0.199870 0.128906 0.066406 0.0 0.0 0.1700219224409955 0.0 0.15567222327567276 0.0 0.28337567535046526 0.0 0.28111744797813376 0.0 0.5178270225925024 0.0 0.529066497376836
0 0.088542 0.054036 0.140625 0.076823 0.0 0.0 0.12107807028261904 0.0 0.19084139647008766 0.0 0.30501088456860503 0.0 0.3771245969133132 0.0 0.536243013820091 0.0 0.5302774140256885
0 0.501302 0.893229 0.169271 0.145833 0.0 0.11069648664221578 0.07859992328412764 0.10213759116925425 0.07393140815312169 0.0733569754626418 0.07395095527169794 0.07168890588348299 0.08087559242931441 0.5424051813985686 0.5276796380606594 0.49327678929944907 0.5178531481434536
0 0.798828 0.221354 0.131510 0.151042 0.35352744549382714 0.0 0.0 0.0 0.0 0.0 0.0 0.0 0.0 0.0 0.0 0.0 0.0
0 0.087891 0.126953 0.128906 0.074219 0.0 0.0 0.13205222250424825 0.0 0.15483723214099174 0.0 0.26097186521175203 0.0 0.26817377858827457 0.0 0.5166597978099968 0.0 0.5271683119154984
0 0.092448 0.272135 0.127604 0.075521 0.0 0.0 0.13819021034790197 0.0 0.18701308187516205 0.0 0.20185017217218681 0.0 0.3375569246135132 0.0 0.507595596109373 0.0 0.5032104490489062
0 0.098958 0.369792 0.130208 0.119792 0.0 0.0 0.09514660830121838 0.0 0.15764986661930414 0.0 0.3069294740756251 0.0 0.27949355268136294 0.0 0.5239380485753591 0.0 0.4951474339227486
0 0.917318 0.527344 0.121094 0.098958 0.05863850305425451 0.13288839991985482 0.0 0.10768161607846619 0.0 0.31543455944007215 0.0 0.2937244851870858 0.0 0.5269379875366945 0.0 0.5232434786242874 0.0
0 0.047526 0.916016 0.092448 0.139323 0.0 0.07324837855349904 0.28814148995676053 0.05594405525451288 0.0 0.10417143325994013 0.11017931303370734 0.09902522180532222 0.0 0.5216025501344514 0.5243854615398968 0.5574159842644165 0.0
0 0.673177 0.351562 0.161458 0.252604 0.034032321517391426 0.014197813712571946 0.07830024181110896 0.029237333692457554 0.10502822621965811 0.07713225615829401 0.0685357428176498 0.06835900083486944 0.0695197146610521 0.5206441228119172 0.5253014134717848 0.5047005842502585 0.519604712210608
0 0.632812 0.835286 0.145833 0.136719 0.34023514676250877 0.0 0.0 0.0 0.0 0.0 0.0 0.0 0.0 0.0 0.0 0.0 0.0
0 0.098958 0.012370 0.153646 0.022135 0.0 0.2239018436311193 0.0 0.0 0.1924754276718814 0.5094839467089003 0.0 0.0 0.35802406102477047 0.07442285552959278 0.0 0.0 0.5603817004654918
0 0.147135 0.844401 0.145833 0.128906 0.37303454293112165 0.0 0.0 0.0 0.0 0.0 0.0 0.0 0.0 0.0 0.0 0.0 0.0
