0 0.615885 0.317057 0.187500 0.230469 0.135753320703334 0.033778158461790456 0.006968158249004249 0.002548909759881997 0.007409336056737109 0.15368800697151344 0.07621923472089016 0.12063149643415344 0.4865132117137546 0.36234220300330927 0.6246486187047663 0.6047725696377648 0.5870035392101467
0 0.448568 0.332031 0.178385 0.164062 0.008313416774577094 0.08816833425849592 0.06449648114914112 0.05028139982198645 0.04758030871972798 0.28925591310749416 0.2894313575098463 0.29229978569052045 0.2723191023027998 0.5388048536760227 0.5383159615271371 0.5424520532416801 0.5159274901434546
0 0.782552 0.875000 0.242188 0.250000 0.13902059823526822 0.0 0.0016878965342143795 0.0 0.004018439238828615 0.0 0.0981457119420673 0.0 0.10018727652080535 0.0 0.9001051201532415 0.0 0.9045822611070671
0 0.646484 0.692708 0.235677 0.200521 0.3026713306377417 0.0 0.006350487028377821 0.0 0.0 0.0 0.07524073658265612 0.0 0.0 0.0 0.9058864916369102 0.0 0.0
0 0.469401 0.572917 0.209635 0.161458 0.0 0.10538585760223489 0.08736859960689443 0.06157850710019827 0.06096168302009641 0.3265522050414297 0.32659581193734205 0.27710547096316995 0.32330504620078715 0.881215728594171 0.8710498369334658 0.8863191143959436 0.8766542171108584
0 0.305339 0.432292 0.230469 0.309896 0.029894651189123735 0.032391583726582705 0.022176454556862367 0.010512170121648606 0.10476497145902026 0.22259162274984806 0.20924350962449392 0.1909333812958282 0.2254139530014831 0.5409506546693189 0.674437898600948 0.5344721645864916 0.7612533249431774
0 0.084635 0.612630 0.166667 0.264323 0.34186729166813373 0.0 0.0 0.0 0.0 0.0 0.0 0.0 0.0 0.0 0.0 0.0 0.0
0 0.149089 0.770182 0.277344 0.282552 0.17922551947291462 0.017611297608060215 0.0 0.0 0.0 0.10757231500400355 0.0 0.0 0.0 0.7587163523225511 0.0 0.0 0.0
0 0.306641 0.958984 0.266927 0.082031 0.18388348530929233 0.0 0.2194729796294566 0.0 0.0 0.0 0.07681324934996 0.0 0.0 0.0 0.8787151685114941 0.0 0.0
0 0.224609 0.905599 0.264323 0.180990 0.22817786997346312 0.0 0.0 0.0 0.0 0.0 0.0 0.0 0.0 0.0 0.0 0.0 0.0
0 0.962240 0.310547 0.075521 0.266927 0.0 0.0645160112826353 0.02783766954663156 0.036545605563744026 0.24090581457791357 0.3352527232899871 0.32127145303038346 0.34684060321149873 0.3332829690826379 0.5521057196217838 0.5456618351991647 0.5324495179002787 0.5435437663415948
0 0.821615 0.873047 0.343750 0.248698 0.14743168875781615 0.0 0.005435106619624182 0.0 0.019388709117348288 0.0 0.1675806349506574 0.0 0.3196153822694327 0.0 0.8518981556088181 0.0 0.8862608022874907
