0 0.479492 0.368164 0.148438 0.175781 0.0 0.05765220263221772 0.10604042626500768 0.0278739037511566 0.1197195746088268 0.3693091662186104 0.38059918206317617 0.3883182540620075 0.3806762969070074 0.8665648210425121 0.87658735327535 0.8708698715667961 0.8801242567731881
0 0.678711 0.236328 0.166016 0.150391 0.0 0.05401909379103502 0.09708431938938496 0.04801281472462305 0.09892450369711871 0.3235611246343183 0.3171065251093022 0.33252187652800114 0.28887858849266695 0.8554102114359919 0.8835759864708197 0.8759292962489875 0.8920455171685467
0 0.611328 0.578125 0.238281 0.244141 0.0 0.0 0.031186933800009132 0.046743584520997826 0.08604520800740932 0.0 0.19652703509671557 0.19516311740180312 0.20095849221990036 0.0 0.8649042224457651 0.8599428210961239 0.8842683602156073
0 0.920898 0.056641 0.156250 0.109375 0.0 0.07318837646324988 0.11191254849693463 0.009162518987732965 0.08516239566121994 0.406289070328427 0.23527176359330865 0.40390894350719414 0.4018288373178881 0.882157535789725 0.8395206597956026 0.8794423281575929 0.8666585192644833
0 0.843750 0.848145 0.226562 0.262695 0.15524637428330174 0.00999047962353194 0.005728698427762768 0.004989301347192557 0.014607918741609037 0.14159339513858468 0.3851715573872915 0.15143080381822838 0.22955976377066115 0.8702974435329331 0.8713244405771581 0.6650508544858194 0.8757878377127718
0 0.547363 0.964844 0.215820 0.070312 0.16537538617858358 0.0 0.0 0.0 0.0 0.0 0.0 0.0 0.0 0.0 0.0 0.0 0.0
0 0.948242 0.162598 0.103516 0.092773 0.0 0.0 0.08738346005062687 0.10384766227886456 0.13416394860765737 0.0 0.21644979147955049 0.22548011935914086 0.2203986747718441 0.0 0.871332189364655 0.8747222879861599 0.8822428296717444
0 0.315918 0.075195 0.229492 0.125000 0.2980066319036647 0.0 0.0 0.0 0.0 0.0 0.0 0.0 0.0 0.0 0.0 0.0 0.0
0 0.095703 0.958008 0.099609 0.083984 0.0 0.05022531989865079 0.10762285419336727 0.029088227730521252 0.1801035156859931 0.21079742498022536 0.24770831334674442 0.40812524742230066 0.23509994289303054 0.24715431741670402 0.8389863866212348 0.8900686226318126 0.7447579071850212
0 0.251465 0.875977 0.141602 0.113281 0.0 0.12827502023252968 0.035089448641027754 0.1625691865378606 0.032088087919144366 0.32945848008520295 0.48248055023244624 0.33448071526305356 0.41229493535594586 0.88075714609817 0.8424695165776566 0.875443480071523 0.8816124791023431
0 0.142578 0.785156 0.128906 0.183594 0.0 0.0 0.11202158144997815 0.0 0.1288171950863498 0.0 0.4157046478042299 0.0 0.4108089091755495 0.0 0.8672561601409637 0.0 0.8790110877204576
0 0.325684 0.827637 0.088867 0.104492 0.0408448611484503 0.06342515162495894 0.007325334560448306 0.11867661338238994 0.0 0.31637576694225855 0.325685151257216 0.340835097872473 0.0 0.8738035786989543 0.8697129791854172 0.8857666427161635 0.0
0 0.372559 0.721680 0.131836 0.193359 0.13144402177828945 0.008354278041647558 0.08197286858134607 0.010651306653742016 0.011558434547252788 0.29489436666394897 0.529146327213923 0.5062538251214401 0.4735881351477209 0.8778226423964901 0.8778870460201256 0.8779420012154087 0.8727939567878609
0 0.172852 0.542480 0.343750 0.241211 0.29636961512554294 0.0 0.0 0.002380954113594058 0.0 0.0 0.0 0.18911724621023596 0.0 0.0 0.0 0.3553286785936452 0.0
0 0.052734 0.229492 0.103516 0.212891 0.27746294508643315 0.0 0.0 0.0 0.0 0.0 0.0 0.0 0.0 0.0 0.0 0.0 0.0
0 0.970703 0.718262 0.058594 0.083008 0.0 0.26202675323667063 0.012018076082651897 0.11696238849993876 0.05393590445945499 0.2310709243825373 0.2806862457885723 0.18587481030554615 0.2551530004056612 0.8721713483868453 0.8101310382166635 0.8808464249760573 0.7960816628938309
0 0.811523 0.555176 0.101562 0.112305 0.0 0.10768567646877783 0.031754908219538934 0.14686765387638134 0.022722511234494685 0.28187307094792075 0.28293868527866617 0.27897747758046376 0.29496560783640774 0.8846194395305607 0.8533261411107043 0.8687260649138062 0.8666739446956361
0 0.833984 0.435059 0.101562 0.112305 0.0 0.016566746541828728 0.11727676783773133 0.06559175258279829 0.15016711903884136 0.2928663301807831 0.2831203485025544 0.27386880185080076 0.27145431783783025 0.8530090204877785 0.8792987322850809 0.8688998173371923 0.8730079585679426
0 0.684570 0.427246 0.113281 0.151367 0.19147840191905957 0.0 0.001812779023740034 0.0 0.087845083913902 0.0 0.07404485864345056 0.0 0.07004625619915027 0.0 0.8786007628428965 0.0 0.880984101698702
0 0.479980 0.022949 0.145508 0.043945 0.0 0.0 0.0 0.2028548717536594 0.0 0.0 0.0 0.15024222023842057 0.0 0.0 0.0 0.8760429430076777 0.0
0 0.165039 0.939941 0.068359 0.079102 0.0 0.0873147663224591 0.08832108682374842 0.05609654603145452 0.12261724828644044 0.3226019756460851 0.2516010345066189 0.278822284046627 0.257555208275388 0.9193163609077328 0.8712941560160476 0.882677371366979 0.8793193716285599
