0 0.665039 0.552246 0.076172 0.073242 0.0 0.09492834973056126 0.08387153545971476 0.17505699637758437 0.0 0.17195015900221736 0.17327244919724322 0.15434493999130336 0.0 0.03193737134482101 0.9740039724232404 0.04038189596108673 0.0
0 0.447754 0.678223 0.098633 0.092773 0.0 0.17747126467420477 0.0 0.15801680278963667 0.0 0.06687211672226828 0.0 0.07271256881517146 0.0 0.10035784271803902 0.0 0.12294309770045907 0.0
0 0.248535 0.922363 0.120117 0.104492 0.0 0.13141533232585154 0.0 0.15680830384262695 0.0 0.23796923123521393 0.0 0.23597816422389345 0.0 0.0986216845220125 0.0 0.11451676921240493 0.0
0 0.722168 0.604980 0.084961 0.077148 0.0 0.1636026942570334 0.0 0.1703758005844546 0.0 0.1688702181160085 0.0 0.14872394831501867 0.0 0.030300326763364745 0.0 0.011237782336605228 0.0
0 0.368652 0.638672 0.079102 0.089844 0.0 0.2558104814639868 0.0 0.22226935709312787 0.0 0.06822184169955534 0.0 0.0750662080670155 0.0 0.06879227525080658 0.0 0.07105475770379839 0.0
0 0.107422 0.844238 0.128906 0.100586 0.0 0.1352129660430809 0.0 0.13912333848986 0.0 0.23498480262408108 0.0 0.23856033840592902 0.0 0.10821703783200955 0.0 0.10572631575059858 0.0
0 0.785156 0.652344 0.093750 0.074219 0.0 0.1406409207640829 0.0 0.0 0.11912318400818576 0.17928630598382173 0.0 0.0 0.15575700318106997 0.024529993244446758 0.0 0.0 0.9899259225243684
0 0.608887 0.054688 0.124023 0.107422 0.43831604703279625 0.0 0.0 0.0 0.0 0.0 0.0 0.0 0.0 0.0 0.0 0.0 0.0
0 0.877930 0.738770 0.074219 0.065430 0.0 0.1789649903026122 0.0 0.13723658741268827 0.0 0.191993597095311 0.0 0.16695735064191256 0.0 0.009035064038851221 0.0 0.012360817218137123 0.0
0 0.656250 0.868652 0.105469 0.122070 0.0 0.0 0.16805857393652043 0.0 0.1619157001500589 0.0 0.09989365118270094 0.0 0.14586768642994988 0.0 0.981765306104603 0.0 0.9914962589055452
0 0.730957 0.966309 0.120117 0.067383 0.0 0.0 0.23824092400888375 0.0 0.16486447716153335 0.0 0.10463534435374491 0.0 0.14730518129032794 0.0 0.9897965081491716 0.0 0.9967866198726739
0 0.831055 0.705078 0.076172 0.070312 0.0 0.16792275649931054 0.0 0.2520569667819829 0.0 0.15825230339154295 0.0 0.1629291287830095 0.0 0.012396503693377605 0.0 0.018881219363794343 0.0
0 0.970703 0.177246 0.058594 0.122070 0.32587426874748393 0.0 0.0 0.0 0.0 0.0 0.0 0.0 0.0 0.0 0.0 0.0 0.0
0 0.930664 0.449219 0.136719 0.164062 0.1291753360293808 0.018571444041151266 0.0 0.11909666966388925 0.0381000400577788 0.07828191086520342 0.0 0.07866767388862501 0.08479186532601499 0.14123265446003566 0.0 0.14245983201683493 0.24589409945138116
0 0.286133 0.033691 0.119141 0.065430 0.0 0.07096270220514096 0.0 0.18587592028350608 0.0 0.23044313148281598 0.0 0.20535802735083647 0.0 0.011053612611562376 0.0 0.004977838071297924 0.0
0 0.262207 0.301758 0.151367 0.144531 0.3143891068167429 0.0 0.0 0.0 0.0 0.0 0.0 0.0 0.0 0.0 0.0 0.0 0.0
0 0.371582 0.204102 0.151367 0.144531 0.22809439934389095 0.0 0.0 0.0 0.0 0.0 0.0 0.0 0.0 0.0 0.0 0.0 0.0
0 0.479980 0.312012 0.133789 0.124023 0.30605682496767833 0.0 0.0 0.0 0.0 0.0 0.0 0.0 0.0 0.0 0.0 0.0 0.0
0 0.625488 0.443848 0.081055 0.088867 0.22950979286758744 0.0 0.0 0.0 0.0 0.0 0.0 0.0 0.0 0.0 0.0 0.0 0.0
0 0.567871 0.391113 0.081055 0.088867 0.5354547678098556 0.0 0.0 0.0 0.0 0.0 0.0 0.0 0.0 0.0 0.0 0.0 0.0
0 0.534668 0.468262 0.081055 0.088867 0.3759783897695771 0.0 0.0 0.0 0.0 0.0 0.0 0.0 0.0 0.0 0.0 0.0 0.0
0 0.466309 0.532715 0.081055 0.088867 0.24050184579223643 0.0 0.0 0.0 0.0 0.0 0.0 0.0 0.0 0.0 0.0 0.0 0.0
0 0.550293 0.556152 0.081055 0.088867 0.3319405460507987 0.0 0.0 0.0 0.0 0.0 0.0 0.0 0.0 0.0 0.0 0.0 0.0
0 0.304199 0.597656 0.079102 0.089844 0.0 0.20095288967798733 0.0 0.1997325922981077 0.0 0.06897092454613346 0.0 0.07063402833371255 0.0 0.09673917055027086 0.0 0.10813585470779749 0.0
0 0.230957 0.564453 0.079102 0.089844 0.0 0.2227094184200849 0.0 0.2049238649871159 0.0 0.06849977319233105 0.0 0.07186765706338258 0.0 0.07520411533415607 0.0 0.07683340130559234 0.0
0 0.169434 0.519531 0.079102 0.089844 0.0 0.17024472111243924 0.0 0.19185903692638334 0.0 0.06704849447597817 0.0 0.07320070303634342 0.0 0.11316019751632937 0.0 0.11387731172411009 0.0
0 0.082031 0.481445 0.089844 0.099609 0.0 0.1602970638484973 0.0 0.1760187687800166 0.0 0.06673916601852932 0.0 0.07069808485026428 0.0 0.07190141530649186 0.0 0.0732865599605955 0.0
0 0.654785 0.761230 0.116211 0.114258 0.0 0.20610456993518697 0.0 0.14633379738280575 0.0 0.14503637762790983 0.0 0.10361792398273173 0.0 0.9917339570802763 0.0 0.9940978678424427 0.0
0 0.735352 0.073730 0.150391 0.145508 0.2858229922982337 0.0 0.0 0.0 0.0 0.0 0.0 0.0 0.0 0.0 0.0 0.0 0.0
0 0.873047 0.134766 0.150391 0.146484 0.2972172248141522 0.0 0.0 0.0 0.0 0.0 0.0 0.0 0.0 0.0 0.0 0.0 0.0
0 0.958496 0.308105 0.083008 0.155273 0.36959559540826753 0.0 0.0 0.0 0.0 0.0 0.0 0.0 0.0 0.0 0.0 0.0 0.0
0 0.912109 0.781738 0.074219 0.065430 0.0 0.13858510477859443 0.0 0.14107517404755382 0.008474007537109463 0.1685354454327661 0.0 0.16526719898667305 0.15263081508871915 0.01603870206828696 0.0 0.01222459336443201 0.9963582911207232
0 0.962402 0.814941 0.075195 0.065430 0.0 0.18432966295066963 0.038837028868830864 0.18640533097347364 0.0 0.1878711278755027 0.16998163776256242 0.16742389731943885 0.0 0.03395417442474419 0.9915006782925853 0.0021244886000295715 0.0
