0 0.272786 0.614258 0.152344 0.136719 0.027268083847659344 0.05910306130709289 0.13330313670151187 0.10350987105943606 0.05041766698733037 0.2666021589113798 0.299879959125114 0.2806868682032145 0.29162358333427885 0.6820489302164147 0.5252573541601967 0.6867380270995302 0.5527716554742451
0 0.753906 0.081055 0.106771 0.101562 0.0 0.12793513943633356 0.05165228800351399 0.15481870438891962 0.0564957649150922 0.31692216408699586 0.286723919672863 0.3414196098716899 0.28966971947068243 0.5255703955388358 0.5269834734010993 0.5006095286103927 0.5007492919878707
0 0.645182 0.081055 0.108073 0.103516 0.0 0.07721287503972532 0.03430034110771909 0.1278901404329475 0.03965724452764226 0.3306098323242483 0.3047234868377229 0.3249646727453976 0.30303025828523034 0.5144750877878627 0.5297446058321985 0.5012077772906953 0.48734781323653886
0 0.539714 0.248535 0.118490 0.092773 0.0 0.13228041719721045 0.056043215808788786 0.07423941928579453 0.09555818403441935 0.32179225570938036 0.28210450420403826 0.2799162286485357 0.34847216384536644 0.5144678863094378 0.6056119423369299 0.4896608871528441 0.5811037354974028
0 0.218099 0.155273 0.170573 0.109375 0.0 0.0 0.21579636565011004 0.0 0.14468924774517017 0.0 0.33157013136747976 0.0 0.3009998398824987 0.0 0.6362941481578811 0.0 0.6301760002148811
0 0.281901 0.773438 0.178385 0.082031 0.0 0.08092578544449017 0.05565069691928976 0.0 0.08414848901493012 0.3409655855062579 0.34111738643614914 0.0 0.2953124063125448 0.5835351535544563 0.5459325146473349 0.0 0.6126962442663613
0 0.584635 0.469238 0.171875 0.088867 0.0 0.041015747490877906 0.11997177371627908 0.041397254654611394 0.13011864406977763 0.3314056178522247 0.3384148433233341 0.336509579400698 0.3483217965564845 0.5416324593304678 0.5431870860762364 0.5582828870520732 0.5446919970320648
0 0.860677 0.080078 0.101562 0.113281 0.0 0.0977651170998883 0.03810105733850512 0.13488410325782937 0.0392179553659188 0.33053409239880055 0.3079970688302957 0.33742752415726507 0.31314574475761897 0.5193049030622068 0.5254743336176111 0.5020220876217423 0.5117806546253677
0 0.514323 0.090820 0.153646 0.085938 0.0325948227817381 0.05935464896375185 0.040900260971247625 0.1399235729183813 0.1058208292979765 0.33908163135453206 0.32149065892896866 0.31814809774644043 0.3216041310243471 0.510466533820672 0.6475953222403411 0.5000119629490074 0.6496061311951655
0 0.308594 0.913574 0.145833 0.088867 0.0054421477592005215 0.0 0.2066904727441627 0.0 0.07348278014046836 0.0 0.27416653986865147 0.0 0.2424885165168039 0.0 0.547274115582307 0.0 0.536945044663345
0 0.551432 0.385742 0.123698 0.078125 0.0 0.037185186296173504 0.10571027459590697 0.0432226418301547 0.16306345374719036 0.3209225130167634 0.3559314362255263 0.32542594336537795 0.4021337177302894 0.5473089536586746 0.5374114347381874 0.5572723226188739 0.5499601978298864
0 0.238932 0.304199 0.157552 0.077148 0.0 0.0 0.10623107484443894 0.0 0.2225700153317962 0.0 0.3238686734833476 0.0 0.3142045552256052 0.0 0.5648909995787355 0.0 0.5611407621552527
0 0.538411 0.321289 0.100260 0.048828 0.0 0.0 0.1326964848894005 0.0 0.1591900366166848 0.0 0.27562393777663263 0.0 0.33678050137565685 0.0 0.5446196906274285 0.0 0.5626590373167558
0 0.652995 0.235352 0.108073 0.074219 0.0 0.24815223430558778 0.02113788818028289 0.11989161823544645 0.014183953719120389 0.3643458479723152 0.34118761474734405 0.2891602106126551 0.3507882798644759 0.5093161781824602 0.5157466299770876 0.47295255664595465 0.5270890817211265
0 0.250651 0.430176 0.186198 0.073242 0.0 0.010088473603239079 0.152826136617696 0.023510631360907492 0.12455864227856844 0.3342042442010933 0.3474559939335647 0.32403819641167564 0.3426089064686164 0.5550110544217348 0.51822928548411 0.5756783850657545 0.5625257473451588
0 0.179036 0.627930 0.082031 0.117188 0.0 0.19134347974739757 0.0 0.1430791481715546 0.0 0.3052156162819824 0.0 0.30307004004484084 0.0 0.6749396898733114 0.0 0.6754654951750513 0.0
0 0.477214 0.022949 0.108073 0.043945 0.22967720666876934 0.0 0.0 0.0 0.0 0.0 0.0 0.0 0.0 0.0 0.0 0.0 0.0
0 0.314453 0.843750 0.123698 0.052734 0.0 0.0 0.09465800894356086 0.0 0.09021567968147871 0.0 0.275338096526246 0.0 0.27274495805911186 0.0 0.5465548017989661 0.0 0.5434546703184215
0 0.838542 0.256348 0.093750 0.114258 0.02836957198553576 0.17110867190371704 0.0 0.15013172250647713 0.0 0.3886878406231266 0.0 0.18074107362394737 0.0 0.4999396079431588 0.0 0.5536614403694428 0.0
0 0.190104 0.050781 0.182292 0.093750 0.0 0.0 0.18179047850859997 0.0 0.20452776407819387 0.0 0.27519946029911113 0.0 0.2541965128282106 0.0 0.7109111568736116 0.0 0.5418246836184936
0 0.103516 0.651855 0.084635 0.120117 0.0 0.19261654253858623 0.0 0.16240557937742428 0.0 0.29500932066377167 0.0 0.3007150981807828 0.0 0.682690588543442 0.0 0.6791683561153775 0.0
0 0.242839 0.371094 0.180990 0.054688 0.0 0.0198702655811765 0.17663848620520398 0.020311903350753453 0.11974492226945657 0.3235544188768836 0.34980541272030374 0.3131323271368233 0.3361945321784645 0.564714704175572 0.5437657733638325 0.5586635562618147 0.5340238026991426
0 0.277344 0.500488 0.140625 0.081055 0.0 0.0 0.18646655203947918 0.0 0.12358122254842943 0.0 0.31781770944020993 0.0 0.2880020860489275 0.0 0.5475488568440896 0.0 0.5401497541623488
0 0.953776 0.530273 0.092448 0.056641 0.4095834779352434 0.0 0.0 0.0 0.0 0.0 0.0 0.0 0.0 0.0 0.0 0.0 0.0
0 0.307943 0.977539 0.157552 0.044922 0.0 0.0 0.09503543155397241 0.0 0.09013753493645772 0.0 0.27546788151116874 0.0 0.273276789736261 0.0 0.5527346051780121 0.0 0.5448688230405774
0 0.085938 0.842773 0.083333 0.105469 0.011197981034539584 0.10614378704144282 0.0 0.0764701412849636 0.0 0.2288694934033204 0.0 0.24731331397109077 0.0 0.6690734274456235 0.0 0.7308745926001178 0.0
0 0.174479 0.833496 0.114583 0.090820 0.0 0.1953707561544152 0.0 0.16726215275721856 0.0 0.22449579295240638 0.0 0.22482845644865485 0.0 0.6829985541840188 0.0 0.6849746240378143 0.0
0 0.748698 0.255371 0.083333 0.110352 0.09633923713977281 0.16508163886173893 0.0 0.08324075598328452 0.0 0.37143324732177724 0.0 0.278924183263694 0.0 0.5093715027147373 0.0 0.5187851923697512 0.0
0 0.236328 0.238281 0.157552 0.054688 0.4153465620628348 0.0 0.0 0.0 0.0 0.0 0.0 0.0 0.0 0.0 0.0 0.0 0.0
0 0.660807 0.381348 0.087240 0.083008 0.09565893125865191 0.11106469768389653 0.0 0.0 0.0 0.07438121751322183 0.0 0.0 0.0 0.15851667582772527 0.0 0.0 0.0
0 0.029948 0.666016 0.057292 0.119141 0.0 0.21718525761095422 0.0 0.21580289885649 0.0 0.28828315602346843 0.0 0.28924479404218817 0.0 0.6718313466730296 0.0 0.6788291992775909 0.0
0 0.957031 0.075195 0.085938 0.111328 0.0 0.0479855665423978 0.07761885920756513 0.12385808029756801 0.05246239595909533 0.3189409706426811 0.2894273973320417 0.3110376832762272 0.2896784400052918 0.5204654030510072 0.5254404104495742 0.5044426307726042 0.47554205892914403
0 0.626302 0.639160 0.236979 0.108398 0.10326890964642797 0.0 0.03463627303289897 0.031390909606801645 0.08626869857085867 0.0 0.33354373362403 0.340319210935248 0.3442264583659808 0.0 0.524478282467872 0.5466167721677095 0.5461012927308108
0 0.576823 0.552246 0.153646 0.077148 0.04736631129678903 0.050330734368199105 0.10808352851477337 0.011552846366743188 0.14008537632472876 0.32222370081733703 0.23372995461663307 0.09725407364555151 0.3328653546650153 0.5273507614489436 0.5539707730911435 0.46520364933682573 0.5602349058978182
0 0.917969 0.250000 0.065104 0.095703 0.0 0.2682699674144251 0.0 0.14820658766473932 0.0 0.3492867949806981 0.0 0.23739295138629501 0.0 0.503965483877663 0.0 0.4992085397669973 0.0
0 0.977214 0.252930 0.045573 0.095703 0.0 0.17076044536179136 0.0 0.22797659712051505 0.0 0.2920787935081308 0.0 0.29854477387755124 0.0 0.508039236371631 0.0 0.5407732253946886 0.0
0 0.953776 0.656250 0.092448 0.080078 0.0 0.0 0.12812331961421758 0.0 0.08989912935659354 0.0 0.2401407064922418 0.0 0.1888976929048352 0.0 0.5780699158836129 0.0 0.4611039772887457
