0 0.797852 0.255859 0.128906 0.167969 0.012696106829984571 0.0 0.09624110243790732 0.0 0.15853818029559427 0.0 0.30949291173294996 0.0 0.3041032063963781 0.0 0.7107287784099641 0.0 0.7091647736297505
0 0.756836 0.126953 0.117188 0.140625 0.01790807627751374 0.0 0.09522218251443292 0.0 0.17361530442197465 0.0 0.3098032924918015 0.0 0.29862279199329006 0.0 0.7048463900411708 0.0 0.7103575660034885
0 0.152832 0.094238 0.114258 0.145508 0.0 0.01692211314910072 0.08818293391975421 0.04241281126103491 0.08053150682991081 0.2671260980260734 0.29078138994475494 0.288938657455164 0.29222745464291233 0.7451179863204231 0.7176716401685947 0.7179755178136298 0.7173001733781421
0 0.364258 0.782227 0.125000 0.121094 0.004821190723473358 0.005404297553546035 0.06564001080611613 0.01384401607352033 0.07661607428945565 0.2836011119666411 0.30285448949873517 0.2775976700862667 0.13091223021637738 0.7213977259158489 0.7105845220493034 0.7455320678020276 0.7208462431157376
0 0.554688 0.422852 0.105469 0.146484 0.0 0.0 0.15233399909862907 0.0 0.0958320501571025 0.0 0.0742103224069545 0.0 0.08329509580334513 0.0 0.7060645050890787 0.0 0.7081354143831438
0 0.501465 0.270996 0.124023 0.204102 0.0 0.0 0.1590271763779454 0.0 0.15751955122149275 0.0 0.07807063893671981 0.0 0.07675844567388758 0.0 0.7218134668812907 0.0 0.6897789121107364
0 0.271973 0.425293 0.090820 0.131836 0.0 0.03005937860421081 0.11660861652034281 0.028961579980189733 0.10013337355359654 0.27384323353042583 0.2806278219868436 0.2822751617994086 0.29038856014605813 0.7123378594367809 0.7130631787263534 0.71883794303283 0.7079584104403447
0 0.448242 0.123535 0.119141 0.149414 0.013852150805988468 0.0 0.16263411316665496 0.0 0.12113808235589593 0.0 0.07333188850730596 0.0 0.07059698190836665 0.0 0.7140308268042673 0.0 0.7085205147422446
0 0.197754 0.264160 0.129883 0.147461 0.0 0.02529357782898729 0.05578741411125119 0.026107806199474212 0.062444100659629624 0.28438116760032084 0.2929570307873298 0.29375476259127437 0.2881924333848513 0.7170147365581268 0.7158893097825909 0.705813776893314 0.7073601965431767
0 0.309570 0.563477 0.097656 0.085938 0.02404501360025735 0.045771053677372706 0.10805601682848599 0.0 0.0681032218214007 0.2387372708853749 0.2812727887133058 0.0 0.2802423736524864 0.7114113707325198 0.7134397308498458 0.0 0.7138601000989859
0 0.848145 0.384766 0.116211 0.130859 0.04723485193902002 0.0 0.17132461853910855 0.0 0.12891540121318662 0.0 0.285637530213489 0.0 0.3077292244797607 0.0 0.711006456985281 0.0 0.7122556619021537
0 0.050293 0.268555 0.098633 0.111328 0.0 0.019302998855229882 0.06832715008105966 0.0 0.08640679307699808 0.2606613175185706 0.34303983064917654 0.0 0.31733329920169195 0.7629277383613555 0.7733473430678091 0.0 0.7633698516793277
0 0.252441 0.806641 0.106445 0.093750 0.0 0.06040913056203918 0.07901546193825816 0.0910957672606435 0.023313041330330336 0.2637377838373074 0.15315820057156843 0.13353646967174998 0.19595321512906713 0.7128338070615147 0.7187883973253759 0.8127649087713276 0.7084207383561638
0 0.599609 0.557617 0.109375 0.166016 0.4054127691876462 0.0 0.0 0.0 0.0 0.0 0.0 0.0 0.0 0.0 0.0 0.0 0.0
0 0.177246 0.558105 0.081055 0.094727 0.034254292245466264 0.06601816025331765 0.11320626196203158 0.0 0.09955085686917564 0.28413711878391845 0.2965496081525558 0.0 0.2929028225055884 0.7759866468193419 0.7528496912622034 0.0 0.7697461230560587
0 0.884766 0.485352 0.121094 0.130859 0.022180346012648715 0.0 0.09452129743106026 0.054756649588881184 0.12103388453265274 0.0 0.27965160993424315 0.2867951194017946 0.27757233378549473 0.0 0.7182383561422291 0.7120287756672629 0.7080684523769728
0 0.163574 0.836426 0.118164 0.084961 0.0 0.11296694853140972 0.0 0.1631037741990225 0.0 0.3136102956962777 0.0 0.1945857404379518 0.0 0.7164507716819902 0.0 0.697550392132094 0.0
0 0.060059 0.860840 0.098633 0.075195 0.0 0.14753028404938656 0.027714903027996094 0.09118534128886038 0.022796944673176806 0.2779442546723474 0.18256729132878186 0.2579940582094335 0.26258297151704607 0.7086601820236829 0.6874825265738493 0.7106885080161853 0.6807275086933748
0 0.327148 0.632812 0.103516 0.070312 0.0 0.0 0.06380865295151802 0.09731945265202667 0.08570169027950496 0.0 0.29855784815256375 0.28372409074214533 0.2856786412794448 0.0 0.720755698251828 0.7064090351382819 0.7107838821261385
0 0.715820 0.039062 0.123047 0.076172 0.0 0.0 0.11556857092294476 0.009523008946797291 0.11924491510110097 0.0 0.2618876114160458 0.310293670839141 0.3064410297896232 0.0 0.7044832559595552 0.7379161792044909 0.7177668656524462
0 0.407715 0.041992 0.133789 0.082031 0.06552107070640974 0.01316087080333759 0.0 0.0 0.12366200835126302 0.12351003342077711 0.0 0.0 0.0669325276218186 0.09148110119971811 0.0 0.0 0.7139820301603698
0 0.133301 0.456055 0.108398 0.113281 0.0 0.0 0.11022841945089586 0.032025852464430994 0.0949526841165706 0.0 0.2821459462881363 0.31297408794540044 0.28864066325232124 0.0 0.8167468917758721 0.7745105872846314 0.762824964009728
0 0.700684 0.849121 0.141602 0.182617 0.3659139077178825 0.0 0.0 0.0 0.0 0.0 0.0 0.0 0.0 0.0 0.0 0.0 0.0
0 0.226562 0.642578 0.103516 0.097656 0.0 0.03581402273342634 0.06603178693303008 0.036084554597850434 0.07127407299551229 0.21213954372809926 0.2147856606831629 0.2089292653350433 0.2799438538556248 0.7612874725975483 0.7558970254868331 0.8739353977915613 0.7657668548456094
0 0.077148 0.664062 0.080078 0.054688 0.0 0.0 0.17296460428301433 0.0 0.17019859237114554 0.0 0.2860069868129399 0.0 0.16293137722318363 0.0 0.7690060897690628 0.0 0.7518376706162485
0 0.061523 0.609863 0.076172 0.071289 0.0 0.06714356691607337 0.11867866500851892 0.0 0.09178744694456346 0.271824182542751 0.27962234306919714 0.0 0.27967721609253676 0.7719321706370315 0.7720009379926366 0.0 0.7749971724899647
0 0.437012 0.907715 0.079102 0.081055 0.0 0.03159996968695823 0.15754868976293804 0.0 0.10802205848384941 0.29724150780680136 0.2769948603049035 0.0 0.2967720358951218 0.711199191011149 0.7126643715698154 0.0 0.7087655870182585
0 0.030273 0.507324 0.058594 0.098633 0.0 0.0 0.18293517416202004 0.036334951189282386 0.03775738867902327 0.0 0.2767550203190111 0.2907198680183872 0.2936199422902208 0.0 0.7773002730694247 0.7618811121633333 0.7624451061792599
0 0.140625 0.959473 0.119141 0.081055 0.06991177808136464 0.08979163415480268 0.03515970451088142 0.045119493047392864 0.05602067263149372 0.2854131826745304 0.2415842866848778 0.2807336345291625 0.2949320060838638 0.05457096601875157 0.05218361792801021 0.054840951088058885 0.056226007026893315
0 0.105957 0.709473 0.069336 0.063477 0.0 0.0 0.07128233181207007 0.06000379338974228 0.12364897033019176 0.0 0.2989751734322725 0.2832633791537933 0.2840364475513519 0.0 0.7687931965671831 0.7709581300063172 0.8131193421054553
0 0.098633 0.379883 0.087891 0.060547 0.07015686986531118 0.0 0.12965495338132796 0.0 0.06267607525334201 0.0 0.2867451793575603 0.0 0.3034251875384406 0.0 0.7846968746491084 0.0 0.7719633542426265
0 0.080566 0.338867 0.081055 0.064453 0.05336824065621758 0.0 0.07264045101819547 0.0 0.16484302190180833 0.0 0.34033491626985046 0.0 0.32864100674893704 0.0 0.7220846232921785 0.0 0.7184148229317079
0 0.828613 0.702148 0.155273 0.078125 0.23333699079901382 0.0 0.0 0.0 0.0 0.0 0.0 0.0 0.0 0.0 0.0 0.0 0.0
0 0.019531 0.149414 0.037109 0.119141 0.0 0.0 0.11606655268768944 0.04001947470909657 0.0 0.0 0.25727685226974484 0.27219906618965073 0.0 0.0 0.7690190861012335 0.7492120978358401 0.0
0 0.966797 0.770508 0.066406 0.244141 0.14040245084464328 0.0 0.0 0.0 0.0 0.0 0.0 0.0 0.0 0.0 0.0 0.0 0.0
0 0.449219 0.969727 0.095703 0.060547 0.0 0.0 0.1033264131660287 0.05006695120126101 0.09432156606184643 0.0 0.2833267602130872 0.28901940345123184 0.2933607969706185 0.0 0.7204554545195628 0.719081021876292 0.718841633863843
0 0.744629 0.948242 0.145508 0.103516 0.3745017012628309 0.0 0.0 0.0 0.0 0.0 0.0 0.0 0.0 0.0 0.0 0.0 0.0
