0 0.420898 0.402995 0.083984 0.097656 0.0 0.08609780556957881 0.07606953216113664 0.15877262462153002 0.0 0.17195015900221736 0.17327244919724322 0.15434493999130336 0.0 0.03193737134482101 0.9740039724232404 0.04038189596108673 0.0
0 0.197266 0.562500 0.085938 0.130208 0.0 0.19350418006238573 0.0 0.17229218440529132 0.0 0.06687211672226828 0.0 0.07271256881517146 0.0 0.10035784271803902 0.0 0.12294309770045907 0.0
0 0.116211 0.514974 0.089844 0.115885 0.0 0.23281628088295434 0.0 0.20229008903981302 0.0 0.06822184169955534 0.0 0.0750662080670155 0.0 0.06879227525080658 0.0 0.07105475770379839 0.0
0 0.481934 0.468750 0.081055 0.109375 0.0 0.18108165201279008 0.0 0.1903669739931504 0.0 0.16286926541486638 0.0 0.14948522095130373 0.0 0.016594408634994506 0.0 0.011459535811658523 0.0
0 0.541992 0.534505 0.072266 0.100260 0.0 0.18008356579409424 0.0 0.0 0.1525311952481087 0.17928630598382173 0.0 0.0 0.15575700318106997 0.024529993244446758 0.0 0.0 0.9899259225243684
0 0.878418 0.504557 0.086914 0.141927 0.004182535248702987 0.0 0.09628261736556343 0.11817510910612093 0.057099096909821984 0.0 0.08632255675310745 0.07946541087265115 0.07618300863865479 0.0 0.15870140461723914 0.12298678265434686 0.17368017895863344
0 0.408691 0.822917 0.106445 0.153646 0.0 0.0 0.1763948645733965 0.0 0.16994728285070715 0.0 0.09989365118270094 0.0 0.14586768642994988 0.0 0.981765306104603 0.0 0.9914962589055452
0 0.625488 0.649089 0.067383 0.087240 0.0 0.19712085888403663 0.0 0.15115913975890302 0.0 0.191993597095311 0.0 0.16695735064191256 0.0 0.009035064038851221 0.0 0.012360817218137123 0.0
0 0.582031 0.601562 0.078125 0.096354 0.0 0.15929969603042704 0.0 0.2391135009202054 0.0 0.15825230339154295 0.0 0.1629291287830095 0.0 0.012396503693377605 0.0 0.018881219363794343 0.0
0 0.052734 0.454427 0.078125 0.104167 0.0 0.23398452091880648 0.0 0.2325636371571091 0.0 0.06897092454613346 0.0 0.07063402833371255 0.0 0.09673917055027086 0.0 0.10813585470779749 0.0
0 0.939453 0.958984 0.089844 0.082031 0.0 0.0 0.2123818083439301 0.0 0.18136618947920655 0.0 0.1824142994462067 0.0 0.182827627656289 0.0 0.027296305867253068 0.0 0.025444279837883717
0 0.913574 0.402995 0.086914 0.141927 0.07704441615346502 0.1547386879161087 0.07623745460398342 0.0 0.019800137223756512 0.08310949398804546 0.09905509915711108 0.0 0.0846835010494797 0.09110571362422615 0.13642064452574043 0.0 0.14429640158527535
0 0.823730 0.389323 0.081055 0.117188 0.0 0.177990106335303 0.0 0.2384037065146112 0.0 0.07795795544535083 0.0 0.0763100423694531 0.0 0.15646336918123782 0.0 0.1564600502135641 0.0
0 0.770996 0.378906 0.086914 0.138021 0.0 0.17785034737915367 0.05612583764547441 0.13654679936692038 0.056454146041999206 0.07903226032963433 0.10684459985667917 0.08583162713290711 0.11102291612136717 0.16718221271871123 0.14616451650468953 0.18722521678948728 0.1786492174708084
0 0.719727 0.302083 0.089844 0.117188 0.0 0.2700921317094949 0.0 0.17753493611644766 0.0 0.07924281522038044 0.0 0.0751400368436474 0.0 0.17689815681305435 0.0 0.13252570132400543 0.0
0 0.652344 0.223958 0.109375 0.143229 0.0 0.08978567209458652 0.0558795968928572 0.15239354935047708 0.12599211554116735 0.08212722823934206 0.09123999410120537 0.08169418892165989 0.08512635082952003 0.15546173119033746 0.2501832128676016 0.1536930646898011 0.19048498815830187
0 0.722168 0.087891 0.086914 0.173177 0.4219890573576697 0.0 0.0 0.0 0.0 0.0 0.0 0.0 0.0 0.0 0.0 0.0 0.0
0 0.963867 0.057943 0.072266 0.113281 0.25445402979771714 0.0 0.0 0.0 0.0 0.0 0.0 0.0 0.0 0.0 0.0 0.0 0.0
0 0.974121 0.891927 0.051758 0.140625 0.0 0.0 0.07611562178301126 0.0 0.15780536162868092 0.0 0.18050618141193187 0.0 0.18061114444059928 0.0 0.04104471775658062 0.0 0.03968560837321329
0 0.408691 0.683594 0.124023 0.169271 0.0 0.12920790220217832 0.0 0.13774293466223617 0.0 0.14557737608277854 0.0 0.10366778954571403 0.0 0.9930769240530825 0.0 0.993978187749986 0.0
0 0.030273 0.923828 0.058594 0.128906 0.0 0.15799164527418966 0.0 0.15911164548158876 0.0 0.2369464770078693 0.0 0.23289316022206263 0.0 0.09987730096443323 0.0 0.11190627091162608 0.0
0 0.477051 0.945964 0.112305 0.108073 0.0 0.0 0.20404601244731982 0.0 0.12777457656954605 0.0 0.10363642149646558 0.0 0.14697919307048976 0.0 0.9885897275593166 0.0 0.9922703470114799
0 0.667480 0.705078 0.067383 0.087240 0.0 0.15264446323439387 0.0 0.15538714822629118 0.009333689461164047 0.1685354454327661 0.0 0.16526719898667305 0.15263081508871915 0.01603870206828696 0.0 0.01222459336443201 0.9963582911207232
0 0.714355 0.750651 0.067383 0.087240 0.0 0.20570121807538497 0.04333987279565184 0.2080175432602532 0.0 0.1878711278755027 0.16998163776256242 0.16742389731943885 0.0 0.03395417442474419 0.9915006782925853 0.0021244886000295715 0.0
0 0.772949 0.828776 0.081055 0.102865 0.0 0.1264046883238705 0.015639668035193573 0.1586102786019171 0.0 0.17496905245038968 0.15661897853652929 0.1696394668347919 0.0 0.016047800982685153 0.9924781941511089 0.021847891505848135 0.0
0 0.291992 0.399089 0.083984 0.097656 0.38870495260801285 0.0 0.0 0.0 0.0 0.0 0.0 0.0 0.0 0.0 0.0 0.0 0.0
0 0.212891 0.363932 0.083984 0.097656 0.28162952577810263 0.0 0.0 0.0 0.0 0.0 0.0 0.0 0.0 0.0 0.0 0.0 0.0
0 0.279297 0.283203 0.091797 0.131510 0.2991115207425338 0.0 0.0 0.0 0.0 0.0 0.0 0.0 0.0 0.0 0.0 0.0 0.0
0 0.317383 0.186198 0.083984 0.117188 0.5225180699312453 0.0 0.0 0.0 0.0 0.0 0.0 0.0 0.0 0.0 0.0 0.0 0.0
0 0.371094 0.240234 0.070312 0.105469 0.29723721974089296 0.0 0.0 0.0 0.0 0.0 0.0 0.0 0.0 0.0 0.0 0.0 0.0
0 0.227051 0.087240 0.125977 0.164062 0.3276167526524324 0.0 0.0 0.0 0.0 0.0 0.0 0.0 0.0 0.0 0.0 0.0 0.0
0 0.037598 0.061198 0.073242 0.119792 0.4620110178068982 0.0 0.0 0.0 0.0 0.0 0.0 0.0 0.0 0.0 0.0 0.0 0.0
0 0.127930 0.022135 0.089844 0.041667 0.1722862298525592 0.0 0.07081701872973059 0.0 0.0 0.0 0.11371738118189273 0.0 0.0 0.0 0.41069216204106646 0.0 0.0
