0 0.414551 0.573730 0.116211 0.129883 0.0 0.13728968920465257 0.15881492396028124 0.0382753123358021 0.07513320604678747 0.3098525434131876 0.33611676056976364 0.29831873789335955 0.2736523692804402 0.4888628731488939 0.4618543065489613 0.5166690488418807 0.5488516541221612
0 0.324219 0.553223 0.064453 0.092773 0.0 0.23265440212545482 0.0 0.2129932619763493 0.0 0.2872041834237585 0.0 0.29254694900304323 0.0 0.5155422750658807 0.0 0.5141187320967889 0.0
0 0.575684 0.556641 0.124023 0.113281 0.31877767620979314 0.0 0.0 0.0 0.0 0.0 0.0 0.0 0.0 0.0 0.0 0.0 0.0
0 0.109863 0.559082 0.112305 0.094727 0.24222770678082853 0.11408358954545027 0.0 0.03147617801792231 0.029345333078113642 0.21054137235198225 0.0 0.28499889244676324 0.26358917062842824 0.796349094933759 0.0 0.550542689011642 0.004719512730304763
0 0.702148 0.657715 0.099609 0.075195 0.0 0.0 0.1819022266084417 0.0 0.11997113053155636 0.0 0.2915208576092569 0.0 0.3232679802318698 0.0 0.44310428705444765 0.0 0.4490717366917503
0 0.678223 0.884766 0.096680 0.056641 0.0 0.0 0.16379672798560982 0.0 0.1961412803750624 0.0 0.2550168034407643 0.0 0.26952139212305254 0.0 0.4719431362833051 0.0 0.44598676791662795
0 0.198730 0.550781 0.065430 0.091797 0.0 0.23042212149414384 0.0 0.17742415068062617 0.0 0.27724708221097 0.0 0.30421898934127506 0.0 0.5113704714118277 0.0 0.5220328722880828 0.0
0 0.865723 0.705078 0.100586 0.058594 0.0 0.0 0.16647535313719458 0.0 0.1666523082401948 0.0 0.28042391657429977 0.0 0.2602501898459668 0.0 0.45246218219748724 0.0 0.4583304375666567
0 0.542480 0.811035 0.096680 0.077148 0.0 0.0 0.19059330329931132 0.0 0.2184926882093253 0.0 0.29578776006513147 0.0 0.2982014275523641 0.0 0.449186181569016 0.0 0.45061824330182293
0 0.867188 0.641602 0.093750 0.064453 0.0 0.0 0.18419048573235558 0.0 0.18301854555431055 0.0 0.2751882810444319 0.0 0.286637340494881 0.0 0.4318793820173443 0.0 0.45955577350375704
0 0.105469 0.786621 0.115234 0.057617 0.07058430834978795 0.0 0.11134905174358956 0.0 0.1343311784026432 0.0 0.20248441051420576 0.0 0.3834894816234467 0.0 0.45961006528445725 0.0 0.4686406840097817
0 0.549805 0.692383 0.083984 0.052734 0.0 0.0 0.15330314001820414 0.0 0.26380300886023533 0.0 0.2825318036999769 0.0 0.29901944169450767 0.0 0.43527371909128904 0.0 0.4501717007120855
0 0.858398 0.763184 0.093750 0.061523 0.0 0.0 0.17033339836757105 0.0 0.1665184852280946 0.0 0.31494135720797584 0.0 0.2952984971640135 0.0 0.449873649595352 0.0 0.45083574688139233
0 0.261719 0.555664 0.062500 0.089844 0.0 0.22389589618005834 0.0 0.21009239540353428 0.0 0.2850798796061837 0.0 0.27823611345804217 0.0 0.5118248307736151 0.0 0.5097303355550555 0.0
0 0.554199 0.637207 0.079102 0.053711 0.0 0.0 0.17654844723518043 0.1212685402241651 0.1630927540246344 0.0 0.2933177007038562 0.27440167863248044 0.3097560686786925 0.0 0.41989718255676584 0.3894654271233422 0.47969693889225357
0 0.549316 0.746094 0.084961 0.052734 0.0 0.0 0.2540096448684055 0.0 0.20677133562342048 0.0 0.278732440617921 0.0 0.2984539783356071 0.0 0.4441227014620053 0.0 0.4587422220826176
0 0.892578 0.549316 0.136719 0.116211 0.08807348601870033 0.04785352477886069 0.0493471357119314 0.03396958981717871 0.06519015136364818 0.31802407241342434 0.30726640298416014 0.3021087854285262 0.2190725657388547 0.5217794520339549 0.5458075804450191 0.5246904230031437 0.43030857240661013
0 0.532715 0.931641 0.084961 0.054688 0.0 0.0 0.18138919423033484 0.0 0.15047748323477028 0.0 0.18052436150026238 0.0 0.25407584571963726 0.0 0.47688304925617586 0.0 0.42111425459907253
0 0.725586 0.520508 0.078125 0.058594 0.021408506929136182 0.15461341639038167 0.12335018271021343 0.0 0.0 0.2994566842351662 0.2728480604099662 0.0 0.0 0.5151317048057722 0.44863315443284363 0.0 0.0
0 0.663574 0.533691 0.043945 0.073242 0.29662046039300827 0.0 0.0 0.0 0.0 0.0 0.0 0.0 0.0 0.0 0.0 0.0 0.0
0 0.529785 0.877930 0.073242 0.052734 0.09324475997401253 0.0 0.13540938455981794 0.0 0.2098625890154114 0.0 0.3248142261621163 0.0 0.30796778125235513 0.0 0.4716494349659045 0.0 0.45187530167306833
0 0.688477 0.764160 0.101562 0.053711 0.0 0.0 0.120859007192024 0.0 0.121785449264517 0.0 0.2287908538645507 0.0 0.24741737475482037 0.0 0.43853687315184336 0.0 0.45729695405424275
0 0.684570 0.825684 0.101562 0.069336 0.09700241394517052 0.0 0.16488779468062936 0.0 0.10959489881480716 0.0 0.2562020961229847 0.0 0.22762613823040007 0.0 0.4480103726275663 0.0 0.4162480272374869
0 0.757812 0.143066 0.115234 0.071289 0.0 0.0 0.22067911623477196 0.0 0.09037966393827372 0.0 0.19868842177477622 0.0 0.26589641228835664 0.0 0.9011188340625575 0.0 0.8964010482539335
0 0.104004 0.637695 0.108398 0.054688 0.0 0.0 0.15248860567160233 0.0 0.1860259240284767 0.0 0.26711017036722257 0.0 0.2634434118034472 0.0 0.467385362908123 0.0 0.4695404475964447
0 0.676270 0.937012 0.096680 0.051758 0.0 0.0 0.20729593927753048 0.0 0.18322954607275982 0.0 0.26283502712673035 0.0 0.29541102510871386 0.0 0.45254007955633396 0.0 0.4491180301961249
0 0.719727 0.586426 0.083984 0.067383 0.0 0.06716756378615435 0.1343332963176934 0.0 0.13642340222803787 0.3507784229002182 0.3349190267371695 0.0 0.3308720165611369 0.5140318925674185 0.4465883855228185 0.0 0.45718493895185475
0 0.696777 0.716797 0.092773 0.048828 0.0 0.0 0.05617336931513418 0.0 0.03604016336326246 0.0 0.29216720391582174 0.0 0.3709570945227871 0.0 0.4950503569720537 0.0 0.16869687294019212
0 0.107910 0.685547 0.114258 0.048828 0.12408872548012356 0.0 0.12902271276882324 0.0 0.13591402991172916 0.0 0.30613735314307655 0.0 0.3791783348885776 0.0 0.4507807154676916 0.0 0.5086837693673926
0 0.397949 0.732910 0.118164 0.094727 0.011162857554167818 0.0 0.19673646416402835 0.0 0.16095545600811056 0.0 0.18278790184441746 0.0 0.2889820141401524 0.0 0.4476240628591409 0.0 0.459743679596923
0 0.533203 0.979004 0.101562 0.041992 0.0 0.0 0.18776803873090123 0.0 0.18665573553022372 0.0 0.29757062316825766 0.0 0.27742386628446936 0.0 0.44340284695535515 0.0 0.4804074303479164
0 0.407715 0.659668 0.112305 0.049805 0.0 0.01230279515277822 0.17100867246779308 0.02984596141413038 0.036986001303174594 0.3017288102927514 0.31444041540679646 0.3501878257025747 0.3226145319967606 0.37034307805011857 0.4187479162543921 0.4456453202857379 0.4499572792566672
0 0.107910 0.732910 0.116211 0.053711 0.0738923686272856 0.0 0.14877993994702465 0.0 0.10167969480288652 0.0 0.25125012555604376 0.0 0.3815135766327545 0.0 0.46535330664208663 0.0 0.4656549136320393
0 0.670898 0.981445 0.095703 0.037109 0.0 0.0 0.20225832130273153 0.0 0.2057758120111943 0.0 0.27627811142163733 0.0 0.30640693313282324 0.0 0.4484482223178784 0.0 0.4468494966997914
0 0.844727 0.874023 0.083984 0.074219 0.0 0.0 0.20961332011309247 0.0 0.16427542775867082 0.0 0.31024667498156905 0.0 0.29560096893912063 0.0 0.4604585194465743 0.0 0.4357325290246971
0 0.854492 0.815918 0.089844 0.041992 0.0 0.0 0.15794704628016012 0.0 0.1626260264670629 0.0 0.28121394619739853 0.0 0.25504229696261543 0.0 0.45639637590260174 0.0 0.4417095516763845
0 0.096191 0.935059 0.112305 0.057617 0.0927827326681341 0.0 0.11167210234496167 0.0 0.07979170236927186 0.0 0.3078270600585071 0.0 0.4520720069346508 0.0 0.4370161396131208 0.0 0.44478495818666897
0 0.102051 0.838379 0.114258 0.053711 0.26859336338784306 0.0 0.0 0.039673079176877124 0.0 0.0 0.0 0.09241495644816669 0.0 0.0 0.0 0.5223550930817675 0.0
0 0.730469 0.097168 0.125000 0.075195 0.0 0.0 0.1900243284792367 0.0 0.17606447032002168 0.0 0.22323341525072318 0.0 0.2276252563930222 0.0 0.95871440423869 0.0 0.9348964544194097
0 0.882812 0.390625 0.156250 0.072266 0.3444116055415976 0.0 0.0 0.0 0.0 0.0 0.0 0.0 0.0 0.0 0.0 0.0 0.0
0 0.796387 0.199707 0.120117 0.073242 0.022960713913910996 0.0 0.16541136235416867 0.0 0.12228436724830792 0.0 0.20527469508608007 0.0 0.19776507180521072 0.0 0.8109759895352372 0.0 0.8244825001546332
0 0.687500 0.047363 0.105469 0.084961 0.0 0.0 0.17851755589227497 0.0 0.09938259507036169 0.0 0.2193035303266823 0.0 0.22220394108017236 0.0 0.9681188328623975 0.0 0.9882066880192854
0 0.098633 0.889160 0.111328 0.049805 0.2140771093071574 0.0 0.0 0.010235131807011305 0.09145129222095931 0.0 0.0 0.07658909462341469 0.07029772485788695 0.0 0.0 0.3880813272335344 0.4789207258385769
0 0.846191 0.315918 0.127930 0.092773 0.01728485638159398 0.0 0.13887686610350483 0.0 0.09990987868204294 0.0 0.23997681584023814 0.0 0.2715410960271791 0.0 0.6778101628809604 0.0 0.701093007850611
0 0.086426 0.981445 0.098633 0.037109 0.0 0.0 0.2093246768535213 0.0 0.10603420299333913 0.0 0.25411275452307636 0.0 0.40699954993330173 0.0 0.47024784301421885 0.0 0.47414642360873815
0 0.819824 0.248535 0.110352 0.069336 0.0 0.0 0.20622134637351955 0.0 0.19661839064383693 0.0 0.2147253829885147 0.0 0.19937843486874435 0.0 0.7423248095500543 0.0 0.7685974370196441
0 0.842285 0.957031 0.104492 0.083984 0.0 0.0 0.13607592739569613 0.0 0.13860346446170294 0.0 0.22301979173812608 0.0 0.24905718451444306 0.0 0.4557069489400665 0.0 0.44979528139782715
0 0.383789 0.942871 0.113281 0.059570 0.0 0.0 0.1983725050766566 0.0 0.0943058219479683 0.0 0.2662938690980644 0.0 0.26990065376370725 0.0 0.4556049988803301 0.0 0.4766368623621064
0 0.389160 0.879883 0.110352 0.066406 0.0 0.0 0.19456400022941034 0.0 0.22150191980341086 0.0 0.25239355607169456 0.0 0.2566957861056833 0.0 0.45783636950711754 0.0 0.43068577813796544
0 0.247070 0.119629 0.236328 0.217773 0.0 0.09115149599805565 0.048078602191793836 0.08355887494017651 0.04942869958440681 0.3636929410676855 0.4146383806139274 0.34915050207621967 0.4143324994539971 0.12796227391530085 0.12977193400947223 0.1288875321270006 0.1337552589037517
0 0.394043 0.813477 0.114258 0.066406 0.0 0.0 0.20323674516380813 0.0 0.20295152590921609 0.0 0.2787594680827687 0.0 0.2844205779514234 0.0 0.43083729576422597 0.0 0.45632372798850696
0 0.640137 0.024902 0.118164 0.047852 0.0 0.1109966309720235 0.0 0.05027687975945592 0.0 0.16427389250800145 0.0 0.17426900914210947 0.0 0.023832176741685706 0.0 0.03963907494335249 0.0
0 0.985352 0.620605 0.029297 0.071289 0.0 0.0 0.0 0.0 0.36287240292011735 0.0 0.0 0.0 0.27335865005897997 0.0 0.0 0.0 0.45303203215450544
0 0.973145 0.965820 0.053711 0.068359 0.0 0.0 0.12859696591545763 0.0 0.24180605097977173 0.0 0.273352178643266 0.0 0.27204052777594384 0.0 0.45362395942981126 0.0 0.4518156513543169
0 0.992676 0.547363 0.014648 0.079102 0.0 0.0 0.0 0.0 0.41790230104353693 0.0 0.0 0.0 0.27064775946946007 0.0 0.0 0.0 0.44763329885254566
0 0.985352 0.690918 0.029297 0.071289 0.0 0.0 0.0 0.0 0.5109792714595341 0.0 0.0 0.0 0.27191652914061565 0.0 0.0 0.0 0.4549774218121065
0 0.979004 0.829102 0.041992 0.201172 0.0 0.0 0.0 0.0 0.3479839988579665 0.0 0.0 0.0 0.2666718557328107 0.0 0.0 0.0 0.4535225915188938
