0 0.786621 0.236816 0.104492 0.084961 0.0 0.11670332870616044 0.06568001970135477 0.09436516036979004 0.06894130461997003 0.35727263644657253 0.3442204135127574 0.368493959435822 0.33757850725988836 0.4398215836712669 0.4506152753299811 0.43825126752601085 0.43548740112448425
0 0.593750 0.214355 0.078125 0.092773 0.0 0.2353572959778291 0.0 0.22646952835884818 0.0 0.38074038104731434 0.0 0.38357695392873276 0.0 0.4463028260656829 0.0 0.44372199182791316 0.0
0 0.781250 0.362793 0.095703 0.077148 0.0 0.0 0.12764412376850173 0.13661894452789083 0.14928016695591842 0.0 0.30908907707294325 0.30647533672378185 0.31287528180159835 0.0 0.4543350437838399 0.6074809747227967 0.4505884940334378
0 0.374512 0.201172 0.081055 0.097656 0.0 0.20921386414132986 0.0 0.2134673886618553 0.0 0.37548420583368325 0.0 0.2829348091601354 0.0 0.47305834664641994 0.0 0.4342932689951631 0.0
0 0.512695 0.208008 0.082031 0.083984 0.0 0.20140181706765822 0.0 0.222845934828353 0.0 0.31477403748781024 0.0 0.32939735206654397 0.0 0.44331036840831867 0.0 0.44830576133021444 0.0
0 0.336914 0.658203 0.105469 0.128906 0.29990895039352 0.0 0.010851398112626963 0.007514826199075078 0.006326520180661341 0.0 0.3402930779728988 0.33883106818032055 0.3872125796814911 0.0 0.8966506760895167 0.5233689331807277 0.4686684601124063
0 0.428711 0.926758 0.111328 0.083984 0.27935729723067493 0.0 0.05321367647225199 0.0 0.064054170132347 0.0 0.38046728449869305 0.0 0.34045853708401436 0.0 0.4338170891125041 0.0 0.45799955284686483
0 0.512695 0.062988 0.091797 0.096680 0.0 0.21390348582387 0.0 0.14068919382455425 0.0 0.22575785272134777 0.0 0.38706010592546714 0.0 0.4496787608994478 0.0 0.45100599820828347 0.0
0 0.916504 0.779785 0.139648 0.077148 0.0 0.10233505057407205 0.11107115728766873 0.04585923013956782 0.09819970490329402 0.35444211241463075 0.3691664242428 0.3639045533153101 0.3695641969872664 0.45035373537142664 0.44191951580668826 0.4422662803931164 0.42067693708711373
0 0.592773 0.490234 0.064453 0.087891 0.0 0.19332304894540192 0.0 0.22211885679495932 0.0 0.30668435874533645 0.0 0.3167665875286133 0.0 0.44910176169656324 0.0 0.44384883522380836 0.0
0 0.301758 0.051270 0.082031 0.094727 0.0 0.1635577393041867 0.0 0.17720390809141118 0.0 0.2998750259159445 0.0 0.26963293705474606 0.0 0.4410225586003275 0.0 0.4444455660842954 0.0
0 0.191406 0.675781 0.091797 0.066406 0.03000057455247666 0.09336905364699251 0.08362944890199378 0.0 0.11559590414829837 0.3231455959756038 0.32365678483269694 0.0 0.30654473018847817 0.4396796675185123 0.4505344087361209 0.0 0.4269283911830182
0 0.646484 0.351562 0.054688 0.087891 0.0 0.21143583518884967 0.0 0.18000072372997353 0.0 0.2798938439292499 0.0 0.2939324489418371 0.0 0.45075618529552186 0.0 0.4442483253992634 0.0
0 0.615723 0.769043 0.104492 0.110352 0.0 0.11010178973209385 0.039945961610050776 0.013786724158669338 0.10033955616679757 0.24533489605280195 0.4144620279728006 0.3704019692566075 0.3378015683039558 0.4467597657211567 0.9648870845736692 0.4352225339750545 0.9741204094390143
0 0.512207 0.336426 0.063477 0.092773 0.0 0.1905268933488981 0.0 0.19878850521071645 0.0 0.27141899367694805 0.0 0.26905318211565077 0.0 0.4434588870772711 0.0 0.44736516839051255 0.0
0 0.580078 0.343262 0.074219 0.088867 0.0 0.20709664060024768 0.0 0.18137993526927762 0.0 0.32521218601888513 0.0 0.34875662302379096 0.0 0.446713548107773 0.0 0.4437916893077525 0.0
0 0.892578 0.890137 0.103516 0.051758 0.0 0.0 0.2217876942012866 0.0 0.20143577471485158 0.0 0.2785482843268334 0.0 0.2792534957042626 0.0 0.4482414146248219 0.0 0.4485285089797622
0 0.126465 0.187988 0.147461 0.098633 0.0 0.12576054921546664 0.02963744807973929 0.08960795490932533 0.11273299813759556 0.29893500815096563 0.48517608731749445 0.3038538524792566 0.29866344702808084 0.44670808395643696 0.9702908539174492 0.5728011503783943 0.9713221568270509
0 0.710938 0.500977 0.064453 0.085938 0.0 0.20891979524390827 0.0 0.24644509849174895 0.0 0.34782258498150104 0.0 0.3434916766613255 0.0 0.43938892913284205 0.0 0.4443055472063103 0.0
0 0.658203 0.228516 0.052734 0.091797 0.0 0.11999644201608792 0.0 0.17880290271315005 0.0 0.3837519904472141 0.0 0.2318748326321894 0.0 0.45497071557738294 0.0 0.4314198641001452 0.0
0 0.725586 0.885254 0.121094 0.118164 0.3066223079847347 0.0 0.00982626226663724 0.006122505897711856 0.006976960645753338 0.0 0.22148662270331249 0.16454883804402273 0.26946937875918925 0.0 0.7160725411019134 0.7958046886050264 0.6678665660502039
0 0.921875 0.530273 0.101562 0.050781 0.0 0.0 0.21991965276204517 0.0 0.20947872530662198 0.0 0.3144748491228592 0.0 0.31820605609789304 0.0 0.446909228915893 0.0 0.4311241245006986
0 0.931641 0.432617 0.105469 0.060547 0.0 0.0 0.19630263207375104 0.0 0.16362217512376356 0.0 0.24676627326304074 0.0 0.22248282245400197 0.0 0.47719835023533 0.0 0.404759442522468
0 0.763184 0.776367 0.057617 0.101562 0.0 0.08585863898845943 0.11931610365497275 0.02681333085144694 0.1156483787898162 0.2617054056583194 0.19839248633747109 0.3580207874161401 0.257759791269671 0.42839508176843527 0.4741546969899054 0.4388678059350904 0.46444679607741235
0 0.696777 0.089844 0.055664 0.083984 0.0 0.19375490434616519 0.0 0.1728663811347475 0.0 0.2923813590811483 0.0 0.2971773492351433 0.0 0.4482278769377555 0.0 0.44677344633541716 0.0
0 0.186523 0.737793 0.089844 0.063477 0.0 0.0 0.22423548581742178 0.0 0.2233432978369946 0.0 0.29668270354039256 0.0 0.2963731404659196 0.0 0.4525201059961988 0.0 0.4457026320471556
0 0.652344 0.495117 0.054688 0.087891 0.0 0.22179511444189048 0.0 0.21599720675325026 0.0 0.3011736417933824 0.0 0.31243235217964244 0.0 0.4425917566166425 0.0 0.43862465120063804 0.0
0 0.777832 0.501465 0.067383 0.071289 0.0 0.10484511567500304 0.10177090180813832 0.10667343881732523 0.03277372853723917 0.34355644565549975 0.3383900906887125 0.3156579978566879 0.3356981900183596 0.4467827606913624 0.5809726030854395 0.4621590104838402 0.44418253550187375
0 0.769531 0.626953 0.078125 0.078125 0.0 0.06311377822687975 0.08520755422625899 0.08984916056638453 0.07593104013823951 0.2677599644053247 0.3207717271526089 0.28129479623209247 0.25841068009144724 0.4584006089055909 0.43843836190262664 0.45548770524248233 0.4333302756026127
0 0.081055 0.039551 0.082031 0.077148 0.0 0.24901687280030388 0.0 0.19523099711377878 0.0 0.2854386296636384 0.0 0.27697496429078866 0.0 0.47920597224537603 0.0 0.445410747705009 0.0
0 0.646484 0.612305 0.054688 0.091797 0.0 0.2534502500572431 0.0 0.19074792398879512 0.0 0.2869509883182221 0.0 0.2985923520638522 0.0 0.44530000251354335 0.0 0.44407931616280066 0.0
0 0.230469 0.048828 0.064453 0.085938 0.0 0.13110272556717917 0.0 0.23114418837802544 0.021032120448494476 0.3498271909237408 0.0 0.3820094296047493 0.1668355350892867 0.46086054025294887 0.0 0.4462811414782411 0.49162229740111435
0 0.380859 0.060059 0.076172 0.092773 0.027199221982443175 0.13457439787435982 0.0 0.22845298784879814 0.0 0.31321185073928753 0.0 0.28787968808072373 0.0 0.4784031064749029 0.0 0.4535474761722538 0.0
0 0.595215 0.605469 0.055664 0.095703 0.0 0.1343510418437495 0.0 0.18070531911194498 0.0 0.23380011477382853 0.0 0.2195814518093499 0.0 0.4452949937081521 0.0 0.43138996304977895 0.0
0 0.443848 0.201660 0.061523 0.083008 0.0 0.26873352055854655 0.0 0.25030090666494453 0.0 0.32600791101237725 0.0 0.2875159104972775 0.0 0.44975426619914505 0.0 0.4193815358852901 0.0
0 0.199219 0.612305 0.089844 0.064453 0.0 0.0 0.10316787648495765 0.09283591456627935 0.10297355779484568 0.0 0.344056797571984 0.33748463777332344 0.33186977510552856 0.0 0.43319853010579484 0.44931518739855136 0.4534429059785771
0 0.702148 0.615234 0.058594 0.087891 0.0 0.31141938440354977 0.0 0.17778917673864963 0.0 0.2850434205096329 0.0 0.29620869000916894 0.0 0.443451070305221 0.0 0.45592893546286556 0.0
0 0.782715 0.562988 0.055664 0.051758 0.0 0.0 0.14158587817872753 0.0 0.15434716189959696 0.0 0.32602471363844576 0.0 0.3077845737173754 0.0 0.45753607834298327 0.0 0.43494736083410873
0 0.312012 0.946289 0.098633 0.060547 0.0 0.0 0.20141853960739703 0.0 0.16235821451417173 0.0 0.29583034412792325 0.0 0.2928914564964106 0.0 0.4576364631510343 0.0 0.4386570642453149
0 0.699219 0.355469 0.052734 0.091797 0.0 0.21554995548437686 0.0 0.19901496123396772 0.0 0.28572219658958703 0.0 0.2819358582250855 0.0 0.4507254494442569 0.0 0.4405253410646708 0.0
0 0.285156 0.316406 0.060547 0.087891 0.0 0.16591264226096464 0.0 0.14990234873168426 0.0 0.2840349526185661 0.0 0.2858355149791696 0.0 0.44639670322127517 0.0 0.4420401252405984 0.0
0 0.198242 0.555176 0.080078 0.059570 0.0 0.0 0.2560400342428489 0.0 0.15011127251249085 0.0 0.24975056624552944 0.0 0.2653750376959962 0.0 0.5305001765363835 0.0 0.5252868224721324
0 0.534668 0.484863 0.065430 0.092773 0.0 0.21429080585057217 0.0 0.20509739899838944 0.0 0.2915306424605551 0.0 0.31127981328366044 0.0 0.4392242456828539 0.0 0.45842536960450514 0.0
0 0.709473 0.228027 0.051758 0.084961 0.0 0.1832600718410507 0.0 0.24239591728484064 0.0 0.2918088680480465 0.0 0.2790635818680714 0.0 0.46229776306401865 0.0 0.43780814003085816 0.0
0 0.928223 0.322266 0.084961 0.058594 0.0 0.0 0.1757276660892813 0.0 0.17962848277109944 0.0 0.2715061493801073 0.0 0.315935042007287 0.0 0.44625225483828973 0.0 0.4479799688984192
0 0.158691 0.043457 0.077148 0.083008 0.0 0.09261288065273707 0.0 0.13753883820451168 0.0 0.3303083127995735 0.0 0.3628723776200099 0.0 0.46772516946496107 0.0 0.44220237444708693 0.0
0 0.935059 0.377930 0.100586 0.054688 0.0 0.0 0.15876285699968185 0.0 0.18449049468944884 0.0 0.24092272314556037 0.0 0.2153087138606794 0.0 0.43392391516839807 0.0 0.4312482821616113
0 0.894043 0.840332 0.100586 0.051758 0.0 0.0 0.21190943499471002 0.0 0.18253896390094437 0.0 0.2786848233592242 0.0 0.2795627297434733 0.0 0.4647318533883208 0.0 0.45243826104265883
0 0.576660 0.928711 0.100586 0.119141 0.0 0.0 0.13911928586091374 0.0 0.15056755177008593 0.0 0.3438996230291403 0.0 0.32666642169630633 0.0 0.7825073979463895 0.0 0.6096582935665564
0 0.157227 0.955078 0.103516 0.050781 0.0 0.0 0.24914851207999822 0.0 0.21297666889560687 0.0 0.2483130719976749 0.0 0.2563118890371528 0.0 0.4554712836977665 0.0 0.42878000357755025
0 0.698730 0.762207 0.069336 0.083008 0.0 0.19867968158521046 0.0 0.22697474252695454 0.0 0.24015128958661167 0.0 0.2640790994297164 0.0 0.44356946025083455 0.0 0.4405802861419943 0.0
0 0.950195 0.075195 0.099609 0.103516 0.0 0.0 0.23658130937687988 0.0 0.16182456242194138 0.0 0.2919380944388664 0.0 0.29118306343855294 0.0 0.6364824593356595 0.0 0.6537603714072774
0 0.183105 0.794922 0.086914 0.052734 0.0 0.0 0.17252214042794625 0.0 0.24590665499812767 0.0 0.2890218261093007 0.0 0.26746121005513773 0.0 0.44901139513088106 0.0 0.45308515584804987
0 0.169922 0.904785 0.091797 0.057617 0.0 0.0 0.15671875801708107 0.0 0.18728032034002395 0.0 0.3015275510787437 0.0 0.22040467334644614 0.0 0.4478076833829656 0.0 0.4565796742914443
0 0.315430 0.891113 0.097656 0.053711 0.0 0.0 0.14466783313984885 0.0 0.12675060717596806 0.0 0.2758168807552742 0.0 0.27465477773080954 0.0 0.4538913091607608 0.0 0.4365180007792484
0 0.641113 0.076660 0.055664 0.084961 0.0 0.25058813587370216 0.0 0.12070920037793652 0.0 0.20689192942996715 0.0 0.2183755549281919 0.0 0.46433224874479323 0.0 0.4364871055543871 0.0
0 0.034180 0.303223 0.066406 0.081055 0.0 0.0 0.328764852960202 0.0 0.06052386129782165 0.0 0.2635512624945494 0.0 0.2395427535270106 0.0 0.9751116945096738 0.0 0.9715030809490653
0 0.443848 0.062988 0.049805 0.094727 0.0 0.1395563969179943 0.0 0.18041524194701403 0.0 0.222726942578034 0.0 0.22776388642417295 0.0 0.4280500562007131 0.0 0.45977896131601975 0.0
0 0.177246 0.850586 0.088867 0.054688 0.056424808186666044 0.0 0.15700455165997776 0.0 0.1545989566001656 0.0 0.2997685673686388 0.0 0.29234412144846594 0.0 0.4442275543521387 0.0 0.44814495591237047
0 0.911133 0.641602 0.111328 0.076172 0.0 0.1085364031099713 0.05055446858492763 0.13655508972119418 0.06505793208719393 0.38839561656094096 0.3766911941024786 0.3789148940483556 0.3788869419218635 0.438306344149395 0.42861355218201236 0.44448237321482287 0.44719222041414447
0 0.188965 0.257324 0.067383 0.069336 0.0 0.0 0.1573433747014985 0.10642723669378847 0.0 0.0 0.31365154313163557 0.3196280772133825 0.0 0.0 0.9605511559429927 0.022361731982851376 0.0
0 0.924805 0.483887 0.099609 0.045898 0.0 0.0 0.1461488752149206 0.0 0.1539179706134628 0.0 0.24982370352369251 0.0 0.22342256203013283 0.0 0.45671096303212394 0.0 0.45009672041319704
0 0.427246 0.558594 0.073242 0.058594 0.0 0.0 0.10032631885634333 0.0295500056524349 0.1432540256929405 0.0 0.20281528018258557 0.27594293965790057 0.199991006560059 0.0 0.9733567740538865 0.022249413316499853 0.9970827465186892
0 0.914062 0.579590 0.093750 0.053711 0.0 0.0 0.1481735291737277 0.0 0.1679879841347814 0.0 0.3440590838113588 0.0 0.3283500734514698 0.0 0.44678303642779027 0.0 0.4547653823838731
0 0.337402 0.318848 0.049805 0.088867 0.0 0.12688694775658202 0.0 0.12594835729163695 0.0 0.2974303681172551 0.0 0.2921243725195127 0.0 0.44281996082591174 0.0 0.4184503973401623 0.0
0 0.176270 0.493652 0.102539 0.077148 0.0 0.0 0.21671349881164403 0.0 0.17581226548350043 0.0 0.27258286027439976 0.0 0.29339898227359135 0.0 0.8712372126826434 0.0 0.9035149656835393
0 0.887695 0.942871 0.109375 0.053711 0.0 0.0 0.18659878587181866 0.0 0.17812681329847105 0.0 0.2767271789690082 0.0 0.27987200096662457 0.0 0.43800273812918755 0.0 0.4412680178920384
0 0.800293 0.301758 0.077148 0.048828 0.0 0.0 0.18897252910547238 0.0 0.14612908686065426 0.0 0.29050767510773823 0.0 0.2957407481927068 0.0 0.456035130043312 0.0 0.4580806044250156
0 0.233887 0.177734 0.069336 0.060547 0.0 0.24388273302467076 0.0 0.08820867157774082 0.0 0.2522649866752508 0.0 0.2387610456693537 0.0 0.40095439219930934 0.0 0.4573918102011008 0.0
0 0.944336 0.210938 0.099609 0.078125 0.0 0.0 0.24182859686124372 0.0 0.20138406106454693 0.0 0.30646079061537773 0.0 0.30891860364299334 0.0 0.4485503194164096 0.0 0.44617543291970174
0 0.786621 0.081543 0.120117 0.110352 0.0 0.05309669463088313 0.11923472444980146 0.1403660549954542 0.013120487967861458 0.38069529253565737 0.4117377889053683 0.419606924196113 0.43718824555471153 0.4448540670517324 0.837305704739467 0.45166727687573155 0.8390391510957459
0 0.937012 0.272949 0.084961 0.045898 0.0 0.0 0.17387020820473664 0.0 0.16336607613470808 0.0 0.2723270602594643 0.0 0.26736611562927615 0.0 0.47156274929318504 0.0 0.40829854298640544
0 0.472168 0.467773 0.067383 0.068359 0.0 0.1655769140792736 0.0 0.15236803251172987 0.0 0.29776761324373296 0.0 0.3108942364876949 0.0 0.4415304211106134 0.0 0.44296933453168336 0.0
0 0.138184 0.423828 0.090820 0.068359 0.0 0.0 0.17790476666959903 0.0 0.11562279848828756 0.0 0.25990756802630066 0.0 0.261027652198243 0.0 0.9828626898312517 0.0 0.9698674783158197
0 0.301758 0.184082 0.072266 0.067383 0.0 0.24050587498776227 0.0 0.24189801464547128 0.0 0.30661900625111504 0.0 0.33001759058694136 0.0 0.45248816948705567 0.0 0.4512121586040362 0.0
0 0.520508 0.607422 0.054688 0.082031 0.0 0.20282075316210765 0.0 0.17376146368093942 0.0 0.3111288624705462 0.0 0.30787223207427755 0.0 0.2737556275041803 0.0 0.3436890439599722 0.0
0 0.470215 0.588867 0.067383 0.068359 0.0 0.1316668833198511 0.0 0.17945544450192685 0.0 0.28783143973071157 0.0 0.28469232014155776 0.0 0.13605575532165537 0.0 0.11791963614280379 0.0
0 0.021484 0.034668 0.041016 0.067383 0.0 0.3551311628427208 0.0 0.2640587633515692 0.0 0.2307466177687807 0.0 0.3503135588827482 0.0 0.35159496768834136 0.0 0.35647804194388566 0.0
0 0.054688 0.346680 0.101562 0.076172 0.0 0.0 0.12998091530788544 0.0 0.15686373077946245 0.0 0.2912249362686923 0.0 0.2395021670180178 0.0 0.9687436263429644 0.0 0.9669188097601344
0 0.096191 0.388184 0.092773 0.075195 0.0 0.0 0.1544767220003023 0.0 0.1565855328523862 0.0 0.28137606813136856 0.0 0.2838333332596938 0.0 0.9621869862492107 0.0 0.9631013411420235
0 0.032715 0.751953 0.063477 0.115234 0.0 0.0 0.10094983783722267 0.030114706527186497 0.02433951448775581 0.0 0.33070601148397494 0.30434819049841444 0.11533446232911036 0.0 0.6308807784854501 0.8983026374277415 0.0880646684044128
0 0.402832 0.727051 0.071289 0.063477 0.0 0.0 0.053725757500101355 0.0 0.11693771761057895 0.0 0.27061923739879834 0.0 0.19978619832467132 0.0 0.9777556814978425 0.0 0.9772806620769883
0 0.583008 0.064941 0.054688 0.102539 0.05378634127271197 0.19096736603210102 0.0 0.19787118949201615 0.0 0.20331525337325665 0.0 0.26963441428811363 0.0 0.4444185662495078 0.0 0.43150159869721344 0.0
0 0.317871 0.835449 0.096680 0.061523 0.0 0.0 0.17463007620720336 0.0 0.17184271709659077 0.0 0.2819251465068896 0.0 0.27202294774047947 0.0 0.4542510712094351 0.0 0.3902899144387681
0 0.428223 0.984863 0.098633 0.030273 0.0 0.0 0.3845962347878529 0.0 0.3146422906304977 0.0 0.2575313961402382 0.0 0.25664626802376433 0.0 0.4424301568697413 0.0 0.4560192533335058
0 0.949219 0.153320 0.101562 0.054688 0.0 0.0 0.16408527307205012 0.0 0.2121153697031064 0.0 0.25976781548955424 0.0 0.2777893424774669 0.0 0.45853369281416567 0.0 0.4868166356628278
0 0.447754 0.329102 0.065430 0.093750 0.0 0.16119893800872004 0.0 0.17971860308532503 0.0 0.26579669102263614 0.0 0.27278971024746607 0.0 0.43943507246381486 0.0 0.4472238593656837 0.0
0 0.388672 0.326172 0.060547 0.089844 0.0 0.2008771073527575 0.0 0.19580048239922596 0.0 0.28995857601165576 0.0 0.2793431824100629 0.0 0.4502184976258604 0.0 0.4404112010145411 0.0
0 0.438477 0.788574 0.101562 0.102539 0.0 0.0 0.18731439004809838 0.0 0.15766660546174924 0.0 0.2923767767320127 0.0 0.2879546264967243 0.0 0.70155739508542 0.0 0.6926924633600247
0 0.985840 0.640137 0.028320 0.086914 0.0 0.20125604699708277 0.0 0.20927794299087993 0.0 0.3219332931322727 0.0 0.32562616174263326 0.0 0.44132862696613495 0.0 0.442755170155708 0.0
0 0.416992 0.323730 0.123047 0.098633 0.0 0.23729902331981717 0.0 0.1926682512686642 0.0 0.27720975163781003 0.0 0.27438697359331293 0.0 0.390694157919107 0.0 0.46074801337726334 0.0
0 0.916016 0.021484 0.080078 0.041016 0.0 0.0 0.17140882266762078 0.0 0.24480939529310283 0.0 0.2906932764755586 0.0 0.24570993683250444 0.0 0.9965885620963186 0.0 0.8438224084624965
0 0.648438 0.978516 0.060547 0.042969 0.0 0.0 0.19599553906974143 0.0 0.3058170017553211 0.0 0.3164964175704126 0.0 0.2529247316618626 0.0 0.9727722236974196 0.0 0.9554662521238201
0 0.437500 0.865234 0.103516 0.046875 0.0 0.0 0.15414041588388808 0.0 0.16423069205997254 0.0 0.21416386046902416 0.0 0.20157105209545617 0.0 0.44432382681712723 0.0 0.4361974372342025
0 0.317871 0.766113 0.083008 0.077148 0.0 0.0 0.10259761159805174 0.0 0.16128904487802276 0.0 0.2560069311390232 0.0 0.3903261874040929 0.0 0.48243104792215424 0.0 0.44170636425477183
0 0.222168 0.306152 0.069336 0.086914 0.0 0.1569372528231334 0.0 0.2156263821597836 0.0 0.3237407293781159 0.0 0.27738314156207117 0.0 0.15066544926778636 0.0 0.1617957939931778 0.0
0 0.869629 0.985840 0.083008 0.028320 0.0 0.0 0.12167400792612443 0.0 0.17361115030011173 0.0 0.30748183684836194 0.0 0.28334244916949863 0.0 0.37363020208351194 0.0 0.5433605654898571
0 0.306641 0.986816 0.101562 0.026367 0.0 0.0 0.18023116633332312 0.0 0.1608621435029256 0.0 0.3047079157551594 0.0 0.29150403381823026 0.0 0.4360947627300397 0.0 0.4487815295430156
0 0.990234 0.798340 0.019531 0.110352 0.0 0.1559894669348444 0.0 0.147620244364057 0.0 0.2813992212857209 0.0 0.27810187965739835 0.0 0.3852906434847284 0.0 0.4939883432289826 0.0
0 0.368652 0.478027 0.137695 0.106445 0.0 0.06135869757986666 0.03900204323913665 0.03484746031606683 0.05031602698498035 0.3677343004497995 0.3698002647426685 0.4145919829633116 0.36410419373036823 0.4610794157044245 0.9720211305616905 0.4514622194186491 0.9536474486388367
