0 0.449870 0.658203 0.139323 0.128906 0.3027118377803754 0.0 0.010952813048258993 0.007585058219627184 0.006385646537489954 0.0 0.3402930779728988 0.33883106818032055 0.3872125796814911 0.0 0.8966506760895167 0.5233689331807277 0.4686684601124063
0 0.498698 0.202148 0.106771 0.097656 0.0 0.21176525272841923 0.0 0.21607064949919497 0.0 0.37548420583368325 0.0 0.2829348091601354 0.0 0.47305834664641994 0.0 0.4342932689951631 0.0
0 0.571615 0.926758 0.148438 0.083984 0.27935729723067493 0.0 0.05321367647225199 0.0 0.064054170132347 0.0 0.38046728449869305 0.0 0.34045853708401436 0.0 0.4338170891125041 0.0 0.45799955284686483
0 0.684896 0.209473 0.109375 0.086914 0.0 0.1946129917732428 0.0 0.2153342741038018 0.0 0.31477403748781024 0.0 0.32939735206654397 0.0 0.44331036840831867 0.0 0.44830576133021444 0.0
0 0.684245 0.062988 0.123698 0.094727 0.0 0.21601582626987895 0.0 0.14207852823996764 0.0 0.22575785272134777 0.0 0.38706010592546725 0.0 0.4496787608994478 0.0 0.4510059982082835 0.0
0 0.402344 0.051270 0.109375 0.092773 0.0 0.16700106013164323 0.0 0.18093451668280927 0.0 0.2998750259159445 0.0 0.26963293705474606 0.0 0.4410225586003275 0.0 0.4444455660842954 0.0
0 0.255208 0.675781 0.122396 0.066406 0.03000057455247666 0.09336905364699251 0.08362944890199378 0.0 0.11559590414829837 0.3231455959756038 0.32365678483269694 0.0 0.30654473018847817 0.4396796675185123 0.4505344087361209 0.0 0.4269283911830182
0 0.792969 0.214355 0.104167 0.092773 0.0 0.2353572959778291 0.0 0.22646952835884818 0.0 0.38074038104731434 0.0 0.38357695392873276 0.0 0.4463028260656829 0.0 0.44372199182791316 0.0
0 0.682943 0.336426 0.084635 0.092773 0.0 0.1905268933488981 0.0 0.19878850521071645 0.0 0.27141899367694805 0.0 0.26905318211565077 0.0 0.4434588870772711 0.0 0.44736516839051255 0.0
0 0.416016 0.946289 0.131510 0.060547 0.0 0.0 0.20141853960739703 0.0 0.16235821451417173 0.0 0.29583034412792325 0.0 0.2928914564964106 0.0 0.4576364631510343 0.0 0.4386570642453149
0 0.209635 0.954590 0.138021 0.051758 0.0 0.0 0.24444759675773414 0.0 0.20895824118059544 0.0 0.2483130719976749 0.0 0.2563118890371528 0.0 0.4554712836977665 0.0 0.42878000357755025
0 0.248698 0.737793 0.119792 0.063477 0.0 0.0 0.22423548581742178 0.0 0.2233432978369946 0.0 0.29668270354039256 0.0 0.2963731404659196 0.0 0.4525201059961988 0.0 0.4457026320471556
0 0.307292 0.048828 0.085938 0.085938 0.0 0.13110272556717917 0.0 0.23114418837802544 0.021032120448494476 0.3498271909237408 0.0 0.3820094296047493 0.1668355350892867 0.46086054025294887 0.0 0.4462811414782411 0.49162229740111435
0 0.774740 0.342773 0.098958 0.087891 0.0 0.20939771438469484 0.0 0.1833952678833807 0.0 0.32521218601888513 0.0 0.34875662302379096 0.0 0.446713548107773 0.0 0.4437916893077525 0.0
0 0.507812 0.060059 0.101562 0.092773 0.027199221982443175 0.13457439787435982 0.0 0.22845298784879814 0.0 0.31321185073928753 0.0 0.28787968808072373 0.0 0.4784031064749029 0.0 0.4535474761722538 0.0
0 0.264974 0.612305 0.121094 0.064453 0.0 0.0 0.10205854447974304 0.09183767892578172 0.10186631523791184 0.0 0.344056797571984 0.33748463777332344 0.33186977510552856 0.0 0.43319853010579484 0.44931518739855136 0.4534429059785771
0 0.591797 0.204590 0.084635 0.088867 0.0 0.24329129376010433 0.0 0.22660377940672496 0.0 0.32600791101237725 0.0 0.2875159104972775 0.0 0.44975426619914505 0.0 0.4193815358852901 0.0
0 0.264323 0.554688 0.109375 0.060547 0.0 0.0 0.2459124906456855 0.0 0.14417369145688924 0.0 0.24975056624552944 0.0 0.2653750376959962 0.0 0.5305001765363835 0.0 0.5252868224721324
0 0.707031 0.485352 0.085938 0.093750 0.0 0.21527161919805748 0.0 0.20603613393698691 0.0 0.2915306424605551 0.0 0.31127981328366044 0.0 0.4392242456828539 0.0 0.45842536960450514 0.0
0 0.376953 0.316406 0.079427 0.087891 0.0 0.16863252164229192 0.0 0.15235976428466272 0.0 0.2840349526185661 0.0 0.2858355149791696 0.0 0.44639670322127517 0.0 0.4420401252405984 0.0
0 0.790365 0.490234 0.085938 0.087891 0.0 0.19332304894540192 0.0 0.22211885679495932 0.0 0.30668435874533645 0.0 0.3167665875286133 0.0 0.44910176169656324 0.0 0.44384883522380836 0.0
0 0.795573 0.604492 0.075521 0.095703 0.0 0.1320346445705814 0.0 0.177589710161739 0.0 0.23380011477382853 0.0 0.2195814518093499 0.0 0.4452949937081521 0.0 0.43138996304977895 0.0
0 0.420573 0.891113 0.130208 0.053711 0.0 0.0 0.14466783313984885 0.0 0.12675060717596806 0.0 0.2758168807552742 0.0 0.27465477773080954 0.0 0.4538913091607608 0.0 0.4365180007792484
0 0.227865 0.904785 0.122396 0.057617 0.0 0.0 0.15671875801708107 0.0 0.18728032034002395 0.0 0.3015275510787437 0.0 0.22040467334644614 0.0 0.4478076833829656 0.0 0.4565796742914443
0 0.236328 0.851074 0.118490 0.055664 0.055434899271110505 0.0 0.15425008584138167 0.0 0.15188669420367146 0.0 0.2997685673686388 0.0 0.29234412144846594 0.0 0.4442275543521387 0.0 0.44814495591237047
0 0.244792 0.795898 0.119792 0.054688 0.0 0.0 0.1609358320839887 0.0 0.2293919611647907 0.0 0.2890218261093007 0.0 0.26746121005513773 0.0 0.44901139513088106 0.0 0.45308515584804987
0 0.210938 0.042969 0.101562 0.082031 0.0 0.09491689462501976 0.0 0.1409605156506862 0.0 0.3303083127995735 0.0 0.3628723776200099 0.0 0.46772516946496107 0.0 0.44220237444708693 0.0
0 0.591797 0.062988 0.066406 0.094727 0.0 0.1395563969179943 0.0 0.18041524194701403 0.0 0.222726942578034 0.0 0.22776388642417295 0.0 0.4280500562007131 0.0 0.45977896131601975 0.0
0 0.765625 0.928223 0.132812 0.122070 0.0 0.0 0.1371116036179013 0.0 0.148394655336698 0.0 0.34389962302914034 0.0 0.32666642169630633 0.0 0.7825073979463895 0.0 0.6096582935665564
0 0.862630 0.350586 0.071615 0.087891 0.0 0.21528012310137418 0.0 0.18327346416142756 0.0 0.2798938439292499 0.0 0.2939324489418371 0.0 0.45075618529552186 0.0 0.4442483253992634 0.0
0 0.311198 0.179199 0.091146 0.063477 0.0 0.23594984412628595 0.0 0.08533946643631103 0.0 0.2522649866752508 0.0 0.2387610456693537 0.0 0.40095439219930934 0.0 0.4573918102011008 0.0
0 0.251302 0.259766 0.088542 0.068359 0.0 0.0 0.16193806568542884 0.10953509087455247 0.0 0.0 0.31365154313163557 0.3196280772133825 0.0 0.0 0.9605511559429927 0.022361731982851376 0.0
0 0.821615 0.768555 0.138021 0.107422 0.0 0.11417159002150486 0.04142252331278935 0.014296336346695622 0.10404850545563889 0.24533489605280195 0.4144620279728006 0.3704019692566075 0.3378015683039558 0.4467597657211567 0.9648870845736692 0.4352225339750545 0.9741204094390143
0 0.402344 0.184570 0.096354 0.068359 0.0 0.2370700767736514 0.0 0.23844232872196458 0.0 0.30661900625111504 0.0 0.33001759058694136 0.0 0.45248816948705567 0.0 0.4512121586040362 0.0
0 0.878906 0.229492 0.070312 0.095703 0.0 0.11509862805624763 0.0 0.17150482505138887 0.0 0.3837519904472141 0.0 0.2318748326321894 0.0 0.45497071557738294 0.0 0.4314198641001452 0.0
0 0.448568 0.320801 0.066406 0.088867 0.0 0.12688694775658202 0.0 0.12594835729163695 0.0 0.2974303681172551 0.0 0.2921243725195127 0.0 0.44281996082591174 0.0 0.4184503973401623 0.0
0 0.576823 0.554199 0.096354 0.059570 0.0 0.0 0.10001516057898648 0.029458357429321454 0.14280972875902354 0.0 0.20281528018258557 0.27594293965790057 0.199991006560059 0.0 0.9733567740538865 0.022249413316499853 0.9970827465186892
0 0.623698 0.479492 0.091146 0.070312 0.0 0.14430489549045764 0.0 0.11387626757078223 0.0 0.30212497835854374 0.0 0.316520995507027 0.0 0.44794897754664664 0.0 0.44854309477113985 0.0
0 0.123698 0.387695 0.127604 0.076172 0.0 0.0 0.14782799861750542 0.0 0.14984604563254908 0.0 0.28137606813136856 0.0 0.2838333332596938 0.0 0.9621869862492107 0.0 0.9631013411420235
0 0.108073 0.038574 0.114583 0.075195 0.0 0.24387189608955379 0.0 0.191197298826304 0.0 0.2854386296636384 0.0 0.27697496429078866 0.0 0.47920597224537603 0.0 0.445410747705009 0.0
0 0.696615 0.607422 0.072917 0.082031 0.0 0.20282075316210765 0.0 0.17376146368093942 0.0 0.3111288624705462 0.0 0.30787223207427755 0.0 0.2737556275041803 0.0 0.3436890439599722 0.0
0 0.934245 0.355469 0.074219 0.093750 0.0 0.19995094554800752 0.0 0.18461256272361484 0.0 0.28572219658958703 0.0 0.2819358582250855 0.0 0.4507254494442569 0.0 0.4405253410646708 0.0
0 0.234375 0.493652 0.138021 0.077148 0.0 0.0 0.2146690318417229 0.0 0.17415365920535425 0.0 0.27258286027439976 0.0 0.2933989822735913 0.0 0.8712372126826434 0.0 0.9035149656835391
0 0.860677 0.611328 0.072917 0.091797 0.0 0.2534502500572431 0.0 0.19074792398879512 0.0 0.2869509883182221 0.0 0.2985923520638522 0.0 0.44530000251354335 0.0 0.44407931616280066 0.0
0 0.856120 0.077637 0.074219 0.086914 0.0 0.2449569418091246 0.0 0.11799663407730875 0.0 0.20689192942996715 0.0 0.2183755549281919 0.0 0.46433224874479323 0.0 0.4364871055543871 0.0
0 0.178385 0.422852 0.125000 0.070312 0.0 0.0 0.16755787485808588 0.0 0.10889820864565276 0.0 0.25990756802630066 0.0 0.261027652198243 0.0 0.9828626898312517 0.0 0.9698674783158197
0 0.634115 0.587402 0.088542 0.069336 0.0 0.13172142635353784 0.0 0.1795297839569815 0.0 0.28783143973071157 0.0 0.28469232014155776 0.0 0.13605575532165537 0.0 0.11791963614280378 0.0
0 0.870443 0.494629 0.074219 0.088867 0.0 0.21550942293948874 0.0 0.2098758284242108 0.0 0.3011736417933824 0.0 0.31243235217964244 0.0 0.4425917566166425 0.0 0.43862465120063804 0.0
0 0.930339 0.089844 0.074219 0.083984 0.0 0.19375490434616519 0.0 0.1728663811347475 0.0 0.2923813590811483 0.0 0.2971773492351433 0.0 0.4482278769377555 0.0 0.44677344633541716 0.0
0 0.931641 0.760742 0.092448 0.083984 0.0 0.19636945272956846 0.0 0.22433550133478064 0.0 0.24015128958661167 0.0 0.2640790994297164 0.0 0.44356946025083455 0.0 0.4405802861419943 0.0
0 0.526693 0.735840 0.095052 0.063477 0.0 0.0 0.053725757500101355 0.0 0.11693771761057895 0.0 0.27061923739879834 0.0 0.19978619832467132 0.0 0.9777556814978425 0.0 0.9772806620769883
0 0.423177 0.835938 0.127604 0.060547 0.0 0.0 0.1792573708532468 0.0 0.1763961531486894 0.0 0.2819251465068896 0.0 0.27202294774047947 0.0 0.45425107120943514 0.0 0.3902899144387681
0 0.171875 0.191406 0.192708 0.103516 0.0 0.12225740286110925 0.028811876635906678 0.08711186386551 0.10959274315377805 0.29893500815096563 0.48517608731749445 0.3038538524792566 0.29866344702808084 0.44670808395643696 0.9702908539174492 0.5728011503783943 0.9713221568270509
0 0.482422 0.473633 0.178385 0.091797 0.0 0.0732273507613737 0.04654623408466307 0.04158802745749581 0.06004868913900938 0.3677343004497995 0.3698002647426685 0.4145919829633116 0.36410419373036823 0.4610794157044245 0.9720211305616905 0.4514622194186491 0.9536474486388367
0 0.781901 0.072266 0.071615 0.103516 0.0542476306489788 0.19260516505467476 0.0 0.19956819797822553 0.0 0.20331525337325668 0.0 0.26963441428811363 0.0 0.44441856624950793 0.0 0.43150159869721344 0.0
0 0.570964 0.984863 0.131510 0.030273 0.0 0.0 0.3845962347878529 0.0 0.3146422906304977 0.0 0.2575313961402382 0.0 0.25664626802376433 0.0 0.4424301568697413 0.0 0.4560192533335058
0 0.597656 0.328613 0.085938 0.092773 0.0 0.1653638866462659 0.0 0.18436205024638128 0.0 0.2657966910226362 0.0 0.27278971024746607 0.0 0.43943507246381497 0.0 0.4472238593656837 0.0
0 0.518229 0.326172 0.080729 0.089844 0.0 0.2008771073527575 0.0 0.19580048239922596 0.0 0.28995857601165576 0.0 0.2793431824100629 0.0 0.4502184976258604 0.0 0.4404112010145411 0.0
0 0.583984 0.864746 0.136719 0.047852 0.0 0.0 0.15243273780704034 0.0 0.1624112266668883 0.0 0.21416386046902416 0.0 0.20157105209545617 0.0 0.44432382681712723 0.0 0.4361974372342025
0 0.581380 0.791992 0.136719 0.097656 0.0 0.0 0.1948069656500223 0.0 0.1639732696802192 0.0 0.2923767767320127 0.0 0.2879546264967243 0.0 0.7015573950854199 0.0 0.6926924633600245
0 0.949219 0.500488 0.085938 0.092773 0.0 0.19352570506804131 0.0 0.22828598597130428 0.0 0.34782258498150104 0.0 0.3434916766613255 0.0 0.43938892913284205 0.0 0.4443055472063103 0.0
0 0.938151 0.615723 0.084635 0.090820 0.0 0.27819101336297253 0.0 0.15881911569705676 0.0 0.2850434205096329 0.0 0.29620869000916894 0.0 0.443451070305221 0.0 0.45592893546286556 0.0
0 0.295573 0.307129 0.091146 0.088867 0.0 0.15568076932329358 0.0 0.21390001709068648 0.0 0.3237407293781159 0.0 0.27738314156207117 0.0 0.15066544926778636 0.0 0.1617957939931778 0.0
0 0.423828 0.766113 0.110677 0.077148 0.0 0.0 0.10259761159805174 0.0 0.16128904487802276 0.0 0.2560069311390232 0.0 0.3903261874040929 0.0 0.48243104792215424 0.0 0.44170636425477183
0 0.408203 0.986816 0.134115 0.026367 0.0 0.0 0.1819809834821903 0.0 0.16242391188644914 0.0 0.3047079157551594 0.0 0.29150403381823026 0.0 0.4360947627300397 0.0 0.4487815295430156
0 0.029948 0.034668 0.057292 0.067383 0.0 0.33898883725896073 0.0 0.2520560922901342 0.0 0.2307466177687807 0.0 0.3503135588827482 0.0 0.35159496768834136 0.0 0.35647804194388566 0.0
0 0.947917 0.230469 0.067708 0.091797 0.0 0.17287483454563923 0.0 0.228659487438707 0.0 0.2918088680480465 0.0 0.2790635818680714 0.0 0.46229776306401865 0.0 0.43780814003085816 0.0
0 0.870443 0.979492 0.100260 0.041016 0.0 0.0 0.1653295703717547 0.0 0.2579680831133321 0.0 0.3164964175704126 0.0 0.2529247316618626 0.0 0.9727722236974196 0.0 0.9554662521238201
0 0.045573 0.302734 0.088542 0.089844 0.0 0.0 0.2966030738662693 0.0 0.05460304877955649 0.0 0.2635512624945494 0.0 0.2395427535270106 0.0 0.9751116945096738 0.0 0.9715030809490653
0 0.076172 0.344238 0.118490 0.073242 0.0 0.0 0.15449160219451527 0.0 0.18644374858358964 0.0 0.2912249362686923 0.0 0.2395021670180178 0.0 0.9687436263429644 0.0 0.9669188097601344
0 0.207031 0.989258 0.145833 0.021484 0.0 0.0 0.1915977259733313 0.0 0.20981661137276977 0.0 0.2477103213418687 0.0 0.257009030215367 0.0 0.459560849976938 0.0 0.44728131643731783
0 0.930990 0.872070 0.138021 0.107422 0.25811870927122377 0.0 0.0 0.0 0.0 0.0 0.0 0.0 0.0 0.0 0.0 0.0 0.0
