0 0.836914 0.427734 0.093750 0.175781 0.0 0.059090800782120416 0.09697290359878434 0.023719769049448426 0.09903864747780339 0.3330318014420468 0.34701401532111287 0.3618865547606993 0.32868154027322893 0.4448743299462701 0.44124389530651786 0.41969151860334425 0.4362281741232218
0 0.178223 0.569010 0.110352 0.109375 0.2885397115517844 0.0 0.05496279858132728 0.0 0.06615961693821429 0.0 0.38046728449869305 0.0 0.34045853708401436 0.0 0.4338170891125041 0.0 0.45799955284686483
0 0.085938 0.211589 0.105469 0.175781 0.2932443070514418 0.0 0.010610255932346364 0.007347830061317854 0.006185930843313312 0.0 0.3402930779728988 0.33883106818032055 0.3872125796814911 0.0 0.8966506760895167 0.5233689331807277 0.4686684601124063
0 0.666016 0.373047 0.136719 0.102865 0.0 0.10452794451494504 0.11345125351526164 0.04684192792827285 0.1003039842940789 0.35444211241463075 0.3691664242428 0.3639045533153101 0.3695641969872664 0.45035373537142664 0.44191951580668826 0.4422662803931164 0.42067693708711373
0 0.829102 0.570312 0.091797 0.106771 0.3063641530292081 0.0 0.0 0.0 0.0 0.0 0.0 0.0 0.0 0.0 0.0 0.0 0.0
0 0.174316 0.730469 0.102539 0.080729 0.037788184251550894 0.0 0.21142677087382253 0.0 0.21127565575715776 0.0 0.23936342115982273 0.0 0.23912389215700014 0.0 0.5551637050380841 0.0 0.3553341954055597
0 0.171387 0.802083 0.100586 0.070312 0.0 0.0 0.1270588941830053 0.0 0.16593231005974754 0.0 0.29492424868306133 0.0 0.3079409482127324 0.0 0.45386888337298625 0.0 0.44789299782298775
0 0.475098 0.509766 0.122070 0.157552 0.30416932952085685 0.0 0.009747652168504144 0.006073525850530161 0.006921144960587311 0.0 0.22148662270331249 0.16454883804402273 0.26946937875918925 0.0 0.7160725411019134 0.7958046886050264 0.6678665660502039
0 0.062012 0.596354 0.098633 0.080729 0.0 0.0 0.20141853960739703 0.0 0.16235821451417173 0.0 0.29583034412792325 0.0 0.2928914564964106 0.0 0.4576364631510343 0.0 0.4386570642453149
0 0.819336 0.678385 0.083984 0.104167 0.27895113713397124 0.0 0.0 0.0 0.0 0.0 0.0 0.0 0.0 0.0 0.0 0.0 0.0
0 0.177246 0.658203 0.100586 0.069010 0.0 0.0 0.22058450469330781 0.0 0.18046254111816967 0.0 0.2575313961402382 0.0 0.25664626802376433 0.0 0.4424301568697413 0.0 0.4560192533335058
0 0.325684 0.574870 0.102539 0.152344 0.0 0.0 0.14230142011625901 0.0 0.1540115470527391 0.0 0.34389962302914023 0.0 0.3266664216963063 0.0 0.7825073979463893 0.0 0.6096582935665563
0 0.043457 0.895182 0.084961 0.074219 0.0 0.0 0.18185029859607857 0.0 0.2181031386505393 0.0 0.3044771470000644 0.0 0.2887793713573643 0.0 0.4495806534527061 0.0 0.4447596105957492
0 0.760254 0.392578 0.061523 0.126302 0.0 0.1964484919451163 0.0 0.20370269559124202 0.0 0.27945453868567427 0.0 0.2782863122708011 0.0 0.44183330205480803 0.0 0.44223159821033087 0.0
0 0.165527 0.869792 0.098633 0.067708 0.0 0.0 0.170698453268769 0.0 0.1798343284708061 0.0 0.29942846855752364 0.0 0.2996243367816365 0.0 0.4605837656688859 0.0 0.43118210521765293
0 0.365723 0.360026 0.102539 0.149740 0.0 0.11024768030233924 0.03999889207678044 0.01380499228177813 0.10047251127227737 0.24533489605280195 0.41446202797280063 0.3704019692566075 0.3378015683039558 0.4467597657211567 0.9648870845736692 0.4352225339750545 0.9741204094390143
0 0.801758 0.197917 0.052734 0.119792 0.0 0.2237997925472888 0.0 0.17134942371394246 0.0 0.3215896255737158 0.0 0.3200988050852518 0.0 0.4495842007249386 0.0 0.43132120581213435 0.0
0 0.662598 0.190104 0.108398 0.106771 0.0 0.10603226724388758 0.04938808335060168 0.13340451085485153 0.06355692508452301 0.38839561656094096 0.3766911941024786 0.3789148940483556 0.3788869419218635 0.438306344149395 0.42861355218201236 0.44448237321482287 0.44719222041414447
0 0.065918 0.522786 0.094727 0.071615 0.0 0.0 0.14914209602046274 0.0 0.13067072904738974 0.0 0.2758168807552742 0.0 0.27465477773080954 0.0 0.4538913091607608 0.0 0.4365180007792484
0 0.514648 0.372396 0.058594 0.143229 0.0 0.07982251648987682 0.11092782000407769 0.024928272440072487 0.10751794731125941 0.2617054056583194 0.19839248633747109 0.3580207874161401 0.257759791269671 0.42839508176843527 0.4741546969899054 0.4388678059350904 0.46444679607741235
0 0.046387 0.826172 0.090820 0.074219 0.0 0.0 0.16334541430027108 0.0 0.1349311940173337 0.0 0.2951241572209959 0.0 0.2864417916210462 0.0 0.43803099329369133 0.0 0.44680821200080817
0 0.518555 0.170573 0.076172 0.106771 0.0 0.06315324900750946 0.08526084225266692 0.08990535141101644 0.07597852671743792 0.2677599644053247 0.3207717271526089 0.28129479623209247 0.25841068009144724 0.4584006089055909 0.43843836190262664 0.45548770524248233 0.4333302756026127
0 0.643555 0.454427 0.101562 0.072917 0.0 0.0 0.19862870975894953 0.0 0.17109893611525676 0.0 0.2786848233592242 0.0 0.2795627297434733 0.0 0.4647318533883208 0.0 0.45243826104265883
0 0.052734 0.677083 0.097656 0.083333 0.0 0.0 0.21789233322479176 0.0 0.18906063772216555 0.0 0.3052297650803735 0.0 0.2915321874091829 0.0 0.44129411616966524 0.0 0.46068685283031086
0 0.675293 0.763021 0.090820 0.098958 0.0 0.0 0.11069122253860086 0.0 0.1390156953003496 0.0 0.29330882470322234 0.0 0.3017845920225465 0.0 0.9544739571834785 0.0 0.9641411994976626
0 0.458008 0.898438 0.107422 0.083333 0.0 0.0 0.22330435967537116 0.0 0.22610679973456496 0.0 0.2463656067563484 0.0 0.272101317181886 0.0 0.44109721225090465 0.0 0.47875300674895793
0 0.747070 0.190755 0.060547 0.121094 0.0 0.09008703733948503 0.0 0.09367783053407235 0.0 0.3219332931322727 0.0 0.32562616174263326 0.0 0.44132862696613495 0.0 0.442755170155708 0.0
0 0.049805 0.753255 0.089844 0.071615 0.0 0.0 0.20724784200986418 0.0 0.2054089046724498 0.0 0.3023267829650323 0.0 0.2898332104625035 0.0 0.4763156763511524 0.0 0.4119933717634192
0 0.705078 0.835286 0.070312 0.084635 0.0 0.0 0.16594109830893833 0.0 0.15144659516159173 0.0 0.2801387326632079 0.0 0.27906903519706694 0.0 0.9733498300282302 0.0 0.969959913542587
0 0.394043 0.148438 0.053711 0.125000 0.0 0.2526822189964636 0.0 0.19016989997670786 0.0 0.2869509883182221 0.0 0.2985923520638522 0.0 0.44530000251354335 0.0 0.44407931616280066 0.0
0 0.342773 0.141927 0.052734 0.130208 0.0 0.13897868884058973 0.0 0.18692961343691192 0.0 0.23380011477382853 0.0 0.2195814518093499 0.0 0.4452949937081521 0.0 0.43138996304977895 0.0
0 0.815430 0.779297 0.080078 0.102865 0.31926760457006564 0.0 0.0 0.0 0.0 0.0 0.0 0.0 0.0 0.0 0.0 0.0 0.0
0 0.450195 0.155599 0.058594 0.123698 0.0 0.29502889048757347 0.0 0.16843185164714178 0.0 0.2850434205096329 0.0 0.29620869000916894 0.0 0.443451070305221 0.0 0.45592893546286556 0.0
0 0.857910 0.204427 0.057617 0.122396 0.0 0.0 0.1497026022192907 0.0733714549452252 0.10762261394972589 0.0 0.3663425986299795 0.3688539689801077 0.3657377743875635 0.0 0.44367218408162584 0.6729961747702642 0.444853260078369
0 0.422363 0.712240 0.084961 0.101562 0.0 0.0 0.10882475965432854 0.0 0.23520635520626007 0.0 0.31088703828740966 0.0 0.3118674948405092 0.0 0.9730883855650003 0.0 0.9508112505314841
0 0.316406 0.776042 0.101562 0.083333 0.0 0.0 0.2089731915901491 0.0 0.12409571923667727 0.0 0.2678369964461622 0.0 0.3333404978339032 0.0 0.46621130082166673 0.0 0.4488053593141198
0 0.612793 0.666016 0.065430 0.076823 0.0 0.0 0.11008006905167943 0.0 0.22330307497936577 0.0 0.2508098088641238 0.0 0.2972269236076846 0.0 0.5426075670275473 0.0 0.5415200571815111
0 0.813965 0.865234 0.079102 0.063802 0.21260816098446764 0.0 0.0 0.0 0.0 0.0 0.0 0.0 0.0 0.0 0.0 0.0 0.0
0 0.160645 0.936849 0.100586 0.071615 0.0 0.0 0.17385074960077027 0.0 0.17681934026327203 0.0 0.2982779026067002 0.0 0.31877381596155063 0.0 0.49608441707812795 0.0 0.40037294325550415
0 0.315918 0.871094 0.110352 0.093750 0.0 0.0 0.09193576290422883 0.0 0.08384207504636451 0.0 0.26512619548020644 0.0 0.3410475933669598 0.0 0.4400492288160655 0.0 0.43680420868350645
0 0.150879 0.302734 0.075195 0.087240 0.0 0.0 0.04941436699708875 0.0 0.10755368677305623 0.0 0.27061923739879834 0.0 0.19978619832467132 0.0 0.9777556814978425 0.0 0.9772806620769883
0 0.628906 0.731771 0.062500 0.093750 0.0 0.0 0.06404813074924735 0.0 0.16329475186789238 0.0 0.26336535950466017 0.0 0.2645353694872848 0.0 0.8398631931831875 0.0 0.8449712462808928
0 0.069824 0.447266 0.098633 0.082031 0.0 0.0 0.17117205489616966 0.0 0.1684398910154702 0.0 0.2819251465068896 0.0 0.27202294774047947 0.0 0.45425107120943514 0.0 0.3902899144387681
0 0.662598 0.106771 0.090820 0.072917 0.0 0.0 0.15022201114387143 0.0 0.17031039866199035 0.0 0.3440590838113588 0.0 0.3283500734514698 0.0 0.44678303642779027 0.0 0.4547653823838731
0 0.186035 0.381510 0.086914 0.132812 0.0 0.0 0.2253220025694244 0.0 0.18965844146753708 0.0 0.2923767767320127 0.0 0.2879546264967243 0.0 0.70155739508542 0.0 0.6926924633600247
0 0.392578 0.655599 0.062500 0.087240 0.0 0.0 0.12469119183354817 0.0 0.19455895074359045 0.0 0.3164964175704126 0.0 0.2529247316618626 0.0 0.9727722236974196 0.0 0.9554662521238201
0 0.637695 0.557292 0.107422 0.138021 0.0 0.0 0.1910708390219855 0.0 0.19618470623940254 0.0 0.27733541318021937 0.0 0.2891575425392799 0.0 0.4421644167479957 0.0 0.5731476275882089
0 0.449707 0.349609 0.073242 0.110677 0.0 0.18808343190066593 0.0 0.214869422925517 0.0 0.24015128958661167 0.0 0.2640790994297164 0.0 0.44356946025083455 0.0 0.4405802861419943 0.0
0 0.461914 0.761719 0.089844 0.088542 0.0 0.0 0.17292310387916676 0.0 0.0756801114853307 0.0 0.30048341850137994 0.0 0.33992806294922284 0.0 0.7894050758259797 0.0 0.8191411404417017
0 0.270996 0.142578 0.043945 0.110677 0.0 0.24942975761426253 0.0 0.2136925294523239 0.0 0.3111288624705462 0.0 0.30787223207427755 0.0 0.2737556275041803 0.0 0.3436890439599722 0.0
0 0.641602 0.521484 0.105469 0.069010 0.0 0.0 0.21768051467904054 0.0 0.19770548259050244 0.0 0.2785482843268334 0.0 0.2792534957042626 0.0 0.4482414146248219 0.0 0.4485285089797622
0 0.181641 0.070964 0.072266 0.097656 0.0 0.0 0.08134566393757567 0.023959464042514783 0.11615191272400581 0.0 0.20281528018258557 0.27594293965790057 0.199991006560059 0.0 0.9733567740538865 0.022249413316499853 0.9970827465186892
0 0.066895 0.356120 0.083008 0.105469 0.0 0.0 0.10006433723760601 0.0 0.15730659932547897 0.0 0.2560069311390232 0.0 0.3903261874040929 0.0 0.48243104792215424 0.0 0.44170636425477183
0 0.223633 0.115885 0.068359 0.096354 0.0 0.12277047228472604 0.0 0.16733007663017507 0.0 0.28783143973071157 0.0 0.28469232014155776 0.0 0.1360557553216554 0.0 0.11791963614280379 0.0
0 0.187988 0.484375 0.102539 0.065104 0.0 0.0 0.14938408305089954 0.0 0.15916300213355053 0.0 0.21416386046902416 0.0 0.20157105209545617 0.0 0.44432382681712723 0.0 0.4361974372342025
0 0.040039 0.963542 0.078125 0.067708 0.04769137623720236 0.0 0.05392604444005598 0.0 0.2591653871756671 0.0 0.2842456293801097 0.0 0.25651954896487417 0.0 0.47310823317559564 0.0 0.4091966820167432
0 0.466797 0.826823 0.099609 0.057292 0.0 0.05788848048735964 0.15855526268909262 0.0 0.06638159886460818 0.29688514320670367 0.279785984328139 0.0 0.3399788330376295 0.4490653340209898 0.5684262783658749 0.0 0.5553694040885735
0 0.637695 0.591797 0.111328 0.076823 0.0 0.0 0.17089630106607243 0.0 0.16313725392782957 0.0 0.2767271789690082 0.0 0.27987200096662457 0.0 0.43800273812918755 0.0 0.4412680178920384
0 0.314453 0.946615 0.111328 0.067708 0.0 0.0 0.2221475870367087 0.0 0.2282874617936868 0.0 0.27439931728116285 0.0 0.2574306294527235 0.0 0.462171236812824 0.0 0.44515242236401553
0 0.454102 0.969401 0.099609 0.061198 0.0 0.0 0.19352135333004 0.0 0.2101921214359854 0.0 0.23697308308162443 0.0 0.2594699630355966 0.0 0.44898960967334084 0.0 0.41957108719259456
0 0.531738 0.080729 0.053711 0.075521 0.0 0.0 0.13408493353540307 0.0 0.14617014924723584 0.0 0.32602471363844576 0.0 0.3077845737173754 0.0 0.45753607834298327 0.0 0.43494736083410873
0 0.774414 0.916016 0.142578 0.095052 0.2939630291824375 0.0 0.0 0.0 0.0 0.0 0.0 0.0 0.0 0.0 0.0 0.0 0.0
0 0.310547 0.693359 0.072266 0.069010 0.0 0.0 0.03136014773418471 0.0 0.24011307010797328 0.0 0.28041928884071793 0.0 0.29754005100410263 0.0 0.37373185806565884 0.0 0.44835755112877607
0 0.821289 0.089193 0.085938 0.084635 0.1025900801680713 0.0 0.03404896191800805 0.0 0.12522025078703256 0.0 0.2883370970356991 0.0 0.27317128545083474 0.0 0.4164644528027774 0.0 0.38390232152697223
0 0.671387 0.036458 0.102539 0.067708 0.0 0.0 0.21782517987859712 0.0 0.2074836898275113 0.0 0.3144748491228592 0.0 0.31820605609789304 0.0 0.446909228915893 0.0 0.4311241245006986
0 0.527344 0.022135 0.068359 0.041667 0.0 0.0 0.09601772338222801 0.09148698668074026 0.051211553732401126 0.0 0.32469740151729537 0.3195159357284113 0.32571344106544386 0.0 0.43741033305517474 0.46456259813772427 0.45049712128054137
0 0.459473 0.035156 0.065430 0.067708 0.0 0.0 0.0 0.35650026711126986 0.0 0.0 0.0 0.3414635711384286 0.0 0.0 0.0 0.44003440224532886 0.0
0 0.400391 0.028646 0.052734 0.054688 0.0 0.0 0.0 0.43783888594191195 0.0 0.0 0.0 0.31279928850897315 0.0 0.0 0.0 0.4390583682129337 0.0
0 0.344238 0.027995 0.061523 0.053385 0.0 0.0 0.0 0.35100435012243614 0.0 0.0 0.0 0.3146603926444064 0.0 0.0 0.0 0.4405659427447372 0.0
0 0.280762 0.019531 0.059570 0.036458 0.0 0.0 0.0 0.47165162233415403 0.0 0.0 0.0 0.3019910096397699 0.0 0.0 0.0 0.43608146820867927 0.0
0 0.306152 0.146484 0.020508 0.115885 0.0 0.0711052625691891 0.0 0.1843202902779509 0.0 0.41637639164855333 0.0 0.17478914564401085 0.0 0.3635222993629622 0.0 0.41124963246218094 0.0
0 0.826660 0.021484 0.079102 0.040365 0.0 0.0 0.15572114715920915 0.0 0.22749128810571007 0.0 0.2985227527973255 0.0 0.26217665545842134 0.0 0.37309638485438024 0.0 0.4311470885698018
