0 0.485840 0.356120 0.174805 0.199219 0.3080534804906128 0.0 0.006463412401102837 0.0 0.0 0.0 0.07524073658265612 0.0 0.0 0.0 0.9058864916369102 0.0 0.0
0 0.607910 0.587891 0.241211 0.337240 0.1406654434938511 0.0012034098626749906 0.009111550874411924 0.003321957783501739 0.0041298440341259995 0.416671995268783 0.11457270156903766 0.13761952363070792 0.23916032868377413 0.8786881032553215 0.7167329580939682 0.9435419080253749 0.776921579738837
0 0.354492 0.236979 0.154297 0.153646 0.0 0.11284720345263986 0.09355431895258746 0.06593828125661653 0.06527778587283871 0.3265522050414297 0.32659581193734205 0.27710547096316995 0.32330504620078715 0.881215728594171 0.8710498369334658 0.8863191143959436 0.8766542171108584
0 0.063477 0.290365 0.125000 0.268229 0.33688864178947153 0.0 0.0 0.0 0.0 0.0 0.0 0.0 0.0 0.0 0.0 0.0 0.0
0 0.230469 0.121094 0.162109 0.231771 0.04985867975839541 0.0 0.048424919596896765 0.01747485580662806 0.15568443771374302 0.0 0.19587633932868043 0.18941207805083837 0.22719098162216905 0.0 0.6286787112212062 0.5328852839693253 0.7979258682594332
0 0.106445 0.460286 0.199219 0.272135 0.2101298063436811 0.0 0.0 0.0 0.0 0.0 0.0 0.0 0.0 0.0 0.0 0.0 0.0
0 0.171387 0.574219 0.225586 0.190104 0.19090597631030087 0.0 0.0 0.0 0.0 0.0 0.0 0.0 0.0 0.0 0.0 0.0 0.0
0 0.222168 0.701823 0.233398 0.265625 0.1650516109720123 0.0 0.10154378346998091 0.0 0.0 0.0 0.07519842677069899 0.0 0.0 0.0 0.8837042409941516 0.0 0.0
0 0.721680 0.807292 0.189453 0.208333 0.22164813497966965 0.0 0.009015112109612807 0.0 0.0076971190032757136 0.0 0.2559032828502399 0.0 0.27880028484813024 0.0 0.8802088929374804 0.0 0.8668085998906624
0 0.816895 0.498047 0.221680 0.311198 0.20921406265680825 0.0 0.0 0.0 0.0 0.0 0.0 0.0 0.0 0.0 0.0 0.0 0.0
0 0.351562 0.921875 0.212891 0.156250 0.0 0.20066144575639913 0.08711815369422489 0.16702549221153726 0.0 0.28070794062377186 0.2868406074712246 0.2790447179451215 0.0 0.8889784662588628 0.8749941193971665 0.8720235284631068 0.0
0 0.286133 0.829427 0.208984 0.200521 0.02271585552176083 0.0 0.054633234630118425 0.06875181725824281 0.057681540895289804 0.0 0.3154636041231983 0.2979984658407694 0.3109004912650768 0.0 0.879076722205314 0.8825867852641782 0.8831033964476838
0 0.340820 0.039062 0.115234 0.075521 0.0 0.02355547835554207 0.086715459423448 0.12358669501943835 0.09249331800291472 0.09066140198871797 0.26546799242244823 0.28662600519430825 0.2691756447834316 0.5417003058762232 0.5327375093491334 0.5460298312450333 0.5143765818559173
0 0.481445 0.054688 0.162109 0.106771 0.055108170626825555 0.0 0.009896698165979724 0.06022015523969527 0.0 0.0 0.12661854836060973 0.08589117913084182 0.0 0.0 0.5259667641692409 0.7738697175054701 0.0
0 0.743652 0.070312 0.110352 0.138021 0.0 0.0 0.12325083819164288 0.049296811758500744 0.10050661718941574 0.0 0.32962611756940985 0.3325000209278005 0.3302080788607575 0.0 0.5452065651454879 0.5352034910717212 0.5510750364844142
0 0.799316 0.926432 0.133789 0.147135 0.0 0.0 0.12910075965591003 0.0 0.10829285168873237 0.0 0.27202862474348016 0.0 0.23900840791894942 0.0 0.8746246441085642 0.0 0.8781573140742059
