0 0.501302 0.312012 0.203125 0.114258 0.3340673687116669 0.0 0.0 0.0 0.0 0.0 0.0 0.0 0.0 0.0 0.0 0.0 0.0
0 0.566406 0.381836 0.174479 0.115234 0.0 0.0 0.12517503423714949 0.0 0.16564812115897054 0.0 0.19410040055836708 0.0 0.1993372938685566 0.0 0.8802249214715876 0.0 0.8686654760756299
0 0.673828 0.091309 0.183594 0.143555 0.0 0.05618126444255385 0.02623396118236018 0.0 0.13247795773387983 0.28624917392864657 0.28510450456516545 0.0 0.31762643348621145 0.028435343629878516 0.89278239845308 0.0 0.8854779108266257
0 0.631510 0.467773 0.213542 0.117188 0.13747714037159114 0.0 0.023604127712055056 0.0 0.08574673190718868 0.0 0.20059846357337946 0.0 0.2176688090033325 0.0 0.9089512396567835 0.0 0.9048445558230999
0 0.616536 0.968750 0.305990 0.062500 0.35813113284034737 0.0 0.0 0.0 0.0 0.0 0.0 0.0 0.0 0.0 0.0 0.0 0.0
0 0.389323 0.120117 0.294271 0.238281 0.021423850521724686 0.0 0.020063121484785975 0.0 0.15544184328184907 0.0 0.3039807771909563 0.0 0.2768743558428387 0.0 0.20851668733706233 0.0 0.3419961283139801
0 0.937500 0.873535 0.125000 0.186523 0.0 0.07423007329636379 0.06935228757192802 0.02938356506269567 0.211994945176142 0.3716394196045018 0.3768687864808152 0.3905962764840853 0.3768338784132001 0.8689663155546886 0.8883108439050272 0.8739344256653996 0.8359171095985295
0 0.630208 0.014648 0.156250 0.027344 0.0 0.0 0.10833206559954804 0.0 0.09943759679514583 0.0 0.18903920157637633 0.0 0.12113490622439939 0.0 0.884931437511609 0.0 0.9161620044359725
0 0.754557 0.186523 0.147135 0.074219 0.0 0.007146965982110074 0.23598539582207512 0.0 0.21097524375094065 0.32093162566824385 0.2564201302736201 0.0 0.3029082572442446 0.38015464479284194 0.8753833642888665 0.0 0.8639957516310832
0 0.788411 0.232422 0.147135 0.074219 0.0 0.0 0.26389572332029965 0.0 0.23044932368758034 0.0 0.2696199638780806 0.0 0.29267159927947056 0.0 0.8562674416521148 0.0 0.8899255491845239
0 0.861979 0.294434 0.179688 0.135742 0.0 0.01942957882298243 0.14248219750241953 0.019010143480317168 0.1313597465645505 0.3057745138337802 0.27656716300635076 0.2498730013862434 0.2691273617685835 0.866035320687705 0.8716344860607957 0.8666987399761845 0.8807414325077195
0 0.908854 0.430664 0.182292 0.205078 0.0364243036502699 0.0 0.06848668417860775 0.08386947702073963 0.006741239771122627 0.0 0.16607031368857886 0.16128760972098646 0.3234908442413181 0.0 0.8764190919628284 0.8755345820824186 0.5189849245921405
0 0.761068 0.582031 0.282552 0.156250 0.25818086081976477 0.0 0.0 0.0 0.0 0.0 0.0 0.0 0.0 0.0 0.0 0.0 0.0
0 0.436198 0.254883 0.179688 0.072266 0.4101145271382558 0.0 0.0 0.0 0.0 0.0 0.0 0.0 0.0 0.0 0.0 0.0 0.0
0 0.085286 0.691895 0.167969 0.176758 0.0 0.13824564373997913 0.091987678063692 0.09189732416319445 0.00859073121082509 0.27923946855515075 0.3345456971382775 0.29580528012476304 0.33398802400110494 0.23690706049592464 0.18549297341859552 0.21235027393592595 0.25209985754927305
0 0.145833 0.504883 0.289062 0.224609 0.32803785873488794 0.0 0.003247023678900114 0.0 0.00863579387880012 0.0 0.1696746764010495 0.0 0.12920024569745656 0.0 0.8170560606439791 0.0 0.17498595431349642
0 0.280599 0.626953 0.149740 0.107422 0.04788276517935483 0.0 0.08761069622945725 0.0 0.1251681805731709 0.0 0.15670520571314664 0.0 0.12495956734249225 0.0 0.8814762724834717 0.0 0.7313500248771655
0 0.343750 0.764160 0.307292 0.211914 0.23048179658835335 0.0 0.0 0.0 0.0 0.0 0.0 0.0 0.0 0.0 0.0 0.0 0.0
0 0.090495 0.893066 0.178385 0.163086 0.16545156098237673 0.0 0.0 0.0 0.0 0.0 0.0 0.0 0.0 0.0 0.0 0.0 0.0
