0 0.597168 0.625000 0.100586 0.130208 0.0 0.07706177706221935 0.058100550461516416 0.07795294616927971 0.032288131371388896 0.3358686254226943 0.3593064717046467 0.3218092603645192 0.3698163758310479 0.9598839151518557 0.9708997652819559 0.9712574875849479 0.9621965687499691
0 0.493652 0.444010 0.096680 0.130208 0.08509006147706144 0.0 0.01099228079867845 0.0997897350366514 0.03245941806048593 0.0 0.11970470263902783 0.30353948681484955 0.3493554707852722 0.0 0.7688686322120164 0.856734568526521 0.006774488978588996
0 0.046875 0.589193 0.091797 0.144531 0.0 0.13196593601678996 0.03944741721667425 0.12400168896262032 0.05871238347175095 0.2484901532928631 0.3263802772532284 0.3246551947337336 0.2918553436358613 0.9034605053652017 0.8897388661589225 0.9079104048362245 0.9099691478065128
0 0.763184 0.478516 0.100586 0.118490 0.0 0.09259355527913718 0.06313915254307308 0.033097542131290396 0.06327972369246436 0.2654494494342489 0.3064744945215102 0.29007776889639103 0.308239592184838 0.9685576074066076 0.9764968649450902 0.9652285934410637 0.959267328287923
0 0.150391 0.490234 0.078125 0.110677 0.0 0.1758962221482318 0.0 0.14784844314501547 0.0 0.15981390791485753 0.0 0.32802641060218124 0.0 0.9018846399325374 0.0 0.9089259021838239 0.0
0 0.374023 0.263021 0.083984 0.114583 0.0 0.032606992397488266 0.10295623082872074 0.12174086912843204 0.0 0.29600099798328044 0.31492936163286805 0.3214351250415618 0.0 0.8974047947469168 0.9163932635724724 0.9141511486808654 0.0
0 0.347656 0.599609 0.080078 0.121094 0.046359571192780356 0.16342791454952868 0.0 0.1008185907014874 0.0 0.17265170872202396 0.0 0.32229813615638847 0.0 0.9226749768561484 0.0 0.930557111285254 0.0
0 0.282227 0.354167 0.070312 0.106771 0.0 0.13630346389955175 0.0 0.18885375661840004 0.0 0.24083017171597113 0.0 0.24403945050918716 0.0 0.9009020033839448 0.0 0.9169457585252714 0.0
0 0.436035 0.505859 0.081055 0.102865 0.0 0.14955922433594626 0.0 0.1611003236063189 0.0 0.3509238603992274 0.0 0.3418698227234102 0.0 0.9484448252486617 0.0 0.9279964354199213 0.0
0 0.104980 0.533203 0.083008 0.113281 0.0 0.22931930170850465 0.0 0.1376019789086586 0.0 0.21128499933411335 0.0 0.3331332610443617 0.0 0.9228258481458147 0.0 0.9084653577062883 0.0
0 0.327148 0.319010 0.080078 0.106771 0.0 0.0870794788347217 0.040339981208152347 0.15156932224986966 0.0 0.3102091546237477 0.2809822806971345 0.32033495480122226 0.0 0.9248588160067739 0.8822638691857649 0.9072858599276173 0.0
0 0.240723 0.397135 0.073242 0.114583 0.0 0.17240223310872302 0.0 0.21011745532695067 0.0 0.2491855239685753 0.0 0.24849802679881994 0.0 0.9050348749597288 0.0 0.9100037439803473 0.0
0 0.867188 0.666016 0.072266 0.108073 0.0 0.0 0.05513829544816716 0.06999250719648618 0.10732923114287672 0.0 0.28839952506748 0.28484465950868276 0.3233340719995677 0.0 0.942169523175682 0.9702471128792259 0.9921464929145303
0 0.829102 0.601562 0.074219 0.093750 0.0 0.0 0.18282938437934046 0.0 0.1296367760798935 0.0 0.2736576368853736 0.0 0.3393858645642985 0.0 0.9771057510528203 0.0 0.9713226121729955
0 0.196289 0.444010 0.076172 0.106771 0.0 0.14350797959922812 0.0 0.126226348370064 0.0 0.23218386403361393 0.0 0.34293570246540533 0.0 0.9088758697849809 0.0 0.9092155401501277 0.0
0 0.609863 0.222005 0.114258 0.113281 0.0 0.051851646374847536 0.0355785680553445 0.10021609062975306 0.06973916639685086 0.2597028614340672 0.3107872991375889 0.2887270206928022 0.3246684091818107 0.8593709622446914 0.9010225663407557 0.951393982244937 0.8828236993151588
0 0.163086 0.796875 0.095703 0.145833 0.0 0.0 0.0 0.10984854530495339 0.21407695003648985 0.0 0.0 0.30593480326799627 0.19679904044474766 0.0 0.0 0.9112968505722121 0.2464337102393886
0 0.554688 0.692057 0.072266 0.102865 0.0 0.1212264548503406 0.020213877959030457 0.14648522872868855 0.02661756863585342 0.33730809870755596 0.3816158139014263 0.33276037171991313 0.3443423241480488 0.954389154587781 0.9764602981762541 0.9362100103214139 0.9460835453699827
0 0.949219 0.501302 0.085938 0.114583 0.07438339559537321 0.0 0.0 0.13991863438122276 0.13594685609635423 0.0 0.0 0.292747407562723 0.30884163450812446 0.0 0.0 0.6660772638459973 0.009022531907412675
0 0.399902 0.563802 0.063477 0.096354 0.0 0.11660734276292613 0.0 0.15663729684008348 0.0 0.30915867302446354 0.0 0.32311327572646464 0.0 0.9280717369923477 0.0 0.9363785953513425 0.0
0 0.137695 0.205078 0.068359 0.089844 0.0 0.12819805316144614 0.0 0.2183082051708261 0.0 0.31028889052508185 0.0 0.36761335645198784 0.0 0.8838108969148126 0.0 0.8686034250727087 0.0
0 0.089355 0.242839 0.075195 0.113281 0.0 0.047033646522809947 0.06911709843193103 0.1298606053611531 0.0 0.3137033547049842 0.251071057059718 0.3261581107232572 0.0 0.8689093973116051 0.9147279100928172 0.8839536681043866 0.0
0 0.047363 0.288411 0.067383 0.089844 0.0 0.10790056366770842 0.0 0.19115161693727736 0.0 0.30748976197397765 0.0 0.3340367282487702 0.0 0.8806256002498819 0.0 0.8338532911661451 0.0
0 0.267578 0.692057 0.074219 0.105469 0.0 0.07982133359543983 0.0 0.10196058391597569 0.022607270350423918 0.30623656138918864 0.0 0.33009348636676195 0.3186379916633384 0.9380746249228221 0.0 0.9299928617688207 0.9127323576166294
0 0.791504 0.552083 0.075195 0.098958 0.11369030505330559 0.0 0.05624522265232701 0.0 0.15099002136311124 0.0 0.2932152568416992 0.0 0.3437910685730291 0.0 0.9726010309679927 0.0 0.9561375838282418
0 0.179199 0.155599 0.075195 0.108073 0.0 0.12223435782564096 0.0 0.19575498411079667 0.0 0.3477219349064772 0.0 0.3670700325080327 0.0 0.8953268994194173 0.0 0.8733945371570049 0.0
0 0.509766 0.749349 0.072266 0.097656 0.0 0.06327391610837087 0.0 0.08959430129822694 0.06257903439577574 0.25834277704753006 0.0 0.4175714747920341 0.4225002207463241 0.03225565927204573 0.0 0.95698343905041 0.03980088212730569
0 0.226074 0.748047 0.073242 0.095052 0.0 0.04703449992343777 0.0 0.1485997461502719 0.0 0.19451162150114942 0.0 0.35498453244579914 0.0 0.960130520008646 0.0 0.9319511908403494 0.0
0 0.307129 0.651693 0.073242 0.105469 0.0 0.07195062376616937 0.05887175173974916 0.12687571535707953 0.0 0.3127670364963684 0.2834554209788801 0.3222085946678328 0.0 0.9301051601992514 0.9945790824970054 0.9412958003168158 0.0
0 0.434082 0.845052 0.067383 0.091146 0.0 0.07763098782571852 0.0 0.21301283012464128 0.0 0.24455442934668298 0.0 0.4200070855449749 0.0 0.9658907979906713 0.0 0.9820995780914448 0.0
0 0.472168 0.792318 0.069336 0.095052 0.09966648601012634 0.09482232336011423 0.0 0.12905513086747952 0.0 0.34190795895929293 0.0 0.4720526454359826 0.0 0.45892847551925475 0.0 0.9796326655452176 0.0
0 0.018066 0.328776 0.034180 0.102865 0.0 0.1116144964718944 0.0 0.28690054072001503 0.0 0.30785819522383806 0.0 0.329006283411417 0.0 0.8788869376511598 0.0 0.8640090224365091 0.0
0 0.561035 0.166016 0.077148 0.089844 0.0 0.0 0.07040082968961855 0.0 0.11572035332007773 0.0 0.29773849192001905 0.0 0.30281181698671455 0.0 0.9215869378393255 0.0 0.8876400451538886
0 0.389160 0.893229 0.077148 0.096354 0.0 0.09657604570169745 0.0 0.2200596182566774 0.0 0.2561608954474841 0.0 0.4140582250283715 0.0 0.9574708176238096 0.0 0.9730651730397823 0.0
0 0.984375 0.464844 0.029297 0.104167 0.0 0.0 0.0 0.147520987194452 0.21604953816726297 0.0 0.0 0.2995293471203346 0.30464422320974127 0.0 0.0 0.9888231783649094 0.009629508051654372
0 0.900391 0.198568 0.097656 0.113281 0.07463026395436884 0.0 0.13068008868163586 0.013148110271762332 0.05298385918386116 0.0 0.3339960540593597 0.3359163517836721 0.3194024169357759 0.0 0.9371929335099247 0.9370401371179532 0.9340968669405735
0 0.231445 0.122396 0.066406 0.088542 0.0 0.16537877777004759 0.0 0.21312074906719783 0.0 0.13594299368164572 0.0 0.3208338880042617 0.0 0.8983582891550506 0.0 0.8816013888997292 0.0
0 0.346191 0.946615 0.077148 0.091146 0.0 0.1166164774059946 0.0 0.07316606859236693 0.0 0.318682737483467 0.0 0.3250618196695717 0.0 0.9642309102403769 0.0 0.9693904553753252 0.0
0 0.642090 0.910156 0.108398 0.122396 0.0 0.19974981236305372 0.0 0.0 0.0 0.07097249660826192 0.0 0.0 0.0 0.9918972744924304 0.0 0.0 0.0
0 0.979980 0.859375 0.040039 0.158854 0.0 0.0 0.0 0.05972257586006112 0.06976334283139687 0.0 0.0 0.28384257266845153 0.2756174257791285 0.0 0.0 0.0400422078863648 0.04264846388327486
0 0.514648 0.075521 0.130859 0.143229 0.0 0.026620472777717924 0.08942948937015546 0.020219399068873187 0.11761954700807825 0.30202598135100456 0.30825344334668625 0.3123908055095018 0.3815662421615892 0.8963707041065768 0.9009731422093927 0.8908870310763619 0.9008552469420108
0 0.035645 0.941406 0.069336 0.117188 0.0 0.04985490582465755 0.10653128930756296 0.1127873580151269 0.0 0.2882038751732041 0.2976716544004163 0.2958783497462558 0.0 0.9322380006040741 0.9179349874721013 0.9212831942666968 0.0
0 0.834961 0.104818 0.097656 0.113281 0.0 0.0 0.10821569133797823 0.0 0.20708857163856034 0.0 0.33204611349507784 0.0 0.3266624491132856 0.0 0.916144337045881 0.0 0.9242711085825748
0 0.282715 0.970703 0.079102 0.058594 0.0 0.0 0.0 0.05288970265589849 0.2646756300305515 0.0 0.0 0.31859899960309546 0.2719517926441514 0.0 0.0 0.9575955914251065 0.037007638320733664
0 0.273926 0.072266 0.081055 0.100260 0.0 0.07275573488607401 0.08897613157476325 0.12517137035663892 0.0 0.3033219492829358 0.3342712127858003 0.31714639305301673 0.0 0.8592559115026721 0.861188756707504 0.892799559934956 0.0
0 0.041016 0.020182 0.072266 0.037760 0.0 0.0 0.0 0.1814083233188061 0.0 0.0 0.0 0.24673915944679778 0.0 0.0 0.0 0.8505110887622436 0.0
0 0.572754 0.966146 0.110352 0.067708 0.0 0.0 0.0 0.0 0.32808996609844143 0.0 0.0 0.0 0.09692611809104522 0.0 0.0 0.0 0.31975242593230463
