0 0.540527 0.191895 0.106445 0.108398 0.0 0.11380548610622254 0.03401887356300348 0.10693723635308541 0.05063269767288614 0.2484901532928631 0.3263802772532284 0.3246551947337336 0.2918553436358613 0.9034605053652017 0.8897388661589225 0.9079104048362245 0.9099691478065128
0 0.516602 0.466309 0.101562 0.110352 0.0 0.10473351391495454 0.05094156377521718 0.11765353805952178 0.0 0.2870238859447829 0.2989018827104978 0.301458661980889 0.0 0.9379322534241229 0.9188862051505118 0.9612814271197136 0.0
0 0.339355 0.908203 0.102539 0.087891 0.0 0.0918345425072797 0.0 0.057998209668089946 0.06980763991612034 0.3022968702060127 0.0 0.324895009436481 0.29394973094810495 0.7113759628036647 0.0 0.9535562934409522 0.976444950486542
0 0.788574 0.498535 0.098633 0.106445 0.0 0.0 0.0 0.12972046567729012 0.20205477950363548 0.0 0.0 0.3154297394881869 0.2802941876436101 0.0 0.0 0.9620606758130211 0.3263127376993424
0 0.388184 0.310547 0.084961 0.083984 0.0 0.1970767990628232 0.06767911754711392 0.08730065396517613 0.0 0.188920114377588 0.31711407019185706 0.318560563577979 0.0 0.9379613955645817 0.9101576407916847 0.9099347590697303 0.0
0 0.194336 0.741699 0.087891 0.092773 0.04357289448330848 0.17374861916893639 0.03968627679009417 0.044074645134112946 0.03478727159050867 0.4063039744435988 0.4117547274104637 0.41195976821992913 0.4070646785528282 0.960557330940781 0.009024563254588556 0.929751186908688 0.9358264591839947
0 0.650391 0.117676 0.078125 0.083008 0.0 0.1758962221482318 0.0 0.14784844314501547 0.0 0.15981390791485753 0.0 0.32802641060218124 0.0 0.9018846399325374 0.0 0.9089259021838239 0.0
0 0.049805 0.551270 0.097656 0.129883 0.11494715197304892 0.016324546382884015 0.014541866660760528 0.07981113856365488 0.03611028570691037 0.2932996924038873 0.3905709687250621 0.388645495639055 0.412936185800192 0.8891290339845661 0.947776766974804 0.9058685197838492 0.898568109213469
0 0.646484 0.638672 0.085938 0.082031 0.04177908644337223 0.048817276764792375 0.04526237860305922 0.09453736473963306 0.024615378810207842 0.3255630938676789 0.32561546352085374 0.3138048082892801 0.3249384206721059 0.9657356786301448 0.9605552540564947 0.9752679090471115 0.9661093564524972
0 0.439941 0.038086 0.086914 0.074219 0.0 0.08137621834064854 0.0 0.133857911579843 0.07778944347829622 0.3214195928097144 0.0 0.34761205181856253 0.31766727250200394 0.9130195178814552 0.0 0.8874105786253116 0.8961296667282515
0 0.847656 0.199219 0.082031 0.089844 0.04574768244256509 0.16127086909351782 0.0 0.09948791054471309 0.0 0.17265170872202396 0.0 0.32229813615638847 0.0 0.9226749768561484 0.0 0.930557111285254 0.0
0 0.662598 0.347168 0.098633 0.110352 0.0 0.0 0.0 0.10564248079095491 0.20588001433457573 0.0 0.0 0.30593480326799627 0.19679904044474766 0.0 0.0 0.9112968505722121 0.24643371023938856
0 0.936523 0.129395 0.082031 0.077148 0.0 0.14777875737956594 0.0 0.15918246261100558 0.0 0.3509238603992274 0.0 0.3418698227234102 0.0 0.9484448252486617 0.0 0.9279964354199213 0.0
0 0.605469 0.149902 0.082031 0.084961 0.0 0.23204929339551064 0.0 0.13924009770519025 0.0 0.21128499933411335 0.0 0.3331332610443617 0.0 0.9228258481458147 0.0 0.9084653577062883 0.0
0 0.464355 0.521484 0.073242 0.072266 0.03031315661390676 0.0842850470083432 0.0 0.19340626067719185 0.0 0.09367966787459046 0.0 0.3308639941374364 0.0 0.9480802449289646 0.0 0.9331780066517694 0.0
0 0.270996 0.154785 0.075195 0.067383 0.05097517481485579 0.04099580265016131 0.025178815510527842 0.09267945842497129 0.0 0.26666280637753115 0.2978775098604089 0.2834749796928731 0.0 0.8873663898327583 0.8919086654762538 0.8832078114470209 0.0
0 0.118652 0.526855 0.069336 0.077148 0.0 0.18608999249696412 0.0 0.11290648263040981 0.0 0.3241261361647551 0.0 0.33682606187222436 0.0 0.9156438283425556 0.0 0.9310653153049985 0.0
0 0.174316 0.213867 0.071289 0.080078 0.0 0.12824082755179342 0.0646347022393718 0.128189136088036 0.0 0.3698207432836964 0.3171957054139684 0.39210504415706426 0.0 0.9666944835830097 0.839878447272334 0.8638626287152988 0.0
0 0.341309 0.359375 0.073242 0.070312 0.0 0.130306462896184 0.0 0.14155029396423296 0.0 0.3186815515350848 0.0 0.317285078212497 0.0 0.909445811125723 0.0 0.9131730335948108 0.0
0 0.252930 0.701660 0.068359 0.075195 0.0 0.12722211573562464 0.0 0.1980144939963279 0.0 0.34693680896506557 0.0 0.39493582983108055 0.0 0.9496408672633218 0.0 0.9536639448113704 0.0
0 0.740723 0.047363 0.073242 0.084961 0.0 0.17438386797204167 0.0 0.21253259849162823 0.0 0.2491855239685753 0.0 0.24849802679881994 0.0 0.9050348749597288 0.0 0.9100037439803473 0.0
0 0.382812 0.593750 0.068359 0.076172 0.0 0.110045775820501 0.0 0.1277624760244138 0.0 0.31332253489010825 0.0 0.3410174093491012 0.0 0.9401297529530884 0.0 0.9297762688811405 0.0
0 0.221680 0.184082 0.074219 0.077148 0.0 0.10758244687731548 0.0 0.1412833863493185 0.0 0.3279214368224875 0.0 0.31786648212409174 0.0 0.8757105961231406 0.0 0.8824455243901526 0.0
0 0.696289 0.083008 0.076172 0.080078 0.0 0.14350797959922812 0.0 0.126226348370064 0.0 0.23218386403361393 0.0 0.34293570246540533 0.0 0.9088758697849809 0.0 0.9092155401501277 0.0
0 0.129395 0.244629 0.073242 0.083008 0.0 0.11687857972899779 0.0 0.1352084520793023 0.1080898531222167 0.29812509692346106 0.0 0.3461210141944111 0.25470173024174975 0.8702074956583483 0.0 0.8744722651170421 0.8624670035128528
0 0.393066 0.862305 0.073242 0.068359 0.0 0.15076264147758658 0.0 0.13458925686085924 0.0 0.35776621812640996 0.0 0.3767024869095649 0.0 0.9687831554311995 0.0 0.9632622958155032 0.0
0 0.899414 0.172852 0.064453 0.072266 0.0 0.11484056484227573 0.0 0.1542640044637186 0.0 0.30915867302446354 0.0 0.32311327572646464 0.0 0.9280717369923477 0.0 0.9363785953513425 0.0
0 0.515625 0.753418 0.072266 0.073242 0.0 0.11051446936857542 0.0 0.12392679197148276 0.06153589586003021 0.30932000538688115 0.0 0.33425905537132616 0.29702680865688486 0.942430008883567 0.0 0.9614986271353195 0.9382786123144184
0 0.767578 0.269043 0.074219 0.079102 0.0 0.07982133359543983 0.0 0.10196058391597569 0.022607270350423918 0.30623656138918864 0.0 0.33009348636676195 0.3186379916633384 0.9380746249228221 0.0 0.9299928617688207 0.9127323576166294
0 0.556152 0.718750 0.073242 0.076172 0.038497841325864986 0.1108960189061209 0.0 0.10414970655439748 0.0 0.3328540276579581 0.0 0.33463917835169443 0.0 0.962093668158089 0.0 0.9870998078008294 0.0
0 0.211914 0.462402 0.060547 0.069336 0.020678352425000237 0.1034304255070581 0.0 0.1429937585637764 0.0 0.31503654196638387 0.0 0.328061369404061 0.0 0.9106750933943437 0.0 0.9225265163686117 0.0
0 0.334473 0.627441 0.065430 0.086914 0.0 0.1528439872469152 0.0 0.14037820716434232 0.0 0.2780214755376103 0.0 0.3534878650740474 0.0 0.9263178449574906 0.0 0.9246562452428129 0.0
0 0.890137 0.420898 0.073242 0.074219 0.0 0.09904974792493391 0.0 0.22569623304009404 0.0 0.2561608954474841 0.0 0.4140582250283715 0.0 0.9574708176238096 0.0 0.9730651730397823 0.0
0 0.082031 0.274414 0.074219 0.083984 0.0 0.08450142670612168 0.05706948219099316 0.05950091459566042 0.0 0.36737812140451465 0.3133104894017238 0.4121398981450879 0.0 0.884233288654179 0.933622603903282 0.895643649286779 0.0
0 0.295410 0.661133 0.071289 0.089844 0.0 0.08812999415271018 0.022010504405040203 0.18426023621193433 0.09276933601845454 0.30256473831063596 0.31982490812238407 0.3317433464191111 0.2642517226089321 0.9548714559761267 0.9147316287513653 0.9244008720588448 0.9314499409642214
0 0.245605 0.413086 0.077148 0.099609 0.0 0.06295445940733131 0.03224686707726799 0.10040014239902816 0.05412030178531955 0.2390094553462254 0.2983271395738379 0.33225877015633215 0.33180740960894695 0.9180663063642701 0.9341677288900397 0.8870344249295209 0.7893512136514822
0 0.726074 0.311035 0.073242 0.071289 0.0 0.04703449992343777 0.0 0.1485997461502719 0.0 0.19451162150114942 0.0 0.35498453244579914 0.0 0.960130520008646 0.0 0.9319511908403494 0.0
0 0.934082 0.384277 0.065430 0.069336 0.0 0.07882229791848232 0.0 0.21628168372966516 0.0 0.24455442934668298 0.0 0.4200070855449749 0.0 0.9658907979906713 0.0 0.9820995780914448 0.0
0 0.434082 0.828613 0.069336 0.079102 0.0 0.05286908204312027 0.0 0.1770714310771405 0.04527242143600263 0.3624673127234994 0.0 0.3317641541460105 0.3119054768978534 0.9610897821320789 0.0 0.9351661988281699 0.979576212766039
0 0.600586 0.686035 0.072266 0.069336 0.0 0.07091909339111746 0.0 0.23289540905420875 0.0 0.25867309146453193 0.0 0.2724846673278685 0.0 0.9468653353170016 0.0 0.9627270800458292 0.0
0 0.037598 0.307617 0.067383 0.082031 0.0 0.0751105218217221 0.04755525913233884 0.17059794127759856 0.09252135208138942 0.30648536660698816 0.332429377147201 0.34894010268724285 0.26327133599434954 0.8879390632491684 0.9463825735832229 0.8528517945908068 0.8752600996102681
0 0.418457 0.555176 0.083008 0.071289 0.03625502838985827 0.05892980962223021 0.034292506668670064 0.06605129617906338 0.0 0.29413488196739257 0.26063671609692884 0.3564613775596287 0.0 0.6151590040241108 0.9829565290413487 0.939963072056033 0.0
0 0.297363 0.393066 0.065430 0.065430 0.0 0.14374070252444154 0.0 0.16564768595029328 0.0 0.3019548710432061 0.0 0.35105200640373596 0.0 0.8898988721950174 0.0 0.8783166750368796 0.0
0 0.974121 0.082031 0.051758 0.095703 0.0 0.056018296464683495 0.0 0.11916939485119717 0.0 0.3588441128515665 0.0 0.3366799628571501 0.0 0.9514315910817177 0.0 0.9434054180784605 0.0
0 0.847656 0.458984 0.074219 0.070312 0.0 0.1178525438697277 0.0 0.07394158613227139 0.0 0.318682737483467 0.0 0.3250618196695717 0.0 0.9642309102403769 0.0 0.9693904553753252 0.0
0 0.779297 0.027832 0.076172 0.053711 0.0 0.1875840678002223 0.0 0.2599050300874205 0.0 0.24083017171597113 0.0 0.24403945050918716 0.0 0.9009020033839448 0.0 0.9169457585252714 0.0
0 0.806641 0.238281 0.074219 0.078125 0.0 0.07189145384530901 0.05882333747022632 0.12677137677537137 0.0 0.3127670364963684 0.2834554209788801 0.3222085946678328 0.0 0.9301051601992514 0.9945790824970054 0.9412958003168158 0.0
0 0.475098 0.792480 0.067383 0.067383 0.0 0.13698210612378656 0.0 0.15538308008618062 0.040756638798604736 0.25955823403952977 0.0 0.3572230807903379 0.3094147368258764 0.9257919278245033 0.0 0.9178365669750222 0.11575546955549719
0 0.162109 0.488770 0.068359 0.075195 0.0 0.14224015510342503 0.0 0.14148121790897258 0.0 0.3179202767615586 0.0 0.3286337804755256 0.0 0.9030887438461902 0.0 0.8906840985670215 0.0
0 0.022461 0.060547 0.042969 0.080078 0.0 0.07629459583771656 0.0 0.1357277280982669 0.09874642471018982 0.4117596388356403 0.0 0.46142077852496105 0.37444787406841284 0.8555654844031235 0.0 0.8505820468386213 0.8777295924501816
0 0.124512 0.020020 0.065430 0.038086 0.0 0.09247815176084583 0.0 0.2891081080892401 0.0 0.32371843963411046 0.0 0.33098889469840576 0.0 0.8568571490661636 0.0 0.8461494058492646 0.0
0 0.062012 0.037109 0.065430 0.066406 0.0 0.14651610795455916 0.060999579609174494 0.09289789974094187 0.0 0.33495159391318347 0.37836194438083026 0.464120307862925 0.0 0.8711794486277542 0.8419848396668704 0.875735345055412 0.0
0 0.973145 0.336914 0.053711 0.117188 0.07826839348340679 0.07446425787507152 0.0 0.10134738534638581 0.0 0.34190795895929293 0.0 0.4720526454359826 0.0 0.45892847551925475 0.0 0.9796326655452176 0.0
0 0.011230 0.339844 0.020508 0.058594 0.0 0.08476265002220723 0.0 0.0855534617094937 0.0 0.15049291273821383 0.0 0.3337081504414125 0.0 0.7405995885114873 0.0 0.892151678546685 0.0
0 0.502441 0.017578 0.079102 0.033203 0.0 0.0 0.0 0.3782803508207412 0.0 0.0 0.0 0.3345157700410326 0.0 0.0 0.0 0.8977454463098429 0.0
0 0.831055 0.013184 0.072266 0.024414 0.0 0.0 0.0 0.20888146662803372 0.0 0.0 0.0 0.3231784596773491 0.0 0.0 0.0 0.9175719730356756 0.0
0 0.708984 0.872559 0.277344 0.249023 0.03054538125859519 0.16143847475118414 0.0 0.0 0.0 0.0831956284007238 0.0 0.0 0.0 0.9964972117187376 0.0 0.0 0.0
0 0.942871 0.630371 0.114258 0.165039 0.0 0.0 0.0 0.0 0.21621539633299947 0.0 0.0 0.0 0.07220271137425555 0.0 0.0 0.0 0.017263231032023894
