0 0.766113 0.216309 0.100586 0.110352 0.0 0.10575034414713856 0.051436142064296954 0.11879580541932296 0.0 0.2870238859447829 0.2989018827104978 0.301458661980889 0.0 0.9379322534241229 0.9188862051505118 0.9612814271197136 0.0
0 0.589355 0.657715 0.104492 0.086914 0.0 0.09113057090137491 0.0 0.0575536156004883 0.06927251887087445 0.3022968702060127 0.0 0.324895009436481 0.29394973094810495 0.7113759628036647 0.0 0.9535562934409522 0.976444950486542
0 0.444336 0.491699 0.087891 0.092773 0.04357289448330848 0.17374861916893639 0.03968627679009417 0.044074645134112946 0.03478727159050867 0.4063039744435988 0.4117547274104637 0.41195976821992913 0.4070646785528282 0.960557330940781 0.009024563254588556 0.929751186908688 0.9358264591839947
0 0.172852 0.125977 0.109375 0.105469 0.0 0.1029896476488612 0.010983582975541268 0.11467043303612894 0.07664334806017788 0.29298635495897934 0.2592082984239082 0.2971695920076181 0.2931176741485193 0.8806574375349109 0.9984159792087555 0.8791436591633865 0.8843465279361084
0 0.285156 0.302246 0.128906 0.127930 0.053312788769971226 0.0 0.019430842347189246 0.05837896467992227 0.057714553805033576 0.0 0.37017625875156274 0.39430473188329274 0.4024351954130536 0.0 0.9281145875746022 0.9096877718402437 0.902866965325552
0 0.912598 0.097168 0.098633 0.110352 0.0 0.0 0.0 0.10564248079095491 0.20588001433457573 0.0 0.0 0.30593480326799627 0.19679904044474766 0.0 0.0 0.9112968505722121 0.24643371023938856
0 0.895996 0.389160 0.083008 0.081055 0.04377477065760559 0.05114915802201916 0.04742445111747891 0.09905318216234833 0.025791194920631654 0.32556309386767884 0.32561546352085374 0.3138048082892801 0.3249384206721059 0.9657356786301448 0.9605552540564947 0.9752679090471115 0.9661093564524972
0 0.638672 0.060547 0.087891 0.083984 0.0 0.19050757242739574 0.06542314696221013 0.08439063216633692 0.0 0.188920114377588 0.31711407019185706 0.318560563577979 0.0 0.9379613955645817 0.9101576407916847 0.9099347590697303 0.0
0 0.714355 0.271484 0.073242 0.072266 0.03031315661390676 0.0842850470083432 0.0 0.19340626067719185 0.0 0.09367966787459046 0.0 0.3308639941374364 0.0 0.9480802449289646 0.0 0.9331780066517694 0.0
0 0.502930 0.451660 0.068359 0.075195 0.0 0.12722211573562464 0.0 0.1980144939963279 0.0 0.34693680896506557 0.0 0.39493582983108055 0.0 0.9496408672633218 0.0 0.9536639448113704 0.0
0 0.368164 0.276855 0.070312 0.077148 0.0 0.18350540926783962 0.0 0.11133833703832077 0.0 0.3241261361647551 0.0 0.33682606187222436 0.0 0.9156438283425556 0.0 0.9310653153049985 0.0
0 0.591309 0.109375 0.073242 0.070312 0.0 0.130306462896184 0.0 0.14155029396423296 0.0 0.3186815515350848 0.0 0.317285078212497 0.0 0.909445811125723 0.0 0.9131730335948108 0.0
0 0.632812 0.343750 0.068359 0.076172 0.0 0.110045775820501 0.0 0.1277624760244138 0.0 0.31332253489010825 0.0 0.3410174093491012 0.0 0.9401297529530884 0.0 0.9297762688811405 0.0
0 0.643066 0.612305 0.073242 0.068359 0.0 0.15076264147758658 0.0 0.13458925686085924 0.0 0.35776621812640996 0.0 0.3767024869095649 0.0 0.9687831554311995 0.0 0.9632622958155032 0.0
0 0.765137 0.503418 0.071289 0.073242 0.0 0.11202836620924082 0.0 0.12562441925876333 0.06237885333756486 0.30932000538688115 0.0 0.33425905537132616 0.29702680865688486 0.942430008883567 0.0 0.9614986271353195 0.9382786123144184
0 0.332031 0.033691 0.076172 0.065430 0.0 0.10568337637795854 0.07137507378498494 0.0744159926898654 0.0 0.36737812140451465 0.3133104894017238 0.4121398981450878 0.0 0.884233288654179 0.933622603903282 0.8956436492867788 0.0
0 0.240234 0.087891 0.076172 0.083984 0.0 0.05018231611646887 0.031532362319561164 0.1509906921059665 0.05461922010390174 0.24631686360856697 0.267598026963152 0.3193180107251169 0.1662832004797482 0.8763884967164164 0.8621346945738112 0.858872777498666 0.7937505952210961
0 0.806152 0.468750 0.073242 0.076172 0.038497841325864986 0.1108960189061209 0.0 0.10414970655439748 0.0 0.3328540276579581 0.0 0.33463917835169443 0.0 0.962093668158089 0.0 0.9870998078008294 0.0
0 0.584473 0.377441 0.065430 0.086914 0.0 0.1528439872469152 0.0 0.14037820716434232 0.0 0.2780214755376103 0.0 0.3534878650740474 0.0 0.9263178449574906 0.0 0.9246562452428129 0.0
0 0.461914 0.212402 0.060547 0.069336 0.020678352425000237 0.1034304255070581 0.0 0.1429937585637764 0.0 0.31503654196638387 0.0 0.328061369404061 0.0 0.9106750933943437 0.0 0.9225265163686117 0.0
0 0.286133 0.055176 0.072266 0.084961 0.0 0.06762046978544599 0.042813029190903365 0.15358584461711108 0.08329508491204303 0.30648536660698816 0.332429377147201 0.34894010268724285 0.26327133599434954 0.8879390632491684 0.9463825735832229 0.8528517945908068 0.8752600996102681
0 0.545410 0.411133 0.071289 0.089844 0.0 0.08812999415271018 0.022010504405040203 0.18426023621193433 0.09276933601845454 0.30256473831063596 0.31982490812238407 0.3317433464191111 0.2642517226089321 0.9548714559761267 0.9147316287513653 0.9244008720588448 0.9314499409642214
0 0.495605 0.163086 0.077148 0.099609 0.0 0.06295445940733131 0.03224686707726799 0.10040014239902816 0.05412030178531955 0.2390094553462254 0.2983271395738379 0.33225877015633215 0.33180740960894695 0.9180663063642701 0.9341677288900397 0.8870344249295209 0.7893512136514822
0 0.684570 0.578613 0.068359 0.079102 0.0 0.05362435464373628 0.0 0.1796010229496711 0.045919170313659816 0.3624673127234994 0.0 0.3317641541460105 0.3119054768978534 0.9610897821320789 0.0 0.9351661988281699 0.979576212766039
0 0.850586 0.436035 0.072266 0.069336 0.0 0.07091909339111746 0.0 0.23289540905420875 0.0 0.25867309146453193 0.0 0.2724846673278685 0.0 0.9468653353170016 0.0 0.9627270800458292 0.0
0 0.668457 0.305176 0.083008 0.071289 0.03625502838985827 0.05892980962223021 0.034292506668670064 0.06605129617906338 0.0 0.29413488196739257 0.26063671609692884 0.3564613775596287 0.0 0.6151590040241108 0.9829565290413487 0.939963072056033 0.0
0 0.547363 0.143066 0.065430 0.065430 0.0 0.14374070252444154 0.0 0.16564768595029328 0.0 0.3019548710432061 0.0 0.35105200640373596 0.0 0.8898988721950174 0.0 0.8783166750368796 0.0
0 0.725098 0.542480 0.067383 0.067383 0.0 0.13698210612378656 0.0 0.15538308008618062 0.040756638798604736 0.25955823403952977 0.0 0.3572230807903379 0.3094147368258764 0.9257919278245033 0.0 0.9178365669750222 0.11575546955549719
0 0.412109 0.238770 0.068359 0.075195 0.0 0.14224015510342503 0.0 0.14148121790897258 0.0 0.3179202767615586 0.0 0.3286337804755256 0.0 0.9030887438461902 0.0 0.8906840985670215 0.0
0 0.969238 0.060059 0.061523 0.071289 0.0 0.055993452289806865 0.0 0.17690445970270466 0.0 0.19451162150114942 0.0 0.35498453244579914 0.0 0.960130520008646 0.0 0.9319511908403494 0.0
0 0.377930 0.018555 0.076172 0.035156 0.0 0.16292125848799388 0.0 0.23258581080820934 0.0 0.3582454411415511 0.0 0.326620705695316 0.0 0.908604271819743 0.0 0.8822826243784473 0.0
0 0.907227 0.625000 0.185547 0.203125 0.1122517450742894 0.21458483531539438 0.0 0.0 0.0 0.08420292216774336 0.0 0.0 0.0 0.9995114175971793 0.0 0.0 0.0
0 0.224121 0.844238 0.288086 0.311523 0.033985433969163134 0.04392475587292137 0.09175598610559728 0.03512545063897202 0.10801796252445212 0.25245668540857663 0.24062279055887315 0.26477297293820223 0.24912536555563558 0.36630990671190955 0.362483666565072 0.3611338408897313 0.3626375666874197
0 0.503418 0.936523 0.098633 0.126953 0.0 0.0 0.3052943657691553 0.0 0.0 0.0 0.10131984087349684 0.0 0.0 0.0 0.3587778039513378 0.0 0.0
