0 0.796875 0.468750 0.135417 0.097656 0.0 0.07632079843662108 0.057541891322463366 0.07720339860995971 0.03197766856974092 0.3358686254226943 0.3593064717046467 0.3218092603645192 0.3698163758310479 0.9598839151518557 0.9708997652819559 0.9712574875849479 0.9621965687499691
0 0.689453 0.057129 0.165365 0.112305 0.0 0.026866536716436986 0.09025612278781867 0.020406295260197927 0.11870675268052538 0.30202598135100456 0.30825344334668625 0.3123908055095018 0.3815662421615892 0.8963707041065768 0.9009731422093927 0.8908870310763619 0.9008552469420108
0 0.385417 0.749512 0.132812 0.106445 0.0 0.0 0.0 0.12844869640594414 0.20007385029281555 0.0 0.0 0.3154297394881869 0.2802941876436101 0.0 0.0 0.9620606758130211 0.3263127376993424
0 0.658203 0.332520 0.131510 0.096680 0.08424758562085292 0.0 0.010883446335325198 0.0988017178580707 0.032138037683649444 0.0 0.11970470263902783 0.30353948681484955 0.3493554707852722 0.0 0.7688686322120164 0.856734568526521 0.006774488978588996
0 0.499349 0.197754 0.113281 0.086914 0.0 0.03187003983781367 0.10062931097917586 0.11898939655998628 0.0 0.29600099798328044 0.31492936163286805 0.3214351250415618 0.0 0.8974047947469168 0.9163932635724724 0.9141511486808654 0.0
0 0.463542 0.449707 0.106771 0.090820 0.046359571192780356 0.16342791454952868 0.0 0.1008185907014874 0.0 0.17265170872202396 0.0 0.32229813615638847 0.0 0.9226749768561484 0.0 0.930557111285254 0.0
0 0.582031 0.379395 0.109375 0.077148 0.0 0.14777875737956594 0.0 0.15918246261100558 0.0 0.3509238603992274 0.0 0.3418698227234102 0.0 0.9484448252486617 0.0 0.9279964354199213 0.0
0 0.309896 0.092285 0.088542 0.069336 0.0 0.158390942089623 0.0 0.20411564699393592 0.0 0.13594299368164572 0.0 0.3208338880042617 0.0 0.8983582891550506 0.0 0.8816013888997292 0.0
0 0.201172 0.367188 0.102865 0.082031 0.0 0.18024326561301632 0.0 0.15150232269230038 0.0 0.15981390791485753 0.0 0.32802641060218124 0.0 0.9018846399325374 0.0 0.9089259021838239 0.0
0 0.376302 0.266113 0.093750 0.079102 0.0 0.13798622271312647 0.0 0.19118528447788646 0.0 0.24083017171597113 0.0 0.24403945050918716 0.0 0.9009020033839448 0.0 0.9169457585252714 0.0
0 0.436198 0.239258 0.106771 0.080078 0.0 0.0870794788347217 0.040339981208152347 0.15156932224986966 0.0 0.3102091546237477 0.2809822806971345 0.32033495480122226 0.0 0.9248588160067739 0.8822638691857649 0.9072858599276173 0.0
0 0.320312 0.297363 0.098958 0.084961 0.0 0.17208934339346213 0.0 0.20973611693252783 0.0 0.2491855239685753 0.0 0.24849802679881994 0.0 0.9050348749597288 0.0 0.9100037439803473 0.0
0 0.367188 0.053223 0.114583 0.077148 0.0 0.06688462336836867 0.08179609564072382 0.115070516103176 0.0 0.3033219492829358 0.3342712127858003 0.31714639305301673 0.0 0.8592559115026721 0.861188756707504 0.892799559934956 0.0
0 0.216797 0.597656 0.131510 0.109375 0.0 0.0 0.0 0.10658571722658844 0.20771822874827728 0.0 0.0 0.30593480326799627 0.19679904044474766 0.0 0.0 0.9112968505722121 0.2464337102393886
0 0.238932 0.117676 0.100260 0.081055 0.0 0.12223435782564096 0.0 0.19575498411079667 0.0 0.3477219349064772 0.0 0.3670700325080327 0.0 0.8953268994194173 0.0 0.8733945371570049 0.0
0 0.195964 0.888672 0.113281 0.080078 0.04329002060406609 0.0505827459833677 0.0468992854827325 0.0979562938260958 0.025505590154899963 0.3255630938676789 0.32561546352085374 0.3138048082892801 0.3249384206721059 0.9657356786301448 0.9605552540564947 0.9752679090471115 0.9661093564524972
0 0.812500 0.166992 0.148438 0.083984 0.0 0.0538349559822086 0.0369394373965067 0.10404932543046272 0.07240666817151621 0.2597028614340672 0.3107872991375889 0.2887270206928022 0.3246684091818107 0.8593709622446914 0.9010225663407557 0.951393982244937 0.8828236993151588
0 0.261719 0.333008 0.101562 0.080078 0.0 0.14350797959922812 0.0 0.126226348370064 0.0 0.23218386403361393 0.0 0.34293570246540533 0.0 0.9088758697849809 0.0 0.9092155401501277 0.0
0 0.739583 0.518555 0.096354 0.076172 0.0 0.1227806401689347 0.02047303024055649 0.14836324448162047 0.02695881951580026 0.337308098707556 0.3816158139014263 0.332760371719913 0.3443423241480488 0.9543891545877811 0.9764602981762541 0.9362100103214138 0.9460835453699827
0 0.747396 0.124512 0.101562 0.065430 0.0 0.0 0.07343186426293738 0.0 0.12070257289470793 0.0 0.29773849192001905 0.0 0.30281181698671455 0.0 0.9215869378393255 0.0 0.8876400451538886
0 0.533203 0.422852 0.084635 0.072266 0.0 0.11660734276292613 0.0 0.15663729684008348 0.0 0.30915867302446354 0.0 0.32311327572646464 0.0 0.9280717369923477 0.0 0.9363785953513425 0.0
0 0.141927 0.400391 0.106771 0.083984 0.0 0.2404730907734532 0.0 0.1442947580870009 0.0 0.21128499933411335 0.0 0.3331332610443617 0.0 0.9228258481458147 0.0 0.9084653577062883 0.0
0 0.186198 0.154297 0.088542 0.068359 0.0 0.13008331864911446 0.0 0.22151861995275005 0.0 0.31028889052508185 0.0 0.36761335645198784 0.0 0.8838108969148126 0.0 0.8686034250727087 0.0
0 0.356771 0.519043 0.098958 0.079102 0.0 0.07982133359543983 0.0 0.10196058391597569 0.022607270350423918 0.30623656138918864 0.0 0.33009348636676195 0.3186379916633384 0.9380746249228221 0.0 0.9299928617688207 0.9127323576166294
0 0.464193 0.710449 0.097656 0.069336 0.0 0.12110593803852583 0.0 0.07598279048183834 0.0 0.318682737483467 0.0 0.3250618196695717 0.0 0.9642309102403769 0.0 0.9693904553753252 0.0
0 0.578776 0.634277 0.089844 0.069336 0.0 0.07653759363099008 0.0 0.2100126494186604 0.0 0.24455442934668298 0.0 0.4200070855449749 0.0 0.9658907979906713 0.0 0.9820995780914448 0.0
0 0.520833 0.670410 0.101562 0.075195 0.0 0.09400325727141581 0.0 0.21419722416392542 0.0 0.2561608954474841 0.0 0.4140582250283715 0.0 0.9574708176238096 0.0 0.9730651730397823 0.0
0 0.301432 0.561523 0.097656 0.070312 0.0 0.04768775686681885 0.0 0.15066363151347012 0.0 0.19451162150114942 0.0 0.35498453244579914 0.0 0.960130520008646 0.0 0.9319511908403494 0.0
0 0.408854 0.487793 0.098958 0.079102 0.0 0.07100390503240397 0.05809712342738403 0.12520629804974953 0.0 0.3127670364963684 0.2834554209788801 0.3222085946678328 0.0 0.9301051601992514 0.9945790824970054 0.9412958003168158 0.0
0 0.680339 0.561523 0.095052 0.072266 0.0 0.0650074480565454 0.0 0.09204893968995917 0.06429352848881069 0.25834277704753006 0.0 0.4175714747920341 0.4225002207463241 0.03225565927204573 0.0 0.95698343905041 0.03980088212730569
0 0.630208 0.595215 0.091146 0.071289 0.10109029295312816 0.09617692797954443 0.0 0.1308987755941578 0.0 0.34190795895929293 0.0 0.4720526454359826 0.0 0.45892847551925475 0.0 0.9796326655452176 0.0
0 0.119141 0.181641 0.097656 0.083984 0.0 0.04884936403973704 0.07178533990628001 0.13487382873090928 0.0 0.3137033547049842 0.251071057059718 0.3261581107232572 0.0 0.8689093973116051 0.9147279100928172 0.8839536681043866 0.0
0 0.135417 0.935059 0.093750 0.067383 0.0 0.07500179482224861 0.0 0.24630283397158065 0.0 0.258673091464532 0.0 0.2724846673278685 0.0 0.9468653353170016 0.0 0.9627270800458292 0.0
0 0.063802 0.216309 0.088542 0.067383 0.0 0.10948733666282177 0.0 0.1939626701275314 0.0 0.30748976197397765 0.0 0.33403672824877023 0.0 0.8806256002498819 0.0 0.8338532911661453 0.0
0 0.637370 0.865723 0.251302 0.182617 0.0 0.0 0.0 0.0 0.18698949870927817 0.0 0.0 0.0 0.07273154434745427 0.0 0.0 0.0 0.0016589808542126624
0 0.763021 0.768066 0.158854 0.127930 0.0 0.22610319975196302 0.0 0.07111376394673048 0.0 0.07303879447970812 0.0 0.12738598253192385 0.0 0.9767658251871659 0.0 0.994824030787701 0.0
0 0.061849 0.442871 0.118490 0.112305 0.0 0.131575019245025 0.039330563902415586 0.12363436432259725 0.05853846241225508 0.2484901532928631 0.3263802772532284 0.3246551947337336 0.2918553436358613 0.9034605053652017 0.8897388661589225 0.9079104048362245 0.9099691478065128
0 0.852214 0.705078 0.141927 0.097656 0.0 0.1987962702350048 0.0 0.0 0.0 0.07151851300935756 0.0 0.0 0.0 0.9696458842143629 0.0 0.0 0.0
0 0.047526 0.719238 0.089844 0.122070 0.0 0.03693598240226803 0.07892578999134231 0.08356072089468533 0.0 0.2882038751732041 0.2976716544004163 0.2958783497462558 0.0 0.9322380006040741 0.9179349874721013 0.9212831942666968 0.0
0 0.059896 0.017578 0.080729 0.033203 0.0 0.0 0.0 0.1846784923349895 0.0 0.0 0.0 0.24673915944679778 0.0 0.0 0.0 0.8505110887622436 0.0
0 0.023438 0.243164 0.044271 0.062500 0.0 0.14182632479080332 0.0 0.36455882127336464 0.0 0.30785819522383806 0.0 0.329006283411417 0.0 0.8788869376511598 0.0 0.8640090224365091 0.0
0 0.065104 0.963867 0.098958 0.072266 0.04004487406762272 0.11535236674978792 0.0 0.10833495436401587 0.0 0.3328540276579581 0.0 0.33463917835169443 0.0 0.962093668158089 0.0 0.9870998078008294 0.0
