0 0.825195 0.727214 0.101562 0.186198 0.3019488392577555 0.0 0.08177959641031003 0.0 0.0 0.0 0.07349447190677183 0.0 0.0 0.0 0.5324396040080217 0.0 0.0
0 0.503418 0.727214 0.112305 0.170573 0.03296634145516165 0.04772611137252172 0.09016928741407247 0.07393190355876361 0.09303460786084482 0.09162312604242029 0.07855518061142654 0.11063603435385179 0.09134893131712951 0.5206798265733852 0.51863452024309 0.526042185741465 0.5379188963035302
0 0.391602 0.645182 0.105469 0.188802 0.24146608839081965 0.0 0.0 0.0 0.0 0.0 0.0 0.0 0.0 0.0 0.0 0.0 0.0
0 0.754395 0.183594 0.106445 0.208333 0.03552404043344015 0.061985593328820206 0.10237296191670515 0.12552181820270408 0.03839638126183317 0.27010256517627773 0.28400405976059606 0.2654304206636119 0.27987877691326685 0.5206131471058195 0.5345929161803926 0.5327147569130476 0.5081436547833265
0 0.955078 0.500000 0.089844 0.143229 0.3795080437628894 0.0 0.0 0.0 0.0 0.0 0.0 0.0 0.0 0.0 0.0 0.0 0.0
0 0.572266 0.168620 0.097656 0.144531 0.0 0.0 0.08766323783790958 0.07896776341608133 0.19410529340168536 0.0 0.2756328915378881 0.28848889664970645 0.27471507415351093 0.0 0.4928088679417619 0.757064007414696 0.5574057612125143
0 0.565918 0.878906 0.092773 0.177083 0.37152096780342747 0.0 0.0 0.0 0.0 0.0 0.0 0.0 0.0 0.0 0.0 0.0 0.0
0 0.662109 0.225911 0.080078 0.095052 0.0647153221208857 0.0 0.0 0.24214657448004304 0.0 0.0 0.0 0.3297296012980139 0.0 0.0 0.0 0.5250457446219658 0.0
0 0.284668 0.257161 0.151367 0.162760 0.2625503006410427 0.0 0.0 0.0 0.0 0.0 0.0 0.0 0.0 0.0 0.0 0.0 0.0
0 0.849609 0.217448 0.085938 0.117188 0.0 0.12621819040063764 0.0 0.14806423379014902 0.0 0.06963660312252987 0.0 0.06691733957574325 0.0 0.523380751939369 0.0 0.5059549864368263 0.0
0 0.408203 0.216797 0.103516 0.141927 0.3716575882154875 0.0 0.0 0.0 0.0 0.0 0.0 0.0 0.0 0.0 0.0 0.0 0.0
0 0.925293 0.205078 0.083008 0.115885 0.05975831774795771 0.14838479379027109 0.018170933925475054 0.15760106264185558 0.01937390181080361 0.308392893070824 0.31978936536326835 0.26277149422242035 0.33401802219232984 0.5239662509332206 0.5403024893214188 0.5227128667013587 0.47306619124600535
0 0.405273 0.047526 0.107422 0.092448 0.023269782342363737 0.0 0.08632986448107315 0.0 0.18770145462349555 0.0 0.30220651211174493 0.0 0.3002875675306668 0.0 0.5226554149402215 0.0 0.5230806713702183
0 0.873047 0.558594 0.125000 0.148438 0.0 0.11045373118905301 0.07842755503131156 0.10191360522370764 0.07376927787208414 0.0733569754626418 0.07395095527169794 0.07168890588348299 0.08087559242931441 0.5424051813985686 0.5276796380606594 0.49327678929944907 0.5178531481434536
0 0.794434 0.851562 0.098633 0.164062 0.345475203559201 0.0 0.0 0.0 0.0 0.0 0.0 0.0 0.0 0.0 0.0 0.0 0.0
0 0.461426 0.896484 0.086914 0.149740 0.0 0.0 0.15666499607302584 0.0 0.039169405848882635 0.0 0.12823830410172618 0.0 0.11962814828305489 0.0 0.6234799727648181 0.0 0.6031908976714271
0 0.504883 0.572266 0.113281 0.147135 0.01920995880480501 0.10506289204113774 0.1822584123377635 0.06198849883880296 0.17165117816564585 0.0944399562614667 0.10529145113802528 0.10168146049192697 0.10740556533455839 0.5219238114554142 0.5122611381981884 0.5374080075647353 0.5292784539722746
0 0.572754 0.049479 0.088867 0.096354 0.0 0.0 0.12998942625055077 0.0 0.21538146315675646 0.0 0.3069294740756251 0.0 0.27949355268136294 0.0 0.5239380485753591 0.0 0.4951474339227486
0 0.374512 0.895833 0.088867 0.161458 0.0 0.02631928232741284 0.17217289943445876 0.0 0.14200701845814753 0.24823751618636822 0.2682161103309331 0.0 0.27874492772002357 0.6018842141838275 0.6056573004018727 0.0 0.6079493363091784
0 0.984375 0.205078 0.031250 0.121094 0.143097398599627 0.0 0.0 0.11239562706074151 0.1892715290447411 0.0 0.0 0.27620935131991364 0.33973371648294776 0.0 0.0 0.5328268119098791 0.5202214024016693
0 0.976074 0.072917 0.047852 0.143229 0.0880989140923592 0.0 0.024361801807505985 0.07899580596815398 0.29790288826703537 0.0 0.07412100668376452 0.07474101741457542 0.06995012291819183 0.0 0.5707487690247892 0.5174542929234601 0.5116454168798015
0 0.616211 0.524089 0.113281 0.147135 0.3155482920369451 0.0 0.0 0.0 0.0 0.0 0.0 0.0 0.0 0.0 0.0 0.0 0.0
