0 0.597168 0.468750 0.100586 0.097656 0.0 0.07052885713058582 0.06659678515141147 0.07171763311837194 0.01742243193967722 0.3404217722412173 0.3634621374535087 0.3219765204946161 0.3695679332486355 0.9580271124838592 0.9727305633128572 0.9700630772265892 0.9562543041720579
0 0.046875 0.441895 0.091797 0.108398 0.0 0.08654333124922277 0.03948622936733728 0.10122473611534638 0.06530794276536042 0.31703563469094487 0.3237574847324118 0.3105759134330007 0.2971754942630157 0.8986697205802858 0.896635687618838 0.8998817830853423 0.9085024785187386
0 0.517090 0.057129 0.124023 0.112305 0.0 0.02800471797280756 0.09209302813387649 0.026840429201671262 0.12114677461135362 0.3005684508554552 0.308662837054294 0.31104448352157715 0.3823155383206086 0.8934862393290897 0.9020854484123897 0.8983659743810398 0.9031911716381551
0 0.759766 0.357910 0.091797 0.071289 0.0 0.12739149907018904 0.06810446584450672 0.02903666546615281 0.057573864459684314 0.26710309112096886 0.3140269771299769 0.2972964665790456 0.30622819633060694 0.9669883334993017 0.9689694266165176 0.9515648379519487 0.9669186579781527
0 0.493652 0.332520 0.098633 0.096680 0.0873343146031653 0.03374460213313257 0.02650830419913224 0.08998584052822532 0.0 0.3534564082558572 0.2560527738162818 0.33211976029290663 0.0 0.9788722555271979 0.9021797599339038 0.9429367532649116 0.0
0 0.374023 0.197266 0.083984 0.085938 0.0 0.04264706046307956 0.09215007187235263 0.10704911088996066 0.0 0.30308610211149334 0.31697510260096085 0.3220409747589911 0.0 0.8932759415044478 0.9072852904458932 0.9146987021793279 0.0
0 0.288574 0.748535 0.098633 0.106445 0.0 0.0 0.0 0.11339809657302304 0.173124011903324 0.0 0.0 0.31373455589028504 0.27765486626644087 0.0 0.0 0.9625184123238979 0.36111167738609784
0 0.150391 0.367676 0.078125 0.083008 0.0 0.23626218583745998 0.0 0.13541554798721184 0.0 0.16061710653375583 0.0 0.31329691764218687 0.0 0.9124333358686866 0.0 0.8566058942316185 0.0
0 0.347656 0.449707 0.080078 0.090820 0.0 0.1555130792702916 0.0 0.1076714135118802 0.0 0.172659215834984 0.0 0.3131499225916691 0.0 0.9318107343259944 0.0 0.8720780940854758 0.0
0 0.609375 0.166504 0.111328 0.084961 0.0 0.055592803762935246 0.05518765385986577 0.047028530714188714 0.10283832078120098 0.26271281240810507 0.3031405472637188 0.31030083479436416 0.3195810799591994 0.8653604310188664 0.9098254076982468 0.9027088546172428 0.87390620433479
0 0.436035 0.379395 0.081055 0.077148 0.0 0.1371490563346328 0.0 0.12089859208030458 0.019828259157595323 0.3525968182581475 0.0 0.34537347213156916 0.08702345235311261 0.9478653216430817 0.0 0.9290365593940281 0.38848750340779264
0 0.232422 0.092285 0.066406 0.069336 0.0 0.20612547565708433 0.0 0.17697526561097437 0.0 0.14064016189652392 0.0 0.3242812151392771 0.0 0.8896198969129178 0.0 0.844274347589683 0.0
0 0.146484 0.888672 0.083984 0.082031 0.05682872299102726 0.04552759200984674 0.05146462398190572 0.10898816205213917 0.027018040916731847 0.32720505813565565 0.3291319012610728 0.3151715384009537 0.32631660514900873 0.9417010000261544 0.9653638590141652 0.98077528030237 0.9667181539805176
0 0.891602 0.138672 0.097656 0.087891 0.11020168482230312 0.0 0.14554382945006883 0.01256712369190026 0.08103789526651761 0.0 0.33492348505836533 0.34058099137516495 0.33240623473899006 0.0 0.937834895400915 0.9341632614395438 0.9309035568306563
0 0.104980 0.399902 0.083008 0.084961 0.0 0.1608398611807375 0.0 0.12080844837196855 0.0 0.22026612303392623 0.0 0.33625276595196607 0.0 0.9200257741500727 0.0 0.9092163370055307 0.0
0 0.282227 0.266113 0.070312 0.079102 0.0 0.19350114839089746 0.0 0.17240266527857215 0.0 0.24064826452859475 0.0 0.24507058802386178 0.0 0.8990666556629716 0.0 0.9209278726478747 0.0
0 0.327148 0.239258 0.080078 0.080078 0.0 0.10246228884240602 0.03495920843446808 0.11559721399645391 0.0 0.31052707090657566 0.27714713365345467 0.32136844142115917 0.0 0.9263586544853616 0.8975799612715923 0.9044256423216843 0.0
0 0.162598 0.597656 0.098633 0.109375 0.0 0.1540195058404845 0.0 0.0872804121334316 0.04673545273159464 0.19099237708222938 0.0 0.2940860662213226 0.2823240700986868 0.9773497289453623 0.0 0.9183643508703875 0.9408249068369992
0 0.832031 0.446777 0.074219 0.069336 0.0 0.0 0.2004603689025028 0.0 0.14775348321822704 0.0 0.27486694739817014 0.0 0.3299525759507236 0.0 0.9652017179123681 0.0 0.9362409392120314
0 0.240234 0.297852 0.074219 0.085938 0.0 0.18543843177033112 0.0 0.16057381947646898 0.0 0.24869849635965285 0.0 0.25370510924285455 0.0 0.9108900166802268 0.0 0.9047180123636559 0.0
0 0.867676 0.496582 0.071289 0.081055 0.0 0.0 0.04437532793418051 0.1853407689658006 0.0 0.0 0.2938578141692502 0.2994647441904541 0.0 0.0 0.9474112380177221 0.3513117570529668 0.0
0 0.179199 0.117676 0.075195 0.081055 0.0 0.14919444645428512 0.0 0.17734419015522118 0.0 0.34442588492239673 0.0 0.36599124144526973 0.0 0.8941273664191814 0.0 0.8783463484142734 0.0
0 0.560547 0.124023 0.076172 0.064453 0.0 0.0 0.10345796721054837 0.0 0.11881428671335664 0.0 0.2901101897610405 0.0 0.29015243530089324 0.0 0.9216289814482165 0.0 0.8984086731813123
0 0.275879 0.052734 0.084961 0.078125 0.0 0.05552209706898222 0.08871028035466488 0.09283693774867208 0.0 0.30514807211196476 0.34851478869557606 0.31940841329185377 0.0 0.8623756383515708 0.8509297009678036 0.8887385950729342 0.0
0 0.033691 0.718262 0.065430 0.114258 0.0 0.06386200517867308 0.09249348069730251 0.16424485688803922 0.0 0.2878120303172522 0.2976425334184258 0.2897798738334322 0.0 0.9363736042555258 0.9194752710209299 0.9353917847982568 0.0
0 0.138184 0.155273 0.067383 0.068359 0.0 0.14246848797744133 0.0 0.1310809203374119 0.0 0.30831213564032817 0.0 0.3411471142977985 0.0 0.8875240913115947 0.0 0.8787719830360515 0.0
0 0.195801 0.333008 0.077148 0.080078 0.0 0.14633950890335093 0.0 0.1227300627994069 0.0 0.23365708480059352 0.0 0.3548578738921001 0.0 0.9108150363813383 0.0 0.8944045026079278 0.0
0 0.554688 0.518555 0.072266 0.076172 0.0 0.10178353894883516 0.0 0.13600016443531257 0.018776148933775393 0.34153127398053673 0.0 0.3283309927107953 0.3594986693068323 0.9396430440425263 0.0 0.953914878372378 0.981289983119786
0 0.399414 0.422852 0.064453 0.072266 0.0 0.07898168262161874 0.0 0.1490463981113134 0.0 0.31638214616271754 0.0 0.3225288161879523 0.0 0.9247578809890393 0.0 0.936866915931503 0.0
0 0.267578 0.519043 0.074219 0.079102 0.0 0.11726256648103198 0.0 0.13683237741524823 0.045258004884504946 0.30250817362949417 0.0 0.3312993182519817 0.30466293776110676 0.719746674897834 0.0 0.8999129742825517 0.9238062003730692
0 0.950684 0.389648 0.077148 0.060547 0.06845173591351465 0.0 0.0 0.18748263074125204 0.14150835706251338 0.0 0.0 0.28543441027342886 0.3043763823301615 0.0 0.0 0.5715523034279871 0.008555650532146804
0 0.089355 0.182129 0.075195 0.084961 0.0 0.09386634765746425 0.05904192308346271 0.1258056863006521 0.0 0.30114324134153164 0.2551938460877222 0.32610337980217347 0.0 0.8660835906234464 0.8995517989394797 0.8838145219727949 0.0
0 0.434082 0.634277 0.065430 0.069336 0.0 0.07780586225339442 0.0 0.25325176899102314 0.0 0.24271989555363715 0.0 0.4154171561984808 0.0 0.9586245391876487 0.0 0.9813312197553135 0.0
0 0.794434 0.405273 0.071289 0.072266 0.1011090288909688 0.0 0.0 0.0 0.1581406179992753 0.0 0.0 0.0 0.3415250489407456 0.0 0.0 0.0 0.9595215631070289
0 0.390137 0.669922 0.075195 0.074219 0.0 0.0773650656204213 0.0 0.1890409742691744 0.0 0.26443974279594606 0.0 0.4153429593893651 0.0 0.9528228142759172 0.0 0.9660785345922812 0.0
0 0.047363 0.214844 0.065430 0.068359 0.0 0.12391923721138637 0.0 0.12070805905932062 0.0 0.30510602486834865 0.0 0.326465362039145 0.0 0.8818069194123309 0.0 0.8774682137599825 0.0
0 0.226074 0.561035 0.073242 0.071289 0.0 0.042832250153557315 0.0 0.17205655892096167 0.022756519566626582 0.19026939996635273 0.0 0.35558041858467526 0.29758981423000996 0.9585114616113897 0.0 0.9172735696599362 0.6648327478028657
0 0.101074 0.935547 0.071289 0.068359 0.0 0.04740998007445726 0.0 0.21553887404490277 0.04163354460279144 0.3091774517050334 0.0 0.2686694261866744 0.15293110223947476 0.9750476531559535 0.0 0.9681497877377088 0.03327152484473667
0 0.347656 0.708984 0.074219 0.070312 0.0 0.16025538758464009 0.0 0.1604749693954562 0.0 0.30472134482757596 0.0 0.32018415222196445 0.0 0.9666410563255021 0.0 0.9705693839715643 0.0
0 0.472168 0.594238 0.069336 0.071289 0.0936271149543146 0.0 0.054651242760698444 0.05124238221310112 0.0 0.0 0.48119824076986567 0.48195372342449716 0.0 0.0 0.015626813833800195 0.9222539538752326 0.0
0 0.572266 0.768066 0.115234 0.127930 0.0 0.2695839695744684 0.0 0.05586631976367363 0.0 0.07277447078296731 0.0 0.12608508191814105 0.0 0.9766217840866693 0.0 0.9954202683567479 0.0
0 0.509766 0.561523 0.072266 0.072266 0.0 0.08002898565550061 0.047456039683538814 0.1421462513952003 0.04112185037894425 0.4483747950967344 0.366743546474737 0.4172476625807629 0.35010843677119957 0.9702045478079611 0.9852739363357431 0.9784647411426407 0.1351122256633131
0 0.306641 0.488770 0.074219 0.079102 0.0 0.08357986193441308 0.045576933288659235 0.1231299748967222 0.017650526092975263 0.31297916673216297 0.30411765053781825 0.3215368520540352 0.35240826203595943 0.9277219760325642 0.9599024018083276 0.9427138234795014 0.9002534313851419
0 0.636719 0.704102 0.103516 0.093750 0.0 0.0 0.0 0.0 0.3008353991828397 0.0 0.0 0.0 0.08474499109449965 0.0 0.0 0.0 0.2818670362080411
0 0.053711 0.962891 0.076172 0.068359 0.060134513081247246 0.11187887076058417 0.0 0.10045237112752277 0.0 0.33408414594331354 0.0 0.3343102354974158 0.0 0.9605131623841481 0.0 0.9882427261219447 0.0
0 0.828613 0.071289 0.106445 0.089844 0.0 0.0 0.1235177366833248 0.0 0.19233604261675566 0.0 0.281191621324375 0.0 0.3265469471141737 0.0 0.9267785464455567 0.0 0.9256728151822431
0 0.018066 0.246582 0.034180 0.077148 0.0 0.0 0.0 0.31956663863447266 0.0 0.0 0.0 0.3326567042796732 0.0 0.0 0.0 0.8819032453155488 0.0
0 0.974609 0.947754 0.050781 0.069336 0.0 0.0 0.095451561347691 0.0 0.23898470697367807 0.0 0.3604234124498346 0.0 0.3732207879593404 0.0 0.04400909574735705 0.0 0.0419839623680234
0 0.985352 0.354004 0.029297 0.077148 0.0 0.0 0.04522795449989204 0.04479610133575797 0.2407578864993459 0.0 0.314622475997505 0.3029564667424707 0.3099309848360373 0.0 0.035043979170275304 0.996018972382995 0.00738966134983501
0 0.013672 0.033203 0.025391 0.064453 0.0 0.09325122176426244 0.0 0.15439878217156217 0.0 0.32154140045495266 0.0 0.41351427944841235 0.0 0.8994791990888403 0.0 0.8373716261829176 0.0
0 0.048340 0.013672 0.069336 0.025391 0.0 0.0 0.0 0.28648742005713257 0.0 0.0 0.0 0.24883697105378802 0.0 0.0 0.0 0.8435685050348891 0.0
0 0.944824 0.980469 0.083008 0.039062 0.0 0.0 0.0 0.09064445356011963 0.15369585381577944 0.0 0.0 0.34337813820204727 0.33100187884427174 0.0 0.0 0.8680401241936598 0.036322039110045994
0 0.787109 0.917480 0.142578 0.149414 0.0 0.0 0.2576752856576763 0.0 0.0 0.0 0.07203291367454308 0.0 0.0 0.0 0.02760878035818605 0.0 0.0
0 0.980957 0.638672 0.038086 0.111328 0.0 0.0 0.0 0.03565196427673632 0.03232230612755393 0.0 0.0 0.2675489255409614 0.2670836222837009 0.0 0.0 0.02516453805426124 0.051059007045247046
0 0.479492 0.862793 0.187500 0.176758 0.0 0.0 0.0 0.0 0.19837768673853393 0.0 0.0 0.0 0.07191749072810062 0.0 0.0 0.0 0.00568545326092615
