0 0.116211 0.074219 0.185547 0.117188 0.0 0.14093302463639845 0.032449858266436905 0.13067854666587056 0.016955813087407186 0.28810609063459036 0.2775811388445955 0.2930008266647467 0.29835536761600845 0.7479711840097097 0.7536026661255979 0.7462721567440945 0.7337056433176062
0 0.093750 0.503906 0.185547 0.203125 0.1855559610463646 0.0 0.0 0.0 0.0 0.0 0.0 0.0 0.0 0.0 0.0 0.0 0.0
0 0.827637 0.535645 0.071289 0.112305 0.0 0.0 0.1579690429942768 0.053213556098608755 0.2348311349158428 0.0 0.29554868422644087 0.2684067954357227 0.28635583987161667 0.0 0.748685214514404 0.7331122794882491 0.7473638967098901
0 0.957520 0.035645 0.084961 0.069336 0.0 0.10037977176158445 0.0 0.17762894008019012 0.0 0.28839831130897664 0.0 0.28450383448352085 0.0 0.7447858114537881 0.0 0.7587786125693412 0.0
0 0.831543 0.669434 0.081055 0.135742 0.0 0.014796859552297153 0.12225500090178572 0.03158110294860009 0.08894358455963747 0.29619068463107356 0.27398379442779425 0.2592938527486251 0.2905540784250247 0.7338140991350428 0.7436152599572421 0.730398645331003 0.7432365749317997
0 0.217773 0.326660 0.197266 0.112305 0.0 0.13735057309564533 0.027066115312960614 0.11865414348018824 0.02122017054184765 0.2888815316232202 0.27199959760746356 0.2878271438617746 0.29500252932539606 0.7456916463197133 0.7494645011532072 0.7486520223238989 0.7503442876997206
0 0.847168 0.067871 0.172852 0.112305 0.0 0.13454128617412134 0.0 0.13211715530248927 0.03296726806596368 0.28399520230187364 0.0 0.28140516452876746 0.2831289922190012 0.7468521713506893 0.0 0.7466706603366687 0.7526613914301521
0 0.936035 0.754395 0.122070 0.084961 0.0 0.1478531258532321 0.0 0.13148469970567953 0.03388458065065932 0.2718842844670908 0.0 0.28053202504279057 0.25283674867150646 0.7461820539021204 0.0 0.7502171981177027 0.7498365769714161
0 0.075684 0.945801 0.149414 0.108398 0.2664077270435949 0.0 0.0 0.0 0.0 0.0 0.0 0.0 0.0 0.0 0.0 0.0 0.0
0 0.951172 0.966309 0.097656 0.067383 0.0 0.11842247248774308 0.0 0.1292456142593461 0.0 0.29064913349101484 0.0 0.277025008481984 0.0 0.7448397525414132 0.0 0.7463671722645485 0.0
0 0.392578 0.624512 0.099609 0.174805 0.0 0.0 0.20395722521834742 0.0 0.1808618565388261 0.0 0.28571493788911345 0.0 0.2815661197425445 0.0 0.7466612017903569 0.0 0.7465969423570884
0 0.118164 0.756836 0.234375 0.230469 0.19935659361815503 0.0 0.00178741263082367 0.0 0.0 0.0 0.1024854488691312 0.0 0.0 0.0 0.9824895717750921 0.0 0.0
0 0.770996 0.416016 0.079102 0.121094 0.0 0.0 0.20256858338401737 0.0 0.23413464540585457 0.0 0.29288333766770375 0.0 0.2866829390626732 0.0 0.7445985415792562 0.0 0.7487642372717241
0 0.724609 0.295410 0.083984 0.124023 0.0 0.035473764133192746 0.16301724132715714 0.0 0.18397315194087854 0.291420931657428 0.2863253801343436 0.0 0.2864780848395891 0.7553616004736452 0.7508354719016102 0.0 0.7402776513369926
0 0.451172 0.761230 0.099609 0.174805 0.0 0.0 0.15140360578959378 0.0 0.19938307645532471 0.0 0.284123316923738 0.0 0.2804177759123366 0.0 0.7456330306472977 0.0 0.7473007554055628
0 0.515625 0.907715 0.099609 0.174805 0.0 0.0 0.1419464049635249 0.029278572012824203 0.15878002830174748 0.0 0.2855255387496261 0.2835773340476648 0.2791102448387032 0.0 0.7464863868931 0.7460823533761584 0.7472087755247401
0 0.333008 0.479980 0.099609 0.174805 0.0 0.0370613166270047 0.16544771302207287 0.0 0.15216110635992774 0.28203997308269896 0.2915964676958637 0.0 0.27782120062158777 0.7558540571128032 0.7463407900272925 0.0 0.7584696325183491
0 0.505859 0.405762 0.099609 0.174805 0.0 0.04455952494359359 0.15066409567485511 0.0 0.1774353270542432 0.26722220388757206 0.2822373032897977 0.0 0.28824716121630356 0.7317484981480493 0.7416002592883498 0.0 0.7474951881239359
0 0.565430 0.562988 0.099609 0.174805 0.0 0.0 0.1434568444605798 0.0 0.1922845379314132 0.0 0.29608527546614305 0.0 0.29378010281019595 0.0 0.7474149890562586 0.0 0.74542154269192
0 0.620117 0.697754 0.099609 0.174805 0.0 0.0 0.16758758492843187 0.0 0.18584816727441827 0.0 0.2856532757312069 0.0 0.2931023873534442 0.0 0.7454203461456426 0.0 0.7487098993223273
0 0.676758 0.830566 0.099609 0.174805 0.0 0.0 0.16961653871646476 0.0 0.14821844139309678 0.0 0.28056413865872615 0.0 0.2918181382672408 0.0 0.7488488734360165 0.0 0.7475323747094171
0 0.728516 0.949707 0.089844 0.100586 0.0 0.0 0.16780043470534795 0.0 0.173913458020514 0.0 0.29641328904258324 0.0 0.28931741289571655 0.0 0.745175825373356 0.0 0.7450067225363278
0 0.846191 0.981934 0.118164 0.036133 0.0 0.25716940014874595 0.0 0.025878659502800046 0.0 0.29838435825320125 0.0 0.2986314688232516 0.0 0.7468944426325526 0.0 0.7328291302016566 0.0
0 0.878906 0.238770 0.082031 0.143555 0.0 0.04303734969694405 0.1302673519659144 0.0 0.19217295062435072 0.26378047584416137 0.2958506648476863 0.0 0.28362224633328714 0.7417816665838443 0.749654968567312 0.0 0.7472101415625739
0 0.927246 0.338379 0.092773 0.153320 0.0 0.0 0.19687482793224753 0.0 0.1740692885489273 0.0 0.2820097070280884 0.0 0.2854728536066675 0.0 0.7467815269562355 0.0 0.7442519107420505
0 0.968262 0.457520 0.063477 0.147461 0.0 0.0 0.10338726270266915 0.015026586774495363 0.1833429139529172 0.0 0.2881913826850007 0.25394545257526974 0.30589481670188073 0.0 0.7510268689803521 0.6908195963655487 0.7478873927642762
0 0.466797 0.215332 0.197266 0.112305 0.0 0.1419523055931103 0.0 0.13171440745314136 0.029028182453290332 0.2931549913162059 0.0 0.2828404497889887 0.27217271015042244 0.7605590708680616 0.0 0.7351886569959327 0.7543605907136696
0 0.624023 0.157715 0.197266 0.112305 0.0 0.1445800787148318 0.027124099588920713 0.11833796185199368 0.0 0.289911990434265 0.27104741565842855 0.2748723879529992 0.0 0.7619317871092528 0.7474599734410421 0.7369330873099544 0.0
