0 0.494629 0.744629 0.094727 0.139648 0.0 0.01686696377720806 0.10946738688584196 0.030054474356368745 0.18530112815134497 0.3483473343733806 0.3787549711754949 0.287970534414692 0.3029374985584121 0.5565089149067186 0.5652988079285336 0.5456053344624748 0.5592380232344687
0 0.201172 0.771484 0.103516 0.115234 0.0 0.16776623323419124 0.0 0.1443722538296482 0.0 0.23757981636451617 0.0 0.28804143349285444 0.0 0.25365250901967873 0.0 0.20926318021306164 0.0
0 0.478027 0.240723 0.151367 0.092773 0.0 0.0 0.10484794044961543 0.0913485237379924 0.1353221771459099 0.0 0.2471612375573268 0.21637004809569135 0.24662236894197095 0.0 0.5557152353903625 0.5546936668175306 0.5593198337225272
0 0.296387 0.046875 0.084961 0.091797 0.0 0.12201185574688174 0.20620758127385683 0.0 0.12540077934516183 0.29068493731908923 0.24396771249532836 0.0 0.25757689768631997 0.3981405819342364 0.5584565676960688 0.0 0.5062563976246612
0 0.309570 0.134277 0.093750 0.084961 0.0 0.0 0.18195077388063985 0.0 0.17974710069847943 0.0 0.31336308491021053 0.0 0.15530379114106896 0.0 0.5268903290678867 0.0 0.5726710321661235
0 0.490723 0.623535 0.088867 0.102539 0.0 0.0 0.15487660088370991 0.0 0.19634845536878287 0.0 0.31821349813694666 0.0 0.3181088991208997 0.0 0.5629109182519749 0.0 0.5505374247057432
0 0.626953 0.707520 0.128906 0.102539 0.0 0.0 0.15320257151003888 0.004095634137084526 0.13187507569302664 0.0 0.3533472616746385 0.3756897787050368 0.18666357700128663 0.0 0.0974371019852195 0.12667647910078775 0.1139448670323545
0 0.284668 0.819824 0.110352 0.102539 0.0 0.13051976183961214 0.0 0.1410620809657277 0.0 0.34282806514401665 0.0 0.34220657589949605 0.0 0.22036737796578493 0.0 0.22576506902979393 0.0
0 0.037109 0.869629 0.072266 0.090820 0.0 0.15654512683045216 0.0 0.1843293453118556 0.0 0.29682437409240875 0.0 0.31742796844041204 0.0 0.24339809282815092 0.0 0.2591044366244786 0.0
0 0.649414 0.924805 0.125000 0.113281 0.33348790338612877 0.0 0.0 0.0 0.0 0.0 0.0 0.0 0.0 0.0 0.0 0.0 0.0
0 0.462402 0.150391 0.139648 0.089844 0.0 0.0 0.12430150526141712 0.0 0.12015252742337307 0.0 0.14583493788885488 0.0 0.1640588250323841 0.0 0.5606235021284984 0.0 0.5589443251001581
0 0.342773 0.570312 0.113281 0.068359 0.0 0.0335134448059162 0.15031343162783278 0.034020630758758656 0.06351006360255024 0.24972428764890311 0.31427514787670463 0.2428665651911036 0.24390118410764455 0.5473064108710471 0.5832636861831888 0.5551764172035802 0.5670671396943217
0 0.199219 0.039551 0.099609 0.077148 0.0 0.021789095120970905 0.06187819545717346 0.05418914126444775 0.04804504445454044 0.18834805132266513 0.25208278191387073 0.24997001894811904 0.22389768452130482 0.35153182638401415 0.3780486956168125 0.4240833016100054 0.30808494501010747
0 0.118164 0.736816 0.087891 0.088867 0.0 0.16311457804580748 0.0 0.13428827494984694 0.0 0.1497946238528048 0.0 0.16974777769682747 0.0 0.23544251615589235 0.0 0.2342827702707445 0.0
0 0.524902 0.886719 0.125977 0.138672 0.0 0.0 0.14901210456687797 0.038098308199898887 0.11852581387920941 0.0 0.3112882658539312 0.3269714052575226 0.3140499621595289 0.0 0.2533195113781305 0.29992499482800605 0.43551516166901943
0 0.638672 0.117188 0.146484 0.128906 0.0 0.03639746540862748 0.0524573592481746 0.06744711842768356 0.05228736114163417 0.33989134651160513 0.3305818021272247 0.32240881222761386 0.302530131698007 0.1428600076943272 0.24318147642204693 0.13660186444829533 0.4976141789737081
0 0.744629 0.555664 0.143555 0.144531 0.0 0.07815741098222372 0.09591984491367125 0.013535044231277079 0.08305503515695847 0.2543762731593436 0.3271819899709463 0.18912489410030361 0.17855384342480288 0.2005351191876686 0.17132162737240877 0.12104027109771899 0.1401504964423262
0 0.139160 0.479004 0.096680 0.094727 0.0 0.09275827915162888 0.0 0.15630964638058745 0.0 0.35995503668869616 0.0 0.13982951215155828 0.0 0.3699841178907702 0.0 0.36930847640876374 0.0
0 0.231934 0.957031 0.100586 0.085938 0.0 0.14293650713630748 0.0 0.0944065972364111 0.05093880967660481 0.34262729959881044 0.0 0.26909575531329033 0.43310264094878576 0.16593464790234397 0.0 0.1688710659204662 0.12423662473792672
0 0.317383 0.270508 0.095703 0.074219 0.07213877214652316 0.0 0.15273515674072521 0.0 0.04175972489096877 0.0 0.12758507487593862 0.0 0.25962105656115614 0.0 0.5780538796847103 0.0 0.5518068957385202
0 0.750000 0.783203 0.093750 0.078125 0.0 0.0 0.09942621808737204 0.0 0.2183926104866611 0.0 0.3440706582149716 0.0 0.3477293859542308 0.0 0.07275492178745119 0.0 0.09847402848149392
0 0.131348 0.912598 0.141602 0.116211 0.0 0.13769295417148988 0.08451866822871552 0.08406038570968781 0.030966418715338565 0.3340314296850268 0.33796680090405073 0.31720636758089343 0.28605055425734116 0.23908027490784114 0.12122977257469643 0.19081483721058706 0.5251903059277989
0 0.682129 0.648438 0.098633 0.078125 0.0 0.0 0.15197825519627367 0.0 0.16898506010877737 0.0 0.2899143198784551 0.0 0.2788936741578111 0.0 0.09370540036638822 0.0 0.11248046973946657
0 0.711426 0.839355 0.098633 0.084961 0.011281141471255335 0.020277377433654268 0.14557805989493885 0.0111436911245719 0.07021192225426034 0.24623637587741973 0.1416766297089812 0.2577190410956012 0.30714651468485843 0.1368638377939231 0.12578717835289188 0.04631611609397528 0.09334333724884841
0 0.444824 0.064453 0.125977 0.085938 0.0 0.04510317888441937 0.194231964796622 0.03429515778047654 0.11836318789717477 0.28272185273190764 0.2286791591262374 0.29253052226513965 0.3354004423308459 0.5548490271564239 0.5584185225937545 0.5781875002223147 0.5528329644514351
0 0.358398 0.626953 0.089844 0.050781 0.0 0.04406625722123323 0.13650336931673338 0.011944531437614772 0.1475613238982334 0.17037253092071647 0.3590699465793963 0.2720343931971693 0.2525076474525183 0.2140589393573704 0.6153137149548892 0.5540650175666175 0.558055034371756
0 0.790527 0.728516 0.098633 0.085938 0.0 0.0 0.0 0.22906623264701567 0.1390457794492189 0.0 0.0 0.3513255436469957 0.4174955122620613 0.0 0.0 0.9791646837505854 0.10285976883854997
0 0.225098 0.498535 0.094727 0.100586 0.0 0.12712955398828985 0.039210971507560165 0.058218213875694855 0.04122372780816058 0.3062845754389528 0.09278332846101178 0.08148190879378008 0.09036039965505388 0.3518040055831662 0.4356149798863416 0.4172290836255734 0.4323596298305631
0 0.317383 0.202637 0.085938 0.065430 0.0 0.029538536066472873 0.08412399617645236 0.02599022203788148 0.15180839098197846 0.40499584298735397 0.35040655882515936 0.45162496434363764 0.22814381081808252 0.5520516093453591 0.5388344186511168 0.525921602546534 0.5374826564721256
0 0.032715 0.653809 0.063477 0.157227 0.0 0.0 0.23540311501733577 0.04385500961300596 0.10835988525809079 0.0 0.15756435572775365 0.15176808013700183 0.17147596061234674 0.0 0.3243914727070022 0.24143466135066502 0.3110217745712314
0 0.152344 0.190918 0.101562 0.065430 0.09606837738464218 0.0 0.056402671959885645 0.0 0.056780415987667976 0.0 0.10842382945144667 0.0 0.20154313367782137 0.0 0.25607279012516526 0.0 0.3426493907834617
0 0.060059 0.081543 0.118164 0.161133 0.0 0.0 0.26785522691222763 0.0738015375285307 0.055277207445850234 0.0 0.2879659107334564 0.28849583032188025 0.2894037553943854 0.0 0.31053671856684684 0.314297373923573 0.33202126706542634
0 0.626953 0.466309 0.193359 0.120117 0.0 0.11122429680178561 0.0441360767109681 0.11087768075088597 0.01625724469424382 0.2924097765639959 0.2543042924902529 0.2785944361697706 0.31504973898208183 0.24233781979599264 0.3769553185603315 0.30683248349780656 0.518529641087074
0 0.328125 0.500488 0.132812 0.077148 0.17913999017126764 0.1329223919356094 0.07207423396797259 0.0 0.0 0.5331726182273866 0.4068606311732003 0.0 0.0 0.37124587727641273 0.6575135063387336 0.0 0.0
0 0.715332 0.350586 0.153320 0.125000 0.008117153308598189 0.15934171664904395 0.039549885453507065 0.09330655086123689 0.12948957125850574 0.20764772870420684 0.20330936690184645 0.1945973509394265 0.19655820552561548 0.26052298046407973 0.2579374816442365 0.23719624971084738 0.26197838937495704
0 0.353027 0.850098 0.069336 0.075195 0.0 0.1068358233331682 0.0 0.20746248351546198 0.0 0.2781633985433012 0.0 0.2931157527445978 0.0 0.24334135968928092 0.0 0.23831979030451073 0.0
0 0.753906 0.921875 0.087891 0.091797 0.0 0.21349054897800715 0.0 0.16996349565857516 0.0 0.15298691325527253 0.0 0.2451764649278515 0.0 0.5471729570032006 0.0 0.5582025943838301 0.0
0 0.837402 0.666016 0.104492 0.082031 0.0 0.0 0.14402376408716516 0.0 0.15179519461639268 0.0 0.2723607190883926 0.0 0.3957713461960302 0.0 0.08963517680349153 0.0 0.09623069079409845
0 0.483887 0.449219 0.135742 0.126953 0.03311440061395416 0.08250910147545816 0.0032477725932627565 0.03889787049346132 0.2444191355770214 0.24687740260371172 0.38804094999368954 0.1183149231925083 0.2294130555907422 0.4134015313483873 0.21454876890255908 0.6670612386836038 0.5795296065999532
0 0.898926 0.733887 0.071289 0.059570 0.0 0.0 0.3304248618274991 0.0 0.11530167045254677 0.0 0.35167518764391736 0.0 0.21606988601460708 0.0 0.3035008648118258 0.0 0.1482431884516719
0 0.132324 0.241699 0.083008 0.059570 0.0 0.0 0.06735412110110417 0.0 0.09948844764412734 0.0 0.2868546967028834 0.0 0.34101830586495435 0.0 0.2495799283727393 0.0 0.3087538914789742
0 0.058594 0.713379 0.056641 0.090820 0.0 0.17253809692754557 0.0 0.15366728270663352 0.0 0.18553364038863232 0.0 0.26586429916911375 0.0 0.2318996970334068 0.0 0.23262341375738566 0.0
0 0.401367 0.840332 0.074219 0.135742 0.0 0.0 0.11628666988374482 0.02168168108251148 0.09200924972124785 0.0 0.34246335133356753 0.3386201424231268 0.28000616707165144 0.0 0.566027144628924 0.21847194481603588 0.529673310649825
0 0.054688 0.500977 0.103516 0.175781 0.0 0.027091936372630163 0.14727520693636187 0.0 0.1302787186291129 0.2482252375539155 0.21589075712863426 0.0 0.24964206337799486 0.3692110121406843 0.34818000654415504 0.0 0.3080746238353615
0 0.112305 0.362793 0.126953 0.083008 0.0 0.01268335961995444 0.08170373160144671 0.1357008627124156 0.07843061333554935 0.34760123716829744 0.26102604803555596 0.33490187303385266 0.30758925940033344 0.358739573233147 0.32805920170268404 0.37013910330282823 0.33995339342153463
0 0.597656 0.775391 0.097656 0.064453 0.020489012179516704 0.0 0.10379479255714993 0.0 0.10425650512644746 0.0 0.16910805759801786 0.0 0.2947660571151833 0.0 0.12241530368713395 0.0 0.104678481064493
0 0.306152 0.973633 0.077148 0.052734 0.0 0.1895150130886962 0.03664416713881162 0.012421356961561261 0.03616840037858013 0.45054603632844903 0.4302055656505749 0.39113892922612864 0.44702692435534774 0.12352216366966952 0.06445731608454126 0.07853093098731279 0.06852805064845313
0 0.921875 0.697266 0.066406 0.052734 0.0 0.0 0.19985119051863667 0.0 0.10483881208656222 0.0 0.3743986996165701 0.0 0.23812962545452623 0.0 0.226131176024094 0.0 0.14990762966141316
0 0.972656 0.838867 0.054688 0.064453 0.0 0.0 0.0 0.0 0.2759558344333752 0.0 0.0 0.0 0.1792005410055753 0.0 0.0 0.0 0.3643711679223486
0 0.963867 0.906250 0.070312 0.074219 0.024014614761975975 0.0 0.049742497592454325 0.0 0.24477655143239052 0.0 0.23562248712365239 0.0 0.20883051104224526 0.0 0.3643262417189804 0.0 0.344848817672655
0 0.981934 0.772949 0.036133 0.081055 0.07691624221080398 0.0 0.0 0.0 0.27550639017091255 0.0 0.0 0.0 0.11302467025484723 0.0 0.0 0.0 0.2884996052380681
0 0.079590 0.979004 0.112305 0.041992 0.0 0.0 0.08432107825065309 0.0 0.1862386518381672 0.0 0.33864326029331376 0.0 0.2766016350671708 0.0 0.11546585182511346 0.0 0.10848131808943341
0 0.125000 0.299316 0.113281 0.063477 0.0 0.01194211415399931 0.14670510142066295 0.04905333072002119 0.15009760176830336 0.44691205746424284 0.21598415913538066 0.40205209955305454 0.3383955217703276 0.39246970353934724 0.42238320540310814 0.359458660606688 0.30883567727677363
0 0.364746 0.674316 0.094727 0.047852 0.0 0.0 0.1374552275108957 0.0 0.12313219183816937 0.0 0.3860194791639195 0.0 0.2946433681670555 0.0 0.6152516380079455 0.0 0.47126016478129673
0 0.176270 0.138672 0.112305 0.066406 0.0073384751340113815 0.00698241069351278 0.13829058342689124 0.0 0.12074890871460786 0.06684605452344068 0.22114801690073232 0.0 0.29341246998027326 0.5792840289121446 0.36282400601634723 0.0 0.3190868086443195
0 0.865234 0.810059 0.128906 0.112305 0.003106999588099614 0.07049831974506712 0.09273712270298283 0.07796927591727515 0.04945161885938833 0.32845631040631207 0.3388259715526834 0.3345811836214843 0.10489923207386051 0.2733368149941801 0.2792352374598645 0.27363770951326644 0.2586289857887415
0 0.317383 0.340820 0.109375 0.072266 0.0 0.0 0.14089388199269406 0.0 0.150475094611262 0.0 0.09343997387640615 0.0 0.089302755396957 0.0 0.5682349605894483 0.0 0.5750585627359969
0 0.879395 0.312500 0.135742 0.154297 0.0 0.18249172434793293 0.017396872271137658 0.16222731904014417 0.026491849198776743 0.3004162280421832 0.29314474447825006 0.3016298594915331 0.3011685524687103 0.1268800364476293 0.12264950328467421 0.12346219207737982 0.11930929287164531
0 0.960449 0.968262 0.079102 0.059570 0.0 0.0 0.07870941439565632 0.0 0.237672412331503 0.0 0.2287245091302034 0.0 0.33111405787743736 0.0 0.32225257642937183 0.0 0.32960656752085465
0 0.839355 0.922852 0.096680 0.091797 0.0 0.18581061904012647 0.0 0.11114305062169764 0.0 0.18336311896469537 0.0 0.20981222426798035 0.0 0.3546172505050813 0.0 0.5265754831292182 0.0
0 0.181641 0.093262 0.103516 0.067383 0.0 0.0 0.044564093917091714 0.0 0.059447058533041566 0.0 0.2412895143909079 0.0 0.28919490197834735 0.0 0.402736635831072 0.0 0.3613390192768075
0 0.310547 0.375488 0.142578 0.133789 0.13033419073421054 0.0 0.06880500298251728 0.0 0.0 0.0 0.0874099325620628 0.0 0.0 0.0 0.5676595029223139 0.0 0.0
0 0.373535 0.731445 0.084961 0.080078 0.0 0.0 0.12469040425111574 0.0 0.12475948465644358 0.0 0.4309419163875993 0.0 0.229314213852862 0.0 0.5708632410980038 0.0 0.5655664211734578
0 0.443848 0.012207 0.112305 0.022461 0.0 0.0 0.1025083283265582 0.0 0.1714436629689378 0.0 0.3868750494780035 0.0 0.4360763726632422 0.0 0.27488358177181865 0.0 0.540433298193571
0 0.767578 0.204102 0.144531 0.119141 0.04947565804969591 0.20797468065333538 0.02331921966029667 0.027159261978536558 0.062483836355352956 0.2860330225755813 0.22566888247934758 0.3265112220961468 0.25687108985157336 0.16435003683387003 0.2688677834973501 0.2099085571986371 0.24805060984702312
0 0.819824 0.433105 0.104492 0.083008 0.14869354215420066 0.0 0.0 0.0 0.0 0.0 0.0 0.0 0.0 0.0 0.0 0.0 0.0
0 0.484863 0.543945 0.092773 0.054688 0.0 0.0 0.1553097990531217 0.0 0.22013118457895972 0.0 0.32197347567435575 0.0 0.35921253813962184 0.0 0.5602367853554288 0.0 0.5795985135863134
0 0.371582 0.984863 0.063477 0.030273 0.1336340743334531 0.07792492699933541 0.0 0.0 0.0 0.22673453625563983 0.0 0.0 0.0 0.031255566683672166 0.0 0.0 0.0
0 0.939941 0.581543 0.120117 0.100586 0.01906078722112617 0.09896988585381117 0.042285097777342365 0.05967567178336591 0.050662752811220985 0.34491366403045703 0.29663886963435526 0.3310657217395775 0.34092195989345714 0.12829348765175963 0.3435914216598359 0.12477953406326192 0.13385590846765705
0 0.519043 0.332520 0.192383 0.084961 0.022546682759353585 0.08385752121322343 0.0 0.048817706800265925 0.04806733747528 0.19143222243593835 0.0 0.26420496793850345 0.08221941112054454 0.3606890904180025 0.0 0.3916766360673719 0.4781006477922309
