0 0.781901 0.320801 0.123698 0.129883 0.0 0.06061074619202854 0.09946726004275781 0.024329893698524067 0.10158613939947225 0.3330318014420468 0.34701401532111287 0.3618865547606993 0.32868154027322893 0.4448743299462701 0.44124389530651786 0.41969151860334425 0.4362281741232218
0 0.552734 0.280273 0.183594 0.078125 0.0 0.10248927893043369 0.1112385517623044 0.045928344227544125 0.09834770091245679 0.35444211241463075 0.3691664242428 0.3639045533153101 0.3695641969872664 0.45035373537142664 0.44191951580668826 0.4422662803931164 0.42067693708711373
0 0.360026 0.127930 0.105469 0.078125 0.0 0.062334595779634336 0.08415560911235456 0.08873991167050327 0.07499361988961928 0.2677599644053247 0.3207717271526089 0.28129479623209247 0.25841068009144724 0.4584006089055909 0.43843836190262664 0.45548770524248233 0.4333302756026127
0 0.772135 0.427734 0.122396 0.080078 0.3063641530292081 0.0 0.0 0.0 0.0 0.0 0.0 0.0 0.0 0.0 0.0 0.0 0.0
0 0.300130 0.383301 0.162760 0.116211 0.30928141909263596 0.0 0.00991147825536976 0.006175601915244954 0.0070374667246307955 0.0 0.22148662270331249 0.16454883804402273 0.26946937875918925 0.0 0.7160725411019134 0.7958046886050264 0.6678665660502039
0 0.546224 0.141113 0.147135 0.075195 0.0 0.1109189399441288 0.05166421499335438 0.1395526787496677 0.06648605127219037 0.38839561656094096 0.3766911941024786 0.3789148940483556 0.3788869419218635 0.438306344149395 0.42861355218201236 0.44448237321482287 0.44719222041414447
0 0.350911 0.276855 0.079427 0.102539 0.0 0.08225271020034144 0.11430501358734001 0.025687212818810055 0.11079132744017363 0.26170540565831946 0.19839248633747109 0.3580207874161401 0.257759791269671 0.42839508176843527 0.4741546969899054 0.4388678059350904 0.46444679607741235
0 0.759115 0.508789 0.111979 0.078125 0.27895113713397124 0.0 0.0 0.0 0.0 0.0 0.0 0.0 0.0 0.0 0.0 0.0 0.0
0 0.376953 0.062500 0.074219 0.054688 0.0 0.0 0.13400092041915285 0.0 0.14607856394069 0.0 0.32602471363844576 0.0 0.3077845737173754 0.0 0.45753607834298327 0.0 0.43494736083410873
0 0.563802 0.028809 0.140625 0.055664 0.0 0.0 0.1931977716272158 0.0 0.18402549487625275 0.0 0.3144748491228592 0.0 0.31820605609789304 0.0 0.446909228915893 0.0 0.4311241245006986
0 0.682292 0.294434 0.078125 0.092773 0.0 0.2106134621537905 0.0 0.21839073206282109 0.0 0.27945453868567427 0.0 0.2782863122708011 0.0 0.44183330205480803 0.0 0.44223159821033087 0.0
0 0.735677 0.148438 0.070312 0.091797 0.0 0.2190380948335167 0.0 0.16770369129449686 0.0 0.3215896255737158 0.0 0.3200988050852518 0.0 0.4495842007249386 0.0 0.43132120581213435 0.0
0 0.607422 0.629395 0.095052 0.065430 0.0 0.0 0.15878232265095715 0.0 0.14491311906690846 0.0 0.2801387326632079 0.0 0.27906903519706694 0.0 0.9733498300282302 0.0 0.969959913542587
0 0.269531 0.114746 0.078125 0.088867 0.0 0.3079971933661481 0.0 0.1758354495217414 0.0 0.2850434205096329 0.0 0.29620869000916894 0.0 0.443451070305221 0.0 0.45592893546286556 0.0
0 0.152344 0.270508 0.138021 0.111328 0.0 0.11016556931899592 0.039969101442165166 0.01379471050996946 0.10039768070280945 0.24533489605280195 0.41446202797280063 0.3704019692566075 0.3378015683039558 0.4467597657211567 0.9648870845736692 0.4352225339750545 0.9741204094390143
0 0.264974 0.262695 0.095052 0.082031 0.0 0.19553683600240462 0.0 0.22338430710211524 0.0 0.24015128958661167 0.0 0.2640790994297164 0.0 0.44356946025083455 0.0 0.4405802861419943 0.0
0 0.663411 0.142578 0.079427 0.089844 0.0 0.09255913351736826 0.0 0.09624846237695317 0.0 0.3219332931322727 0.0 0.32562616174263326 0.0 0.44132862696613495 0.0 0.442755170155708 0.0
0 0.811849 0.152832 0.082031 0.090820 0.0 0.0 0.1417051769769903 0.06945179879266411 0.10187318944618191 0.0 0.3663425986299795 0.3688539689801077 0.3657377743875635 0.0 0.44367218408162584 0.6729961747702642 0.444853260078369
0 0.524740 0.340820 0.135417 0.054688 0.0 0.0 0.19862870975894953 0.0 0.17109893611525676 0.0 0.2786848233592242 0.0 0.2795627297434733 0.0 0.4647318533883208 0.0 0.45243826104265883
0 0.275391 0.675781 0.141927 0.064453 0.0 0.0 0.21852414402482806 0.0 0.22126659301241836 0.0 0.2463656067563484 0.0 0.272101317181886 0.0 0.44109721225090465 0.0 0.47875300674895793
0 0.551432 0.079590 0.123698 0.053711 0.0 0.0 0.14973325053345116 0.0 0.16975627870462118 0.0 0.3440590838113588 0.0 0.3283500734514698 0.0 0.44678303642779027 0.0 0.4547653823838731
0 0.231120 0.962402 0.165365 0.075195 0.0 0.0 0.1723240423673574 0.0 0.18259219610233768 0.0 0.25932335466672324 0.0 0.27920672113326206 0.0 0.2772160581013888 0.0 0.21915624863281669
0 0.577474 0.575195 0.118490 0.074219 0.0 0.0 0.11312399666032835 0.0 0.1420709853069507 0.0 0.29330882470322234 0.0 0.3017845920225465 0.0 0.9544739571834785 0.0 0.9641411994976626
0 0.100260 0.429688 0.135417 0.119141 0.0 0.0 0.13778160041994342 0.0 0.14911978684921973 0.0 0.34389962302914023 0.0 0.3266664216963063 0.0 0.7825073979463893 0.0 0.6096582935665563
0 0.196615 0.112305 0.072917 0.091797 0.0 0.2534502500572431 0.0 0.19074792398879512 0.0 0.2869509883182221 0.0 0.2985923520638522 0.0 0.44530000251354335 0.0 0.44407931616280066 0.0
0 0.483724 0.500000 0.087240 0.056641 0.0 0.0 0.11197800127670836 0.0 0.22715312799625137 0.0 0.2508098088641238 0.0 0.2972269236076846 0.0 0.5426075670275473 0.0 0.5415200571815111
0 0.753255 0.584961 0.105469 0.078125 0.319169065185939 0.0 0.0 0.0 0.0 0.0 0.0 0.0 0.0 0.0 0.0 0.0 0.0
0 0.229167 0.534180 0.114583 0.078125 0.0 0.0 0.10489841179180022 0.0 0.22672021682239785 0.0 0.31088703828740966 0.0 0.3118674948405092 0.0 0.9730883855650003 0.0 0.9508112505314841
0 0.282552 0.023926 0.088542 0.045898 0.0 0.0 0.0 0.38862544762692874 0.0 0.0 0.0 0.3414635711384286 0.0 0.0 0.0 0.44003440224532886 0.0
0 0.128255 0.104004 0.074219 0.094727 0.0 0.13573610413079845 0.0 0.18256826054608874 0.0 0.23380011477382853 0.0 0.2195814518093499 0.0 0.4452949937081521 0.0 0.43138996304977895 0.0
0 0.091146 0.583496 0.127604 0.063477 0.0 0.0 0.2183556614166456 0.0 0.12966736377383423 0.0 0.2678369964461622 0.0 0.3333404978339032 0.0 0.46621130082166673 0.0 0.4488053593141198
0 0.257161 0.813477 0.154948 0.109375 0.0 0.0 0.1847080820325362 0.0 0.19864820969803806 0.0 0.25749273313755233 0.0 0.27274552267593427 0.0 0.3989676330969467 0.0 0.4560749671339746
0 0.253255 0.895508 0.141927 0.058594 0.0 0.0 0.178924788318563 0.0 0.18607845586456426 0.0 0.22067103256363782 0.0 0.2520053149883106 0.0 0.38749603630832136 0.0 0.5268683907199441
0 0.509766 0.539062 0.082031 0.072266 0.0 0.0 0.06330626050890857 0.0 0.1614033068655616 0.0 0.26336535950466017 0.0 0.2645353694872848 0.0 0.8398631931831875 0.0 0.8449712462808928
0 0.271484 0.734863 0.131510 0.053711 0.0 0.0 0.16701014723028118 0.0 0.18139712514205475 0.0 0.23697308308162443 0.0 0.2594699630355966 0.0 0.44898960967334084 0.0 0.41957108719259456
0 0.783854 0.017578 0.158854 0.033203 0.0 0.0 0.09426610427116063 0.0 0.1377123009723814 0.0 0.2985227527973255 0.0 0.26217665545842134 0.0 0.37309638485438024 0.0 0.43114708856980183
0 0.518229 0.418457 0.143229 0.104492 0.0 0.0 0.1892851302460791 0.0 0.1943512043119315 0.0 0.27733541318021937 0.0 0.2891575425392799 0.0 0.4421644167479957 0.0 0.5731476275882089
0 0.373698 0.018066 0.088542 0.034180 0.0 0.0 0.09036962200680283 0.08610539922893201 0.048199109395201056 0.0 0.32469740151729537 0.3195159357284113 0.32571344106544386 0.0 0.43741033305517474 0.46456259813772427 0.45049712128054137
0 0.195964 0.492188 0.084635 0.066406 0.0 0.0 0.120967382484673 0.0 0.18874859293857826 0.0 0.3164964175704126 0.0 0.2529247316618626 0.0 0.9727722236974196 0.0 0.9554662521238201
0 0.522135 0.390625 0.140625 0.050781 0.0 0.0 0.22186667842286825 0.0 0.20150751110185827 0.0 0.2785482843268334 0.0 0.2792534957042626 0.0 0.4482414146248219 0.0 0.4485285089797622
0 0.708984 0.692383 0.183594 0.068359 0.3174324179358074 0.0 0.0 0.0 0.0 0.0 0.0 0.0 0.0 0.0 0.0 0.0 0.0
0 0.782552 0.062012 0.158854 0.063477 0.08100018921472833 0.0 0.08125124721337823 0.0 0.11385862668237602 0.0 0.20650522670266797 0.0 0.28099622651797607 0.0 0.42934890268034187 0.0 0.3917836009192592
0 0.077474 0.762207 0.136719 0.061523 0.0 0.0 0.19083063776593884 0.0 0.2232246409718503 0.0 0.2685086805288481 0.0 0.2561223899616771 0.0 0.43672874658062455 0.0 0.4367361114867442
0 0.252604 0.840820 0.148438 0.060547 0.0 0.0 0.1509893149587697 0.0 0.19011748981507537 0.0 0.257359250591897 0.0 0.2618392898298857 0.0 0.45422130690459805 0.0 0.4599259697567716
0 0.085938 0.710938 0.145833 0.050781 0.0 0.0 0.22611450823379275 0.0 0.2323640236114312 0.0 0.27439931728116285 0.0 0.2574306294527235 0.0 0.462171236812824 0.0 0.44515242236401553
0 0.504557 0.967285 0.194010 0.065430 0.0 0.19005419654023553 0.0 0.07211799390568946 0.0 0.29033599134030114 0.0 0.2693731950798956 0.0 0.9781701395860352 0.0 0.9880688978075682 0.0
0 0.289714 0.596191 0.126302 0.104492 0.0 0.017640077107676462 0.11017995011330034 0.010596667209199979 0.0626739538669099 0.28571659953450995 0.30813738085711695 0.29133926748773936 0.34040144555138535 0.4392036792243532 0.6733938566084707 0.9817530598275527 0.7361447461508208
0 0.516927 0.443848 0.148438 0.057617 0.0 0.0 0.17089630106607243 0.0 0.16313725392782957 0.0 0.2767271789690082 0.0 0.27987200096662457 0.0 0.43800273812918755 0.0 0.4412680178920384
0 0.201172 0.021484 0.074219 0.041016 0.0 0.0 0.0 0.4147947340502324 0.0 0.0 0.0 0.31279928850897315 0.0 0.0 0.0 0.4390583682129337 0.0
0 0.073568 0.819824 0.139323 0.055664 0.0 0.0 0.1935513559406938 0.0 0.19313904732936113 0.0 0.2698158715108128 0.0 0.2620566475249804 0.0 0.44791176313363 0.0 0.42265681487762474
0 0.748047 0.647949 0.105469 0.047852 0.21260816098446764 0.0 0.0 0.0 0.0 0.0 0.0 0.0 0.0 0.0 0.0 0.0 0.0
0 0.091797 0.655273 0.147135 0.066406 0.0 0.0 0.09734374895741878 0.0 0.08877396181379774 0.0 0.26512619548020644 0.0 0.3410475933669598 0.0 0.4400492288160655 0.0 0.43680420868350633
0 0.067057 0.524902 0.069010 0.061523 0.0 0.0 0.03683572908459791 0.0 0.28203757441254007 0.0 0.28041928884071793 0.0 0.29754005100410263 0.0 0.37373185806565884 0.0 0.44835755112877607
0 0.090495 0.677246 0.157552 0.116211 0.0 0.0 0.18884896781984906 0.0 0.20309347895786964 0.0 0.26952861610194534 0.0 0.2809918484317725 0.0 0.45351371894796727 0.0 0.43368922009254113
0 0.123698 0.018555 0.075521 0.035156 0.0 0.0 0.0 0.4342165882980137 0.0 0.0 0.0 0.3146603926444064 0.0 0.0 0.0 0.4405659427447372 0.0
0 0.041667 0.018555 0.075521 0.035156 0.0 0.0 0.0 0.38581464125801485 0.0 0.0 0.0 0.3019910096397699 0.0 0.0 0.0 0.43608146820867927 0.0
0 0.031250 0.107910 0.059896 0.092773 0.0 0.21832238509715202 0.0 0.1870420881361874 0.0 0.3111288624705462 0.0 0.30787223207427755 0.0 0.2737556275041803 0.0 0.3436890439599722 0.0
0 0.074219 0.106934 0.031250 0.094727 0.0 0.057085797139954646 0.0 0.1479787897463446 0.0 0.41637639164855333 0.0 0.17478914564401085 0.0 0.3635222993629622 0.0 0.41124963246218094 0.0
0 0.070964 0.878418 0.139323 0.055664 0.0 0.0 0.2282038765940807 0.0 0.20328524999480962 0.0 0.27460450213084453 0.0 0.2673863095712568 0.0 0.44095463679516783 0.0 0.43308879046995735
0 0.057943 0.932617 0.113281 0.060547 0.0 0.0 0.15907840392541675 0.0 0.1680995495971118 0.0 0.2688439309411557 0.0 0.2541551250423052 0.0 0.4752430307159039 0.0 0.337332877509973
0 0.052083 0.978027 0.101562 0.041992 0.0 0.0 0.23043170677262914 0.0 0.20476747375586427 0.0 0.322549226039468 0.0 0.3354115350796985 0.0 0.44207231187547535 0.0 0.44372673421126163
0 0.664714 0.922363 0.209635 0.135742 0.18763576885763072 0.0 0.0 0.0 0.0 0.0 0.0 0.0 0.0 0.0 0.0 0.0 0.0
