0 0.495117 0.494629 0.093750 0.139648 0.0 0.017042661316553978 0.11060767216590282 0.030367541797580923 0.18723134823625484 0.3483473343733806 0.3787549711754949 0.287970534414692 0.3029374985584121 0.5565089149067186 0.5652988079285336 0.5456053344624748 0.5592380232344687
0 0.187988 0.522949 0.092773 0.098633 0.0 0.2186993272843423 0.0 0.18820303813457423 0.0 0.23757981636451617 0.0 0.28804143349285444 0.0 0.25365250901967873 0.0 0.20926318021306164 0.0
0 0.049316 0.796387 0.096680 0.090820 0.04315827187162283 0.0073653040182705895 0.1519204784747999 0.0 0.12453569682192245 0.31054409701415325 0.37085130136007644 0.0 0.3126564107522884 0.3824038260865272 0.13896743233976092 0.0 0.14355906300966034
0 0.524902 0.637207 0.125977 0.139648 0.0 0.0 0.14797006187759912 0.037831886464235256 0.11769696203390026 0.0 0.3112882658539312 0.3269714052575226 0.3140499621595289 0.0 0.25331951137813047 0.29992499482800605 0.43551516166901943
0 0.235840 0.712891 0.092773 0.097656 0.0 0.13637647375615694 0.0 0.09007383130008738 0.04860098641144695 0.3426272995988105 0.0 0.26909575531329033 0.4331026409487857 0.16593464790234397 0.0 0.1688710659204662 0.12423662473792671
0 0.648926 0.674316 0.125977 0.114258 0.32807449741451267 0.0 0.0 0.0 0.0 0.0 0.0 0.0 0.0 0.0 0.0 0.0 0.0
0 0.490723 0.373047 0.088867 0.101562 0.0 0.0 0.1563657989691302 0.0 0.1982364212857904 0.0 0.31821349813694666 0.0 0.3181088991208997 0.0 0.5629109182519749 0.0 0.5505374247057432
0 0.037109 0.620117 0.072266 0.091797 0.0 0.15487975314076652 0.0 0.1823683948298146 0.0 0.29682437409240875 0.0 0.31742796844041204 0.0 0.24339809282815092 0.0 0.2591044366244786 0.0
0 0.277832 0.569824 0.110352 0.102539 0.0 0.13051976183961214 0.0 0.1410620809657277 0.0 0.34282806514401665 0.0 0.34220657589949605 0.0 0.22036737796578493 0.0 0.22576506902979393 0.0
0 0.129395 0.664551 0.141602 0.122070 0.0 0.13108369237125836 0.08046177215373718 0.08002548719562279 0.029480030617002308 0.3340314296850268 0.33796680090405073 0.3172063675808934 0.28605055425734116 0.23908027490784114 0.12122977257469643 0.19081483721058706 0.5251903059277989
0 0.626953 0.457520 0.128906 0.102539 0.0 0.0 0.15320257151003888 0.004095634137084526 0.13187507569302664 0.0 0.3533472616746385 0.3756897787050368 0.18666357700128663 0.0 0.0974371019852195 0.12667647910078775 0.1139448670323545
0 0.293457 0.745605 0.090820 0.114258 0.0 0.12650795141988763 0.018526879498803907 0.1294850561956462 0.022391943607439846 0.45388820417043896 0.41859718103590454 0.4052422561815741 0.4184860944621307 0.11229268760074697 0.05305939996158726 0.0869503062152832 0.01279446593105686
0 0.342773 0.320312 0.113281 0.068359 0.0 0.0335134448059162 0.15031343162783278 0.034020630758758656 0.06351006360255024 0.24972428764890311 0.31427514787670463 0.2428665651911036 0.24390118410764455 0.5473064108710471 0.5832636861831888 0.5551764172035802 0.5670671396943217
0 0.118164 0.486816 0.087891 0.088867 0.0 0.16311457804580748 0.0 0.13428827494984694 0.0 0.1497946238528048 0.0 0.16974777769682747 0.0 0.23544251615589235 0.0 0.2342827702707445 0.0
0 0.466797 0.927246 0.103516 0.094727 0.0 0.020551328730889273 0.15440428667664696 0.04427568160131508 0.07710791475109889 0.280072539765839 0.2651073195149756 0.2838360566934537 0.32237599454341986 0.018273881474173633 0.503846411451193 0.04095216695538891 0.03033278035353919
0 0.139160 0.229004 0.096680 0.094727 0.0 0.09275827915162888 0.0 0.15630964638058745 0.0 0.35995503668869616 0.0 0.13982951215155828 0.0 0.3699841178907702 0.0 0.36930847640876374 0.0
0 0.157227 0.832520 0.078125 0.075195 0.0 0.0 0.1807325582841276 0.0 0.14481471882115748 0.0 0.3568021449906685 0.0 0.36020815621548513 0.0 0.11321052336117532 0.0 0.12024821620954987
0 0.657715 0.875977 0.118164 0.119141 0.01859699680050233 0.0 0.07256693037679385 0.0 0.18443945276039783 0.0 0.2324342781448672 0.0 0.3056195241079894 0.0 0.817341915569166 0.0 0.8236187088975988
0 0.744629 0.305176 0.143555 0.143555 0.0 0.07868909405013 0.09657236086546493 0.013627119362102093 0.08362003539612145 0.2543762731593436 0.3271819899709463 0.18912489410030364 0.1785538434248029 0.2005351191876686 0.17132162737240877 0.121040271097719 0.14015049644232622
0 0.315918 0.028809 0.098633 0.055664 0.09332804845358773 0.0 0.19759795855565776 0.0 0.05402578269722694 0.0 0.12758507487593862 0.0 0.25962105656115614 0.0 0.5780538796847103 0.0 0.5518068957385202
0 0.750000 0.533203 0.093750 0.078125 0.0 0.0 0.09942621808737204 0.0 0.2183926104866611 0.0 0.3440706582149716 0.0 0.3477293859542308 0.0 0.07275492178745119 0.0 0.09847402848149392
0 0.711914 0.589355 0.097656 0.084961 0.01139395288596789 0.020480151207990814 0.14703384049388826 0.011255128035817621 0.07091404147680297 0.24623637587741973 0.1416766297089812 0.2577190410956012 0.30714651468485843 0.1368638377939231 0.12578717835289188 0.04631611609397528 0.09334333724884841
0 0.682129 0.398438 0.098633 0.078125 0.0 0.0 0.15197825519627367 0.0 0.16898506010877737 0.0 0.2899143198784551 0.0 0.2788936741578111 0.0 0.09370540036638822 0.0 0.11248046973946657
0 0.225098 0.248535 0.094727 0.100586 0.0 0.12712955398828985 0.039210971507560165 0.058218213875694855 0.04122372780816058 0.3062845754389528 0.09278332846101178 0.08148190879378008 0.09036039965505388 0.3518040055831662 0.4356149798863416 0.4172290836255734 0.4323596298305631
0 0.790527 0.478516 0.098633 0.085938 0.0 0.0 0.0 0.22906623264701567 0.1390457794492189 0.0 0.0 0.3513255436469957 0.4174955122620613 0.0 0.0 0.9791646837505854 0.10285976883854997
0 0.358398 0.376953 0.089844 0.050781 0.0 0.04406625722123323 0.13650336931673338 0.011944531437614772 0.1475613238982334 0.17037253092071647 0.3590699465793963 0.2720343931971693 0.2525076474525183 0.2140589393573704 0.6153137149548892 0.5540650175666175 0.558055034371756
0 0.032715 0.404297 0.063477 0.156250 0.0 0.0 0.23687438448619408 0.04412910342308724 0.10903713454095385 0.0 0.15756435572775365 0.15176808013700183 0.17147596061234674 0.0 0.3243914727070022 0.24143466135066502 0.3110217745712314
0 0.626953 0.216309 0.193359 0.120117 0.0 0.11122429680178561 0.0441360767109681 0.11087768075088597 0.01625724469424382 0.2924097765639959 0.2543042924902529 0.2785944361697706 0.31504973898208183 0.24233781979599264 0.3769553185603315 0.30683248349780656 0.518529641087074
0 0.328125 0.250000 0.132812 0.076172 0.18143665671192494 0.13462652516555312 0.07299826260858762 0.0 0.0 0.5331726182273866 0.4068606311732003 0.0 0.0 0.37124587727641273 0.6575135063387336 0.0 0.0
0 0.753418 0.671875 0.086914 0.091797 0.0 0.21588931919124324 0.0 0.17187319785698615 0.0 0.15298691325527253 0.0 0.2451764649278515 0.0 0.5471729570032006 0.0 0.5582025943838301 0.0
0 0.339355 0.604492 0.067383 0.072266 0.0 0.16287025722871484 0.0 0.19453635319765228 0.0 0.3016961102735312 0.0 0.33845382435345045 0.0 0.2167841635703125 0.0 0.22836188806206784 0.0
0 0.085938 0.941406 0.068359 0.052734 0.0 0.0 0.14333114025741636 0.0 0.11749247483718189 0.0 0.23764626041681922 0.0 0.31878360738033423 0.0 0.11362234582263177 0.0 0.1209426187751679
0 0.712891 0.094727 0.136719 0.138672 0.008205347730864647 0.161072994858108 0.03997960251879668 0.09432034437160042 0.13089650020175708 0.20764772870420684 0.20330936690184645 0.1945973509394265 0.1965582055256155 0.26052298046407973 0.25793748164423647 0.2371962497108474 0.2619783893749571
0 0.483398 0.199219 0.134766 0.126953 0.03335436003869296 0.0831069935151354 0.003271307177271907 0.039179739120225536 0.24619028873337664 0.24687740260371172 0.38804094999368954 0.1183149231925083 0.2294130555907422 0.41340153134838725 0.21454876890255908 0.6670612386836038 0.5795296065999532
0 0.701172 0.955566 0.097656 0.088867 0.060924312314382514 0.0 0.1085043618494405 0.0 0.24765738571205348 0.0 0.22957814403865745 0.0 0.30425248701347135 0.0 0.8101719624334405 0.0 0.82336614368029
0 0.836914 0.416016 0.103516 0.082031 0.0 0.0 0.14538247884270444 0.0 0.1532272247542832 0.0 0.2723607190883926 0.0 0.3957713461960302 0.0 0.08963517680349153 0.0 0.09623069079409845
0 0.898926 0.483887 0.071289 0.059570 0.0 0.0 0.3304248618274991 0.0 0.11530167045254677 0.0 0.35167518764391736 0.0 0.21606988601460708 0.0 0.3035008648118258 0.0 0.1482431884516719
0 0.404297 0.834961 0.087891 0.091797 0.0 0.0 0.25824703450419223 0.0 0.0 0.0 0.39978295570304956 0.0 0.0 0.0 0.173657777732162 0.0 0.0
0 0.462891 0.020996 0.113281 0.040039 0.0 0.0 0.12910354095455404 0.0 0.17215047338142322 0.0 0.25974312636919866 0.0 0.2439181843172258 0.0 0.5547836903881376 0.0 0.5512849509649057
0 0.834961 0.923340 0.140625 0.122070 0.0 0.1594746008084967 0.0 0.17106557230576555 0.0 0.31159399531998083 0.0 0.31487325601098237 0.0 0.9046730267156996 0.0 0.8990363953935716 0.0
0 0.117188 0.895508 0.080078 0.056641 0.0 0.0 0.0 0.09938159735220115 0.21321873704446123 0.0 0.0 0.25615330275587794 0.28346246930922014 0.0 0.0 0.9978016517563687 0.08900890411167192
0 0.058594 0.463379 0.056641 0.090820 0.0 0.17253809692754557 0.0 0.15366728270663352 0.0 0.18553364038863232 0.0 0.26586429916911375 0.0 0.2318996970334068 0.0 0.23262341375738566 0.0
0 0.054688 0.250977 0.103516 0.175781 0.0 0.027091936372630163 0.14727520693636187 0.0 0.1302787186291129 0.2482252375539155 0.21589075712863426 0.0 0.24964206337799486 0.3692110121406843 0.34818000654415504 0.0 0.3080746238353615
0 0.229004 0.967773 0.131836 0.064453 0.0 0.0 0.12106755753912973 0.0 0.1629748418403073 0.0 0.33822115307374395 0.0 0.22831143887886168 0.0 0.08805182511739658 0.0 0.09964836567279146
0 0.093262 0.736328 0.079102 0.058594 0.0 0.0 0.157748221307098 0.0 0.21354878955764547 0.0 0.34268339106928025 0.0 0.27907439903001596 0.0 0.11216072328574443 0.0 0.10801792769974365
0 0.396973 0.596191 0.073242 0.145508 0.0 0.0 0.10992862466683494 0.02049622183048334 0.08697858738749553 0.0 0.34246335133356753 0.3386201424231268 0.2800061670716514 0.0 0.566027144628924 0.21847194481603588 0.529673310649825
0 0.112793 0.113281 0.127930 0.082031 0.0 0.01273637984373833 0.08204527755325211 0.13626813276737484 0.07875847667737372 0.34760123716829744 0.26102604803555596 0.33490187303385266 0.30758925940033344 0.358739573233147 0.32805920170268404 0.37013910330282823 0.33995339342153463
0 0.597656 0.525391 0.097656 0.064453 0.020489012179516704 0.0 0.10379479255714993 0.0 0.10425650512644746 0.0 0.16910805759801786 0.0 0.2947660571151833 0.0 0.12241530368713395 0.0 0.104678481064493
0 0.921875 0.447266 0.066406 0.052734 0.0 0.0 0.19985119051863667 0.0 0.10483881208656222 0.0 0.3743986996165701 0.0 0.23812962545452623 0.0 0.226131176024094 0.0 0.14990762966141316
0 0.972656 0.588867 0.054688 0.064453 0.0 0.0 0.0 0.0 0.2759558344333752 0.0 0.0 0.0 0.1792005410055753 0.0 0.0 0.0 0.3643711679223486
0 0.335449 0.770996 0.081055 0.077148 0.0 0.11675145773664919 0.0 0.12124379076519426 0.0 0.23504158991531626 0.0 0.3435063004974065 0.0 0.0628611287030445 0.0 0.08146093035926659 0.0
0 0.128906 0.049316 0.115234 0.069336 0.0 0.010747617655902934 0.1320310891276914 0.04414682664465979 0.13508425845464397 0.44691205746424284 0.21598415913538066 0.40205209955305454 0.3383955217703276 0.39246970353934724 0.42238320540310814 0.359458660606688 0.30883567727677363
0 0.976074 0.521484 0.047852 0.083984 0.05605357850720906 0.0 0.0 0.0 0.2007783873314837 0.0 0.0 0.0 0.11302467025484723 0.0 0.0 0.0 0.2884996052380681
0 0.417969 0.972168 0.066406 0.045898 0.0 0.0 0.0 0.0 0.25620568175226327 0.0 0.0 0.0 0.25367899961913754 0.0 0.0 0.0 0.02890627505519079
0 0.364746 0.424316 0.094727 0.047852 0.0 0.0 0.1374552275108957 0.0 0.12313219183816937 0.0 0.3860194791639195 0.0 0.2946433681670555 0.0 0.6152516380079455 0.0 0.47126016478129673
0 0.326172 0.920410 0.107422 0.100586 0.0 0.0 0.11008280794055572 0.0 0.09068302883149368 0.0 0.24071086293959726 0.0 0.23735372560180362 0.0 0.04719966683614732 0.0 0.040699672482236764
0 0.064453 0.976562 0.101562 0.046875 0.0 0.0 0.057537703738741355 0.0 0.1399633791951972 0.0 0.23714079229665247 0.0 0.3147030238689699 0.0 0.10652782833173925 0.0 0.15833259211163314
0 0.962402 0.963867 0.075195 0.072266 0.00987418075817076 0.2622022849892615 0.0 0.0 0.0 0.33000459562293516 0.0 0.0 0.0 0.9058115783231935 0.0 0.0 0.0
0 0.373047 0.483887 0.091797 0.071289 0.0 0.0 0.12963295597893612 0.0 0.12970477463408167 0.0 0.4309419163875993 0.0 0.229314213852862 0.0 0.5708632410980038 0.0 0.5655664211734578
0 0.963867 0.656738 0.070312 0.075195 0.02370273664818408 0.0 0.049096491130214664 0.0 0.24159763518002184 0.0 0.23562248712365239 0.0 0.20883051104224526 0.0 0.3643262417189804 0.0 0.344848817672655
0 0.317383 0.089844 0.111328 0.074219 0.0 0.0 0.13477937372523643 0.0 0.14394478117937898 0.0 0.09343997387640615 0.0 0.089302755396957 0.0 0.5682349605894483 0.0 0.5750585627359969
0 0.865234 0.563965 0.132812 0.114258 0.002964068234499255 0.06725518437217942 0.08847093530865255 0.07438245402364485 0.047176695216535613 0.328456310406312 0.3388259715526834 0.33458118362148426 0.10489923207386052 0.27333681499418006 0.2792352374598645 0.27363770951326644 0.2586289857887415
0 0.316406 0.155762 0.144531 0.057617 0.1485646724504956 0.0 0.07164008886605071 0.09122439563044829 0.013196671239732944 0.0 0.6012872163482578 0.6149953696005102 0.5746891066912208 0.0 0.5560040934108372 0.36276856980228217 0.9964203699511798
0 0.928711 0.825684 0.142578 0.155273 0.0 0.13201297608894613 0.0 0.11743723414919777 0.04405590987823618 0.3077512603219449 0.0 0.3443370917813822 0.3445486139488957 0.8636212636264078 0.0 0.9249535481991852 0.9141666785064394
0 0.839355 0.672852 0.096680 0.093750 0.0 0.18193956447679052 0.0 0.10882757040041229 0.0 0.18336311896469537 0.0 0.20981222426798035 0.0 0.3546172505050813 0.0 0.5265754831292182 0.0
0 0.878906 0.066406 0.169922 0.128906 0.0 0.17449857410872965 0.0166348880537585 0.15512175116508387 0.02533150435839145 0.3004162280421832 0.29314474447825006 0.3016298594915331 0.3011685524687103 0.1268800364476293 0.12264950328467421 0.12346219207737982 0.11930929287164531
0 0.016602 0.045410 0.031250 0.088867 0.0 0.0 0.4094880060668891 0.0 0.0 0.0 0.43807016198021387 0.0 0.0 0.0 0.31006010417201413 0.0 0.0
0 0.131348 0.010254 0.092773 0.018555 0.0 0.12721039087447744 1.0 0.4915902446385731 0.6913822898206303 0.3412664585569585 0.44005233772043034 0.34113433160378404 0.4479940665991854 0.30784532932468633 0.3072490070098613 0.2953684912217631 0.31879194955301954
0 0.517578 0.082520 0.208984 0.094727 0.018615839474542883 0.06923759784533369 0.0 0.04030670955052307 0.03968716143119877 0.19143222243593833 0.0 0.26420496793850345 0.08221941112054454 0.3606890904180025 0.0 0.3916766360673719 0.4781006477922309
0 0.480469 0.293945 0.089844 0.066406 0.0 0.0 0.13207291095949608 0.0 0.18719595619566268 0.0 0.32197347567435575 0.0 0.35921253813962184 0.0 0.5602367853554288 0.0 0.5795985135863134
0 0.958008 0.724121 0.070312 0.075195 0.0 0.0 0.070148487829895 0.0 0.21182167917207004 0.0 0.2287245091302034 0.0 0.33111405787743736 0.0 0.32225257642937183 0.0 0.32960656752085465
0 0.196289 0.788086 0.062500 0.056641 0.0 0.3626843361456638 0.0 0.0 0.0 0.17751151468814266 0.0 0.0 0.0 0.12830045017652425 0.0 0.0 0.0
0 0.514648 0.982422 0.078125 0.035156 0.0 0.0 0.17274762438780503 0.0 0.0 0.0 0.38619853013830635 0.0 0.0 0.0 0.810845343194613 0.0 0.0
