0 0.749023 0.730469 0.193359 0.103516 0.0 0.16368236332633065 0.0 0.16067271453289306 0.021678240222650556 0.3154963740384167 0.0 0.3160105822847767 0.3216681046927827 0.6131939449754977 0.0 0.6134332495053413 0.6108593787255725
0 0.521973 0.573242 0.127930 0.197266 0.0 0.02247029552326629 0.12028477396744494 0.016658170066112567 0.1091307003778772 0.27205609254255825 0.27332228066041636 0.28165573853417236 0.2813254975835825 0.7578759448891084 0.746201966432412 0.7567791885263065 0.7454737556935751
0 0.594727 0.722168 0.134766 0.133789 0.291082357918343 0.0 0.0 0.0 0.0 0.0 0.0 0.0 0.0 0.0 0.0 0.0 0.0
0 0.842773 0.489258 0.148438 0.087891 0.0 0.13279966196062565 0.03752147105347258 0.09121200617919376 0.028124084109744124 0.2828316126992746 0.2787336041023221 0.29838360224510846 0.2927769189614241 0.7506821619822786 0.7422618959186994 0.7489894336688975 0.7386343078226876
0 0.730469 0.392578 0.097656 0.126953 0.0 0.0 0.10021679729766625 0.02608023155718598 0.11457161377671556 0.0 0.31677731997751457 0.3022337408549781 0.3119687803741868 0.0 0.7629789600907143 0.7456078829018149 0.7471085994169133
0 0.922363 0.704102 0.155273 0.097656 0.0 0.20445930649382907 0.0 0.1981849885628844 0.0 0.3467476064076599 0.0 0.3353682912798832 0.0 0.6412943298038103 0.0 0.6164867994102811 0.0
0 0.780273 0.931641 0.156250 0.136719 0.24118803399532454 0.0 0.0 0.0 0.0 0.0 0.0 0.0 0.0 0.0 0.0 0.0 0.0
0 0.400391 0.833984 0.123047 0.158203 0.0 0.03232488623599239 0.1186993912937375 0.026479493609445112 0.1091113421245239 0.28357064066831206 0.29302397751867937 0.2833029608103581 0.29295973185215474 0.7468209801534796 0.7446799346668656 0.7399718384716929 0.7475344996571588
0 0.206543 0.619141 0.172852 0.105469 0.0 0.12346129073965284 0.03756150126836389 0.12438186279842568 0.028908627311921817 0.2893538888266985 0.2738381377969726 0.29121582920943145 0.30746623115415317 0.7482449228134458 0.7493814384638007 0.7430930831404073 0.7346931368896088
0 0.254883 0.488281 0.121094 0.150391 0.0 0.029741504266865136 0.09628193085463138 0.03242011396508434 0.12121841126528893 0.30073853226779224 0.30287859908476616 0.28871511437270236 0.28908393476521754 0.7452456349669115 0.7467986593474034 0.743875215691364 0.7467072878576795
0 0.532715 0.122070 0.141602 0.093750 0.0 0.1339897336001672 0.03544882015851226 0.12544539133218305 0.0 0.2806726412606785 0.27226549474821615 0.287445256897518 0.0 0.7487824587011258 0.7333013328010642 0.7448624056994037 0.0
0 0.053711 0.074219 0.105469 0.146484 0.0 0.01123500519162518 0.1360962569279939 0.0 0.12367259392641781 0.26955989684792664 0.28906706566347373 0.0 0.27500882220959305 0.7146274906285508 0.752077541802177 0.0 0.7450041422426416
0 0.097656 0.228516 0.123047 0.169922 0.0 0.0 0.1676111286677737 0.0 0.16681754029165957 0.0 0.2916185207821701 0.0 0.28250327397781594 0.0 0.7467910702483257 0.0 0.7514938844280243
0 0.679199 0.282227 0.084961 0.130859 0.0 0.0 0.10868405042672573 0.0 0.14125338411155242 0.0 0.32466289026607426 0.0 0.3072005773240175 0.0 0.7469691294854384 0.0 0.7366037684734336
0 0.943359 0.272461 0.113281 0.111328 0.27855295085054155 0.0 0.0 0.0 0.0 0.0 0.0 0.0 0.0 0.0 0.0 0.0 0.0
0 0.904785 0.077637 0.190430 0.131836 0.0 0.12099933628049242 0.0 0.13094964746747859 0.017407771301653743 0.35267212890972705 0.0 0.34716591564901855 0.3384865798437026 0.7471051160229522 0.0 0.7460006187790909 0.7363811043064911
0 0.367676 0.296387 0.125977 0.145508 0.0 0.028161179855593965 0.10166965895990633 0.0 0.12051098614905892 0.3006817371373805 0.3050309683638171 0.0 0.29184788399550365 0.7526873537406128 0.7485538282366198 0.0 0.748623535374822
0 0.961426 0.960938 0.077148 0.078125 0.015326156301090082 0.0884961615345654 0.023651742410873183 0.023602464880324733 0.06866030669981035 0.09714394004161397 0.19260418964662104 0.10940784229667852 0.1996134656585541 0.6555077475040563 0.5898315491695232 0.5946395286581062 0.6188180778278818
0 0.152832 0.370605 0.106445 0.147461 0.0 0.0 0.155718801630612 0.031174251208358348 0.13977187475531522 0.0 0.2871059165220966 0.2838801433740996 0.29096287367187046 0.0 0.7483001246544493 0.7503898501217223 0.7481212887978539
0 0.264648 0.765625 0.156250 0.136719 0.0 0.12800689746489224 0.031053008039621813 0.11141312196896838 0.0 0.29401139139147997 0.27660361822826435 0.29186031663103723 0.0 0.7477703005571207 0.7431098449314087 0.7477745706885243 0.0
0 0.138672 0.829102 0.156250 0.136719 0.0 0.10092645178293796 0.0 0.12393341968967327 0.0 0.3261054982049164 0.0 0.326269249904353 0.0 0.747617233397062 0.0 0.7496830773246075 0.0
0 0.269043 0.931641 0.176758 0.136719 0.0670349675182606 0.0 0.09043941930356898 0.007641856966721107 0.10284566264280003 0.0 0.26126443880028466 0.2712147737900146 0.2767119235260394 0.0 0.742522917689675 0.734165399564155 0.7508325389271324
0 0.414551 0.167969 0.141602 0.093750 0.0 0.10538805512667283 0.0 0.09716364563376582 0.020647659622989912 0.3010783732519269 0.0 0.30145483211484986 0.2971984277104971 0.7467286612333501 0.0 0.7472393156929036 0.7438408851359974
0 0.418457 0.437012 0.125977 0.145508 0.0 0.0 0.10733972062411842 0.0210777935781491 0.14630926749736817 0.0 0.30362106909475445 0.305992411869934 0.2975790353704828 0.0 0.7361280635073172 0.7342274217067395 0.7557232893440781
0 0.639160 0.169922 0.084961 0.130859 0.0 0.024339945674291798 0.11371155332029849 0.0 0.11674705474729141 0.2802960936929532 0.3010466877451662 0.0 0.3139011011979959 0.7442781766164747 0.7476922188455705 0.0 0.7435714721187361
0 0.346680 0.030762 0.128906 0.059570 0.0 0.1245382760328104 0.0 0.18159021168604025 0.03449377478290818 0.2838630156532933 0.0 0.2896686833513326 0.2880409995066684 0.7549001159395468 0.0 0.7467744792120533 0.7503505107609644
0 0.227539 0.030273 0.093750 0.058594 0.0 0.0 0.0399016333586545 0.13412899584412097 0.09783345889362176 0.0 0.25730126561314687 0.2621043466915395 0.26193579828338354 0.0 0.7332171507195439 0.7439737221973941 0.753443979327054
