0 0.762370 0.282227 0.110677 0.121094 0.0 0.0 0.12582069411166544 0.042384042072848245 0.18704054816114804 0.0 0.29554868422644087 0.2684067954357227 0.28635583987161667 0.0 0.748685214514404 0.7331122794882491 0.7473638967098901
0 0.776042 0.401855 0.117188 0.125977 0.0 0.014703821589565222 0.1214863002070544 0.031382530983462456 0.08838433549220823 0.29619068463107356 0.27398379442779425 0.2592938527486251 0.2905540784250247 0.7338140991350428 0.7436152599572421 0.730398645331003 0.7432365749317997
0 0.388021 0.817871 0.169271 0.163086 0.0 0.026291206328257686 0.15809208976468425 0.0 0.14127647619544378 0.2590431501306767 0.27680817289648674 0.0 0.2754041686594145 0.74057545517642 0.7509271102729745 0.0 0.7369458850598604
0 0.449219 0.946289 0.143229 0.107422 0.0 0.0 0.19005556934558707 0.0 0.19437368645079867 0.0 0.2947266784303164 0.0 0.28612684652227105 0.0 0.7479954412992236 0.0 0.7449617950697873
0 0.044271 0.052246 0.085938 0.098633 0.0 0.054376297373479696 0.11122826893445362 0.07741680072365767 0.0 0.2835165598019978 0.270356241298148 0.2807584372878106 0.0 0.7523882673459571 0.7488213250063642 0.735503376934689 0.0
0 0.340495 0.155273 0.131510 0.177734 0.0 0.04425893844087324 0.14964775643735745 0.0 0.17623839633099622 0.26722220388757206 0.2822373032897977 0.0 0.28824716121630356 0.7317484981480493 0.7416002592883498 0.0 0.7474951881239359
0 0.691406 0.163574 0.119792 0.127930 0.0 0.0 0.16881835807410148 0.0 0.19512515586262894 0.0 0.29288333766770375 0.0 0.2866829390626732 0.0 0.7445985415792562 0.0 0.7487642372717241
0 0.635417 0.056152 0.114583 0.110352 0.0 0.03896263594757957 0.17905011160249504 0.0 0.20206705204125863 0.291420931657428 0.2863253801343436 0.0 0.2864780848395891 0.7553616004736452 0.7508354719016102 0.0 0.7402776513369926
0 0.960286 0.231445 0.079427 0.115234 0.0 0.0 0.11696215012247368 0.03717039413965142 0.1936619839482583 0.0 0.29806011102834595 0.27333121391558834 0.3015576738493167 0.0 0.7505458339353063 0.7271336631257554 0.7464070630981622
0 0.911458 0.127441 0.119792 0.127930 0.0 0.0 0.15497963925260597 0.0 0.17715150310391894 0.0 0.2983260473677622 0.0 0.29674957849844696 0.0 0.7480452447619216 0.0 0.7440863166001732
0 0.861979 0.040039 0.101562 0.078125 0.0 0.0 0.15465068981948657 0.0 0.18918487092431407 0.0 0.29715466724881073 0.0 0.29811459375033855 0.0 0.7469530216226458 0.0 0.75011008810218
0 0.418620 0.302734 0.131510 0.177734 0.0 0.0 0.1819640815118937 0.0 0.16493712625047877 0.0 0.2922845797692804 0.0 0.28725631162168247 0.0 0.733855887490964 0.0 0.7446400172688891
0 0.486328 0.443359 0.131510 0.177734 0.0 0.0 0.1664570844099287 0.0 0.18459448580656782 0.0 0.2856532757312069 0.0 0.2931023873534442 0.0 0.7454203461456426 0.0 0.7487098993223273
0 0.565755 0.579102 0.131510 0.177734 0.0 0.0 0.16847235142450298 0.0 0.14721859987787844 0.0 0.28056413865872615 0.0 0.2918181382672408 0.0 0.7488488734360165 0.0 0.7475323747094171
0 0.634766 0.717773 0.131510 0.177734 0.0 0.0 0.1317356029525742 0.03862215314598635 0.13426269032907334 0.0 0.27756352846500293 0.264531703467832 0.2748722066027974 0.0 0.745721690297274 0.7436081552948167 0.7460233582487887
0 0.791667 0.769531 0.187500 0.085938 0.0 0.15061963456527377 0.0 0.15377440217578706 0.02328849923591858 0.2941721290635818 0.0 0.2829031163088262 0.28886369928700584 0.7513200257597671 0.0 0.7471058192777895 0.7339304324322907
0 0.927734 0.720703 0.141927 0.080078 0.0 0.09142034685225188 0.0 0.09977564761574045 0.0 0.29064913349101484 0.0 0.277025008481984 0.0 0.7448397525414134 0.0 0.7463671722645485 0.0
0 0.354818 0.659180 0.123698 0.150391 0.0 0.0 0.1771467848136731 0.03653917756733727 0.19815487059010972 0.0 0.2855255387496261 0.2835773340476648 0.2791102448387032 0.0 0.7464863868931 0.7460823533761584 0.7472087755247401
0 0.279297 0.534180 0.123698 0.150391 0.0 0.0 0.16632712253513557 0.0 0.19682366461628822 0.0 0.28537813758656166 0.0 0.2857787735815878 0.0 0.745634871003824 0.0 0.7460471880198933
0 0.200521 0.380371 0.138021 0.165039 0.0 0.0 0.20787378687264643 0.0 0.18433492110560945 0.0 0.28571493788911345 0.0 0.2815661197425445 0.0 0.7466612017903569 0.0 0.7465969423570884
0 0.104167 0.228027 0.138021 0.165039 0.0 0.03777299983118522 0.1686247819781739 0.0 0.1550830344936676 0.28203997308269896 0.2915964676958637 0.0 0.27782120062158777 0.7558540571128032 0.7463407900272925 0.0 0.7584696325183491
0 0.873698 0.917969 0.187500 0.085938 0.0 0.14431599671281062 0.0 0.11920915464380563 0.022312203338763825 0.2992845889580474 0.0 0.2987107790262902 0.30424044144437606 0.7504481900577104 0.0 0.7462557642900859 0.739380164480053
0 0.910807 0.506836 0.178385 0.097656 0.0 0.11736516377035759 0.0 0.10437197878096824 0.026897431720870082 0.2718842844670908 0.0 0.28053202504279057 0.25283674867150646 0.7461820539021204 0.0 0.7502171981177027 0.7498365769714161
