0 0.749512 0.640625 0.192383 0.138021 0.0 0.16143871631691256 0.0 0.158679390119099 0.030038658417071883 0.3167502894691964 0.0 0.3167618174443975 0.3162553370313358 0.6129484376203311 0.0 0.6131602696115124 0.6199621995054208
0 0.523438 0.430990 0.128906 0.268229 0.0 0.009799430864429175 0.11153080043974783 0.03126950565197829 0.10896852431061615 0.28527480943720523 0.2740885508434551 0.19014757870718563 0.2825383596969535 0.7460895427843621 0.746180413391031 0.6023452721887237 0.7457566773071954
0 0.595703 0.628906 0.132812 0.179688 0.3239351855306644 0.0 0.0 0.0 0.0 0.0 0.0 0.0 0.0 0.0 0.0 0.0 0.0
0 0.208008 0.488932 0.175781 0.144531 0.0 0.09756667066220115 0.03347469663633872 0.1188247183034435 0.01606192208408136 0.29621985333330136 0.2753749321471605 0.2922610699404299 0.3130103391608101 0.7484136284859451 0.7456792672334291 0.7433937632458689 0.7405977595360939
0 0.921875 0.604818 0.156250 0.134115 0.0 0.182917494773662 0.0 0.19678906296229884 0.0 0.32998695613860435 0.0 0.3357642503353269 0.0 0.6165936336893761 0.0 0.6162132882795176 0.0
0 0.842773 0.319661 0.148438 0.115885 0.0 0.09012158555492727 0.038838441284597854 0.10482337234425389 0.034661826795290326 0.30083842093591295 0.27830145989149785 0.2961736752358358 0.27900564526907695 0.748959740055583 0.7363008483205706 0.7485729439115087 0.7382068897626264
0 0.392090 0.778646 0.122070 0.216146 0.0 0.04272186091236347 0.12357630071878092 0.028775066646237805 0.11211456241203134 0.2749161807442322 0.29213747954609465 0.27562891212207774 0.29313065453313153 0.7416408129049604 0.7446015392733918 0.7487316319732246 0.7467705809439884
0 0.255859 0.316406 0.119141 0.205729 0.0 0.02799100377915689 0.12614353894097408 0.030764128988015872 0.07775306426269278 0.3019528770732914 0.2924441822523205 0.28432650154437356 0.305827082409858 0.7463975084249389 0.7457731443890214 0.7511346443052168 0.7478244032419303
0 0.270508 0.705729 0.160156 0.125000 0.0 0.16450918595864897 0.04376852322793531 0.12963354906238794 0.0 0.2954835917587227 0.2740068866944799 0.3035913098915532 0.0 0.7459386714946956 0.7509873487469046 0.748202595876512 0.0
0 0.729004 0.189453 0.096680 0.165365 0.0 0.0 0.11315791816199816 0.02363713803390835 0.10627246279199522 0.0 0.3065698535724244 0.2961337503301736 0.3157922926649695 0.0 0.7520292371865469 0.7409248016428908 0.7462792626696919
0 0.160156 0.161458 0.119141 0.205729 0.0 0.0 0.1303756899877997 0.03142110349469428 0.14777841799760832 0.0 0.28635741077907595 0.2787340600373321 0.2801540538345028 0.0 0.7488837074007838 0.7561159012669072 0.7496708310475574
0 0.114746 0.039062 0.096680 0.075521 0.0 0.0 0.1794746821727934 0.0 0.1403762706367897 0.0 0.2923080013224062 0.0 0.2931193205846852 0.0 0.7460870105541312 0.0 0.7471673972169814
0 0.380371 0.073568 0.114258 0.144531 0.0 0.0 0.18473280115553845 0.0 0.15771364372755467 0.0 0.2894215567737705 0.0 0.29296836135231724 0.0 0.7474498799392688 0.0 0.7473989583476295
0 0.419922 0.256510 0.119141 0.205729 0.0 0.0 0.09393343121139498 0.02095213386435227 0.11364749080589343 0.0 0.3058369688730365 0.3070555730285664 0.29391710737863147 0.0 0.7484881149856077 0.7323356869796183 0.7611707446621169
0 0.688477 0.065755 0.089844 0.128906 0.0 0.0 0.13035485668002456 0.0 0.1542352864832652 0.0 0.3100214091126429 0.0 0.3019294470155044 0.0 0.7447749312145717 0.0 0.74509278291987
0 0.147461 0.778646 0.160156 0.125000 0.0 0.16920722585322798 0.0 0.19195155824666446 0.0 0.3260623986732964 0.0 0.3224369674915977 0.0 0.7462684212396569 0.0 0.7518564920673869 0.0
0 0.271973 0.894531 0.186523 0.210938 0.06526495447556664 0.0 0.13046755261455123 0.03809474654708468 0.11038076352046844 0.0 0.2560652978403174 0.3131152932291194 0.2718814696251642 0.0 0.7418835761371768 0.7480442113787584 0.7469900593496395
0 0.775879 0.895833 0.125977 0.208333 0.3035845320293889 0.0 0.0 0.0 0.0 0.0 0.0 0.0 0.0 0.0 0.0 0.0 0.0
