0 0.331543 0.335938 0.127930 0.093750 0.20405852994063822 0.15141202066965517 0.08209982715774995 0.0 0.0 0.5331726182273866 0.4068606311732003 0.0 0.0 0.37124587727641273 0.6575135063387336 0.0 0.0
0 0.201660 0.694010 0.102539 0.153646 0.0 0.1693640068840407 0.0 0.14574722767564485 0.0 0.23757981636451617 0.0 0.28804143349285444 0.0 0.25365250901967873 0.0 0.20926318021306164 0.0
0 0.495117 0.658203 0.093750 0.183594 0.0 0.017284401193384535 0.11217657531719222 0.030798287071305476 0.18988711204102443 0.3483473343733806 0.378754971175495 0.287970534414692 0.3029374985584121 0.5565089149067186 0.5652988079285336 0.5456053344624748 0.5592380232344687
0 0.149414 0.304036 0.083984 0.121094 0.0 0.11137256247725585 0.0 0.1876771110518606 0.0 0.35995503668869605 0.0 0.13982951215155828 0.0 0.3699841178907701 0.0 0.36930847640876374 0.0
0 0.342285 0.427083 0.114258 0.091146 0.0 0.03322700510672034 0.1490287014429795 0.033729856136888926 0.0629672425461182 0.24972428764890311 0.3142751478767047 0.24286656519110367 0.24390118410764455 0.5473064108710471 0.5832636861831889 0.5551764172035802 0.5670671396943215
0 0.118164 0.649089 0.087891 0.118490 0.0 0.16311457804580748 0.0 0.13428827494984694 0.0 0.1497946238528048 0.0 0.16974777769682747 0.0 0.23544251615589235 0.0 0.2342827702707445 0.0
0 0.490723 0.497396 0.088867 0.135417 0.0 0.0 0.1563657989691302 0.0 0.1982364212857904 0.0 0.31821349813694666 0.0 0.3181088991208997 0.0 0.5629109182519749 0.0 0.5505374247057432
0 0.225098 0.330078 0.083008 0.121094 0.0 0.1606769606447823 0.04955810453283158 0.07358104678457525 0.05210199424811289 0.3062845754389528 0.09278332846101178 0.08148190879378008 0.09036039965505388 0.35180400558316616 0.4356149798863416 0.4172290836255734 0.4323596298305631
0 0.483398 0.264974 0.134766 0.170573 0.03309974660328309 0.0824725889844855 0.003246335366758381 0.03888065714220854 0.24431097355220585 0.24687740260371172 0.38804094999368954 0.1183149231925083 0.2294130555907422 0.4134015313483873 0.21454876890255908 0.6670612386836038 0.5795296065999532
0 0.054688 0.336589 0.103516 0.235677 0.0 0.02694225716615154 0.14646153175991788 0.0 0.12955894670298518 0.2482252375539155 0.21589075712863426 0.0 0.24964206337799486 0.3692110121406843 0.34818000654415504 0.0 0.3080746238353615
0 0.283691 0.759766 0.108398 0.136719 0.0 0.1328714692601457 0.0 0.1436037400822273 0.0 0.34282806514401665 0.0 0.34220657589949605 0.0 0.22036737796578493 0.0 0.22576506902979393 0.0
0 0.627441 0.610026 0.125977 0.136719 0.0 0.0 0.15676542201027235 0.004190881442598118 0.13494193791844583 0.0 0.3533472616746384 0.3756897787050368 0.18666357700128663 0.0 0.09743710198521949 0.12667647910078775 0.1139448670323545
0 0.033691 0.827474 0.065430 0.108073 0.0 0.19373198396820207 0.0 0.22811626585797343 0.0 0.29682437409240875 0.0 0.31742796844041204 0.0 0.24339809282815092 0.0 0.2591044366244786 0.0
0 0.746094 0.406250 0.146484 0.192708 0.0 0.07659426276257925 0.09400144801539784 0.013264343346651539 0.08139393445381932 0.25437627315934364 0.3271819899709463 0.18912489410030364 0.17855384342480288 0.20053511918766864 0.17132162737240877 0.121040271097719 0.1401504964423262
0 0.627441 0.287760 0.190430 0.158854 0.0 0.11386114015597674 0.045182430105881334 0.11350630672581241 0.016642662349038 0.2924097765639959 0.2543042924902529 0.27859443616977053 0.3150497389820818 0.24233781979599264 0.3769553185603315 0.3068324834978065 0.518529641087074
0 0.032227 0.538411 0.062500 0.212240 0.0 0.0 0.2361477759448254 0.043993738075163664 0.10870266480309816 0.0 0.15756435572775365 0.15176808013700183 0.17147596061234674 0.0 0.3243914727070022 0.24143466135066502 0.3110217745712314
0 0.649414 0.895182 0.125000 0.157552 0.3197074115106689 0.0 0.0 0.0 0.0 0.0 0.0 0.0 0.0 0.0 0.0 0.0 0.0
0 0.682129 0.531250 0.096680 0.104167 0.0 0.0 0.15504852297801655 0.0 0.17239889970693448 0.0 0.2899143198784551 0.0 0.2788936741578111 0.0 0.09370540036638822 0.0 0.11248046973946657
0 0.358398 0.503255 0.089844 0.066406 0.0 0.044930301480473105 0.13917990597000268 0.012178737936391534 0.15045468319035565 0.17037253092071647 0.3590699465793963 0.2720343931971693 0.25250764745251825 0.2140589393573704 0.6153137149548891 0.5540650175666175 0.5580550343717559
0 0.789551 0.637370 0.096680 0.113281 0.0 0.0 0.0 0.23637996932156916 0.14348529986586062 0.0 0.0 0.3513255436469957 0.4174955122620613 0.0 0.0 0.9791646837505854 0.10285976883854997
0 0.749023 0.710938 0.091797 0.101562 0.0 0.0 0.10414530208824568 0.0 0.22875821720370393 0.0 0.3440706582149715 0.0 0.3477293859542308 0.0 0.07275492178745117 0.0 0.09847402848149392
0 0.711426 0.785807 0.098633 0.110677 0.0115465800941084 0.020754492196799073 0.1490034260101139 0.01140589562162065 0.07186396748377236 0.24623637587741973 0.1416766297089812 0.2577190410956012 0.30714651468485843 0.1368638377939231 0.12578717835289188 0.04631611609397528 0.09334333724884841
0 0.717285 0.138021 0.151367 0.205729 0.006660772269889309 0.1307525985209958 0.03245383822269 0.07656547350377364 0.10625653017602821 0.2076477287042068 0.20330936690184645 0.19459735093942648 0.1965582055256155 0.26052298046407973 0.25793748164423647 0.2371962497108474 0.2619783893749571
0 0.837402 0.555339 0.102539 0.110677 0.0 0.0 0.14504040242189808 0.0 0.15286669010780252 0.0 0.2723607190883926 0.0 0.3957713461960302 0.0 0.08963517680349153 0.0 0.09623069079409845
0 0.353516 0.802083 0.062500 0.096354 0.0 0.12332589657145919 0.0 0.23948424775739674 0.0 0.2781633985433012 0.0 0.2931157527445978 0.0 0.2433413596892809 0.0 0.23831979030451073 0.0
0 0.754395 0.895833 0.084961 0.122396 0.0 0.22085229204621434 0.0 0.17582430585369846 0.0 0.15298691325527253 0.0 0.2451764649278515 0.0 0.5471729570032006 0.0 0.5582025943838301 0.0
0 0.060059 0.619792 0.055664 0.119792 0.0 0.1774733971829102 0.0 0.1580627999465258 0.0 0.18553364038863232 0.0 0.26586429916911375 0.0 0.2318996970334068 0.0 0.23262341375738566 0.0
0 0.402344 0.789062 0.072266 0.187500 0.0 0.0 0.11528269337949328 0.021494489391483792 0.09121487556824909 0.0 0.34246335133356753 0.3386201424231268 0.2800061670716515 0.0 0.566027144628924 0.21847194481603588 0.5296733106498253
0 0.898926 0.643880 0.069336 0.076823 0.0 0.0 0.3512489638858565 0.0 0.12256823550374567 0.0 0.35167518764391736 0.0 0.21606988601460708 0.0 0.3035008648118258 0.0 0.1482431884516719
0 0.318848 0.118490 0.110352 0.098958 0.0 0.0 0.13597211154581373 0.0 0.14521862880043543 0.0 0.09343997387640615 0.0 0.089302755396957 0.0 0.5682349605894483 0.0 0.5750585627359969
0 0.325195 0.211589 0.121094 0.089844 0.15162070124330612 0.0 0.07311375128311766 0.0931009142876431 0.013468131517689113 0.0 0.6012872163482578 0.6149953696005103 0.5746891066912208 0.0 0.5560040934108372 0.3627685698022822 0.9964203699511798
0 0.114258 0.137370 0.121094 0.097656 0.0 0.01507001331188135 0.09707808969849313 0.16123597128733252 0.09318906208148604 0.34760123716829744 0.26102604803555596 0.33490187303385266 0.30758925940033344 0.358739573233147 0.32805920170268404 0.37013910330282823 0.33995339342153463
0 0.523438 0.847005 0.132812 0.186198 0.0 0.0 0.14035395575154622 0.035884657013870204 0.11163903016450834 0.0 0.3112882658539312 0.32697140525752266 0.31404996215952885 0.0 0.2533195113781305 0.2999249948280061 0.43551516166901943
0 0.973145 0.784505 0.053711 0.084635 0.0 0.0 0.0 0.0 0.2852958780603509 0.0 0.0 0.0 0.1792005410055753 0.0 0.0 0.0 0.3643711679223486
0 0.963867 0.875000 0.070312 0.098958 0.024014614761975975 0.0 0.049742497592454325 0.0 0.24477655143239052 0.0 0.23562248712365239 0.0 0.20883051104224526 0.0 0.3643262417189804 0.0 0.344848817672655
0 0.130371 0.879557 0.141602 0.154948 0.0 0.13769295417148988 0.08451866822871552 0.08406038570968781 0.030966418715338565 0.3340314296850268 0.33796680090405073 0.31720636758089343 0.28605055425734116 0.23908027490784114 0.12122977257469643 0.19081483721058706 0.5251903059277989
0 0.922363 0.597005 0.065430 0.069010 0.0 0.0 0.2066611015444759 0.0 0.1084111850131953 0.0 0.3743986996165701 0.0 0.23812962545452623 0.0 0.226131176024094 0.0 0.14990762966141316
0 0.597168 0.701172 0.096680 0.087240 0.02038707679553901 0.0 0.10327840055437804 0.0 0.10373781604621637 0.0 0.16910805759801786 0.0 0.2947660571151833 0.0 0.12241530368713395 0.0 0.104678481064493
0 0.986328 0.698568 0.027344 0.102865 0.1067856147510755 0.0 0.0 0.0 0.38249553535934555 0.0 0.0 0.0 0.11302467025484723 0.0 0.0 0.0 0.2884996052380681
0 0.365234 0.566406 0.095703 0.065104 0.0 0.0 0.13333157068556883 0.0 0.11943822608302429 0.0 0.38601947916391943 0.0 0.2946433681670555 0.0 0.6152516380079454 0.0 0.47126016478129673
0 0.376465 0.646484 0.088867 0.095052 0.0 0.0 0.13390656991230765 0.0 0.13398075621542505 0.0 0.4309419163875993 0.0 0.229314213852862 0.0 0.5708632410980038 0.0 0.5655664211734578
0 0.843262 0.895833 0.094727 0.127604 0.0 0.18190128558672597 0.0 0.10880467379397417 0.0 0.18336311896469537 0.0 0.20981222426798035 0.0 0.3546172505050813 0.0 0.5265754831292182 0.0
0 0.829590 0.224609 0.116211 0.136719 0.2886016799833242 0.0 0.0 0.0 0.0 0.0 0.0 0.0 0.0 0.0 0.0 0.0 0.0
0 0.844238 0.791667 0.102539 0.083333 0.06112195627274963 0.015529281845473109 0.15774065354589173 0.02700593950564077 0.024316874817929872 0.3235006902653449 0.32941722043525085 0.30403840631408996 0.2925033991616494 0.29885854586973754 0.2822008439941505 0.2701116659269082 0.2647422341390037
0 0.318359 0.037760 0.095703 0.072917 0.09790261934171002 0.0 0.20728342700526997 0.0 0.05667391235202906 0.0 0.12758507487593862 0.0 0.25962105656115614 0.0 0.5780538796847103 0.0 0.5518068957385202
0 0.127441 0.054688 0.118164 0.070312 0.0 0.013780768399319682 0.1692923882325985 0.05660577190525861 0.17320721110085818 0.44691205746424284 0.21598415913538066 0.40205209955305454 0.3383955217703276 0.39246970353934724 0.42238320540310814 0.359458660606688 0.30883567727677363
0 0.093262 0.972656 0.086914 0.054688 0.0 0.0 0.20509800844101025 0.0 0.27764770391925014 0.0 0.34268339106928025 0.0 0.27907439903001596 0.0 0.11216072328574443 0.0 0.10801792769974365
0 0.238281 0.944010 0.095703 0.111979 0.0 0.1537228880735039 0.0 0.10153077804352519 0.05478279199202017 0.3426272995988105 0.0 0.26909575531329033 0.43310264094878576 0.165934647902344 0.0 0.1688710659204662 0.12423662473792672
0 0.306152 0.965495 0.073242 0.069010 0.0 0.20338894234877436 0.03932679673312462 0.013330694037237823 0.03881620025535166 0.45054603632844903 0.4302055656505749 0.39113892922612864 0.44702692435534774 0.12352216366966952 0.06445731608454126 0.07853093098731279 0.06852805064845313
0 0.371094 0.981120 0.058594 0.037760 0.15475440217351036 0.09024064822049475 0.0 0.0 0.0 0.22673453625563983 0.0 0.0 0.0 0.031255566683672166 0.0 0.0 0.0
0 0.959961 0.958984 0.080078 0.082031 0.0 0.0 0.07528130401257024 0.0 0.22732082642856297 0.0 0.2287245091302034 0.0 0.33111405787743736 0.0 0.3222525764293718 0.0 0.32960656752085465
0 0.945801 0.554688 0.057617 0.049479 0.0 0.13095960214827157 0.20291037517800498 0.0 0.0 0.13290279545220532 0.16464248650268382 0.0 0.0 0.930721395044368 0.15134107893114723 0.0 0.0
0 0.952637 0.447917 0.084961 0.158854 0.030791550500329168 0.16715019003836265 0.08266650088498939 0.07462072333748297 0.057538664885355154 0.31588072535503514 0.3435213935291403 0.33954813736570905 0.35115617841497604 0.09253509189506248 0.12610752994220426 0.12385279770842528 0.13386764818657285
0 0.486328 0.393880 0.089844 0.082031 0.0 0.0 0.14255488801977353 0.0 0.20205277811595335 0.0 0.32197347567435575 0.0 0.35921253813962184 0.0 0.5602367853554288 0.0 0.5795985135863134
0 0.463379 0.023438 0.092773 0.044271 0.0 0.0 0.19009796928169012 0.0 0.2534822450161142 0.0 0.25974312636919866 0.0 0.2439181843172258 0.0 0.5547836903881376 0.0 0.5512849509649057
0 0.520020 0.101562 0.209961 0.117188 0.01997041838824605 0.07427566181258069 0.0 0.04323962154262314 0.042574992092445675 0.1914322224359383 0.0 0.26420496793850345 0.08221941112054454 0.36068909041800246 0.0 0.3916766360673719 0.4781006477922309
0 0.881836 0.089844 0.156250 0.177083 0.0 0.18418581112726573 0.01755836897144877 0.16373328955696903 0.02673777537240509 0.3004162280421832 0.29314474447825006 0.3016298594915331 0.3011685524687103 0.1268800364476293 0.12264950328467421 0.12346219207737982 0.11930929287164531
