0 0.901855 0.416016 0.090820 0.097656 0.0 0.15378855209626283 0.0 0.14126627965547622 0.0 0.33506453671750397 0.0 0.29913373667863297 0.0 0.4430428526658266 0.0 0.4457679274932719 0.0
0 0.910156 0.541992 0.082031 0.083984 0.0 0.08608741605525047 0.0 0.1278479095436456 0.0 0.3303083127995735 0.0 0.36287237762001 0.0 0.4677251694649611 0.0 0.44220237444708693 0.0
0 0.550781 0.248535 0.162109 0.122070 0.0 0.14119934597480888 0.035308168896560986 0.08689947846569981 0.023836218471295793 0.27606097589282186 0.24382143470656673 0.3250731370367944 0.303182095750987 0.656043991575697 0.6971357847098099 0.7037657448023235 0.7155163942119177
0 0.741211 0.396484 0.121094 0.072266 0.0 0.19212020640348113 0.0 0.1356958560638897 0.0 0.37177220052527665 0.0 0.3611840294843454 0.0 0.4529658273830118 0.0 0.4431769722824514 0.0
0 0.876465 0.688477 0.147461 0.099609 0.0 0.12452760265453071 0.02934688486327126 0.08872944554746921 0.11162777266565836 0.29893500815096563 0.48517608731749445 0.3038538524792566 0.29866344702808084 0.44670808395643696 0.9702908539174492 0.5728011503783943 0.9713221568270509
0 0.482910 0.495117 0.112305 0.085938 0.0 0.030278466617864246 0.21306207146425143 0.022878254101371676 0.17284411729178087 0.2461693717241776 0.2781821402829691 0.2412226407426709 0.279260106998336 0.9632728623727963 0.9153531000748457 0.9705254810333991 0.9716240511883655
0 0.830566 0.533203 0.083008 0.091797 0.0 0.2068180185109908 0.0 0.16214679560037998 0.0 0.2854386296636384 0.0 0.27697496429078866 0.0 0.47920597224537603 0.0 0.445410747705009 0.0
0 0.347168 0.469727 0.124023 0.134766 0.2292000571780534 0.0 0.0 0.0 0.0 0.0 0.0 0.0 0.0 0.0 0.0 0.0 0.0
0 0.184570 0.417480 0.181641 0.165039 0.0 0.07687982381348318 0.0799516413466395 0.07052936461021914 0.09392001266825942 0.20229913019972223 0.1966048985983356 0.21458255479544774 0.20129554216488144 0.2676223398130198 0.19838925206253782 0.2131698589063283 0.25375093485278444
0 0.437500 0.413086 0.103516 0.080078 0.0 0.05355776861296074 0.07643739362256699 0.03539971811661584 0.05330365293498128 0.2966126049440036 0.3309340506727075 0.29311579536443483 0.3402224595092949 0.6398549812727163 0.9714574502276875 0.9142958348547836 0.9660542595931922
0 0.533203 0.552246 0.105469 0.086914 0.0 0.022225987536610127 0.1733908703549639 0.023465235463421243 0.20816931817564555 0.3585325694258246 0.30252456519488297 0.3611776039321194 0.31404897549223826 0.9622112991937949 0.9683268330216122 0.969996596718668 0.9661028298272902
0 0.828613 0.404785 0.059570 0.079102 0.0 0.15858538968559124 0.0 0.13262474441423713 0.0 0.3463815523131282 0.0 0.3063427558356369 0.0 0.4510244599479219 0.0 0.45675485711550123 0.0
0 0.760742 0.158203 0.226562 0.224609 0.3090681234841346 0.0 0.0 0.0 0.0 0.0 0.0 0.0 0.0 0.0 0.0 0.0 0.0
0 0.971680 0.424805 0.056641 0.099609 0.0 0.2228647571399503 0.0 0.18114336225606803 0.0 0.33849989152584264 0.0 0.30050643627652807 0.0 0.4457443442645481 0.0 0.44248013001267894 0.0
0 0.304688 0.572754 0.125000 0.092773 0.0 0.036297874209115594 0.12184058106246144 0.034806538808638696 0.12775595137750942 0.3225769846731991 0.3204611581895434 0.31841065416149383 0.32962703755485523 0.23520937903222258 0.2311877662605704 0.24266121154361775 0.23013472808841995
0 0.729980 0.763672 0.092773 0.091797 0.0 0.0 0.13993338783706338 0.0 0.1362475149814604 0.0 0.2895681633863339 0.0 0.29433942975301747 0.0 0.9731174897599636 0.0 0.9749804061465097
0 0.670898 0.481445 0.062500 0.062500 0.0 0.0 0.10810850643124635 0.0 0.09566233576602597 0.0 0.3696831813941906 0.0 0.3524296369564998 0.0 0.972064691990397 0.0 0.9651660314371276
0 0.771973 0.804199 0.100586 0.073242 0.0 0.0 0.1578187755066631 0.0 0.17895222041421455 0.0 0.24294088898278332 0.0 0.27815228890468224 0.0 0.9789829526552075 0.0 0.9658416130370325
0 0.709961 0.520020 0.066406 0.075195 0.0 0.14067904366377043 0.0 0.12104039690464279 0.0 0.34241083984417103 0.0 0.30945356413054753 0.0 0.0397393067062496 0.0 0.09170758015211979 0.0
0 0.765625 0.529297 0.050781 0.082031 0.0 0.23561586765526668 0.0 0.17519283337748343 0.0 0.2307466177687807 0.0 0.3503135588827482 0.0 0.35159496768834136 0.0 0.35647804194388566 0.0
0 0.277344 0.657715 0.091797 0.075195 0.3875733351728345 0.0 0.0 0.0 0.0 0.0 0.0 0.0 0.0 0.0 0.0 0.0 0.0
0 0.231934 0.779785 0.127930 0.061523 0.0 0.0 0.18665936832599891 0.0 0.1653064878626516 0.0 0.21952914889523503 0.0 0.24580658455745796 0.0 0.2735690975668086 0.0 0.2833531335894545
0 0.678223 0.716309 0.116211 0.084961 0.0 0.0 0.17582422365787093 0.0 0.1979448452613079 0.0 0.3310872521016372 0.0 0.21254553320163683 0.0 0.9746430812234812 0.0 0.9689542089395935
0 0.975586 0.547852 0.048828 0.087891 0.0 0.16920991779870592 0.0 0.29833009913323816 0.0271454567921902 0.34982719092374076 0.0 0.3820094296047493 0.1668355350892867 0.4608605402529488 0.0 0.4462811414782411 0.49162229740111435
0 0.938965 0.757324 0.067383 0.069336 0.0 0.0 0.1573433747014985 0.10642723669378847 0.0 0.0 0.31365154313163557 0.3196280772133825 0.0 0.0 0.9605511559429927 0.022361731982851376 0.0
0 0.217773 0.973633 0.113281 0.052734 0.0 0.0 0.09913716672336637 0.0 0.1669073923934799 0.0 0.12096525690321457 0.0 0.2984460838691649 0.0 0.620281651881554 0.0 0.587428642450816
0 0.882812 0.935547 0.093750 0.070312 0.0 0.0 0.16755787485808588 0.0 0.10889820864565276 0.0 0.25990756802630066 0.0 0.261027652198243 0.0 0.9828626898312517 0.0 0.9698674783158197
0 0.628418 0.654785 0.110352 0.071289 0.0 0.0 0.12465209624581933 0.0 0.17534416207490733 0.0 0.3383714415732181 0.0 0.27017613867605667 0.0 0.9612733725567308 0.0 0.9684202371216849
0 0.524414 0.125488 0.068359 0.059570 0.0 0.068896349617428 0.053760106382780455 0.049108780006059845 0.08141759871148034 0.2850829468800038 0.30063819582825413 0.2841044152725896 0.3189017524473288 0.6313130708057075 0.6240859439263912 0.8514500121001485 0.5877129301022702
0 0.579590 0.604492 0.118164 0.072266 0.0 0.0 0.1675391764200636 0.0 0.14531158387850765 0.0 0.27517155382129993 0.0 0.2682688820885732 0.0 0.970132697092668 0.0 0.9679524450545298
0 0.812012 0.853516 0.096680 0.076172 0.0 0.0 0.12994194122318503 0.0 0.17183024056504115 0.0 0.2858770370853977 0.0 0.23905104016187767 0.0 0.9708030422142093 0.0 0.96770079052911
0 0.610840 0.405762 0.135742 0.116211 0.0 0.06345617390672331 0.03515721774953195 0.05500945007435139 0.07373633263687485 0.35607773965486983 0.35043900334818745 0.2558095033096919 0.3453900085333532 0.4504573265738385 0.9691671739624961 0.6586991098947002 0.972095789587041
0 0.979980 0.230469 0.040039 0.080078 0.0 0.025540502047870495 0.0 0.04281687180751767 0.16233889315644368 0.31066835025008144 0.0 0.33005419536373043 0.42015298538204565 0.5197624212810593 0.0 0.44977736353238873 0.43978996495564787
0 0.849609 0.899902 0.093750 0.075195 0.0 0.0 0.21787579753180825 0.0 0.22728451792071364 0.0 0.27139491152118095 0.0 0.27772822260272445 0.0 0.9671439823501227 0.0 0.963112870305604
0 0.927734 0.218262 0.062500 0.067383 0.0 0.17743377062589225 0.0 0.1696256149989462 0.0 0.24298143804299074 0.0 0.2616709603183608 0.0 0.4538051817410156 0.0 0.43696362508548153 0.0
0 0.212891 0.914551 0.095703 0.069336 0.0 0.0 0.19162210425279988 0.0 0.19874897189403662 0.0 0.2367232911805124 0.0 0.23355523203996462 0.0 0.46142776835007454 0.0 0.4868791104774942
0 0.216309 0.848145 0.108398 0.065430 0.0 0.0 0.2095633018979165 0.0 0.24067963662003744 0.0 0.26240391517315387 0.0 0.23544335411219772 0.0 0.3836843448918829 0.0 0.36737554046526477
0 0.975098 0.683594 0.049805 0.076172 0.0 0.2698772726934643 0.0 0.09761050082584594 0.0 0.2522649866752508 0.0 0.2387610456693537 0.0 0.40095439219930934 0.0 0.4573918102011008 0.0
0 0.969727 0.804688 0.060547 0.085938 0.0 0.18176072224878664 0.0 0.2497329744992069 0.0 0.3237407293781159 0.0 0.27738314156207117 0.0 0.15066544926778636 0.0 0.1617957939931778 0.0
0 0.172363 0.289062 0.081055 0.095703 0.0 0.051997115408506836 0.06882857382723882 0.05387779498045902 0.07594690220502671 0.280896903964539 0.28629789390818067 0.2930287701377405 0.28207555513625737 0.20851062491258748 0.2507611986533662 0.3315602217048359 0.30400656316570196
0 0.103516 0.043457 0.177734 0.084961 0.0 0.07630236495660984 0.05785424096906871 0.2441375878197855 0.0 0.3578591623551706 0.4933025055785602 0.36467763736416203 0.0 0.30416380624214395 0.3283949691162579 0.31237456817750403 0.0
0 0.926758 0.977539 0.093750 0.044922 0.0 0.0 0.34586507034310066 0.0 0.21440682652895188 0.0 0.29479568794158295 0.0 0.3155653890413254 0.0 0.9280463976551219 0.0 0.9698556393212584
0 0.660156 0.062500 0.117188 0.121094 0.26697976644271865 0.0 0.0 0.0 0.0 0.0 0.0 0.0 0.0 0.0 0.0 0.0 0.0
0 0.255371 0.723633 0.084961 0.062500 0.0 0.0 0.16839932009066808 0.0 0.21363468655563161 0.0 0.2744658819252382 0.0 0.27259430262294165 0.0 0.2476653205483198 0.0 0.24162462409219707
0 0.531738 0.038086 0.131836 0.074219 0.0 0.0 0.09136748378529835 0.0 0.11906940305363234 0.0 0.19415241514086112 0.0 0.3040178492305325 0.0 0.8170359610398448 0.0 0.6951973403410376
0 0.081543 0.729492 0.084961 0.144531 0.0 0.0 0.08223034651110206 0.0 0.12891192238107577 0.0 0.12113370244126309 0.0 0.12040949078865851 0.0 0.27531861257721174 0.0 0.2791225144175485
0 0.062988 0.223633 0.124023 0.287109 0.0 0.045163373791443584 0.05688149376919851 0.05867335828252894 0.14925973593962014 0.3171846683134716 0.3332143478184055 0.268383225665358 0.3572520305953189 0.31619986493546437 0.31478593103149327 0.31670888395316144 0.31419280372989594
0 0.055664 0.848145 0.070312 0.079102 0.0 0.0 0.1073876965078263 0.0 0.15467508287670617 0.0 0.12625698844533792 0.0 0.11911946721549972 0.0 0.4667384728459189 0.0 0.4679953070242062
0 0.132324 0.550781 0.112305 0.085938 0.0 0.10003087719856969 0.0 0.13253338531230166 0.0 0.22772022107430437 0.0 0.14151441539488804 0.0 0.27740947514617414 0.0 0.28089585160744135 0.0
