0 0.675130 0.076660 0.118490 0.100586 0.08837328478314037 0.0891445856175083 0.01588273482255421 0.09534914659203768 0.053336167848641536 0.3506965135163718 0.27446116023903144 0.3251616879486375 0.31249530664951525 0.8137062906197465 0.7319044832248058 0.7920878066796092 0.8055818489013922
0 0.572917 0.114258 0.114583 0.093750 0.02812712268978291 0.05080428038880982 0.05763985522296805 0.07628509371728068 0.0 0.3332957202950551 0.31087013404620323 0.31197484431306616 0.0 0.8038574614005511 0.8005642578646943 0.8045909020091427 0.0
0 0.527344 0.874023 0.127604 0.064453 0.0 0.0 0.09729257775997055 0.0 0.0894483099922102 0.0 0.26730422203252274 0.0 0.2753109708795825 0.0 0.7928182921089645 0.0 0.80530463029501
0 0.461589 0.144043 0.121094 0.104492 0.007739522094973562 0.07792113728847408 0.0 0.10753244780915432 0.05869113147270043 0.3800015756967585 0.0 0.339596117219261 0.4086092361843838 0.7455301469867504 0.0 0.8256341604793523 0.8079201734866085
0 0.166016 0.284180 0.113281 0.078125 0.25485326827600696 0.0 0.0 0.029178517355151364 0.0 0.0 0.0 0.32755852955124787 0.0 0.0 0.0 0.8036183491245305 0.0
0 0.776042 0.421875 0.111979 0.070312 0.0 0.0 0.1731604290897412 0.018349515875486305 0.0631713389075202 0.0 0.3032566641270094 0.2882615596411482 0.331548533052898 0.0 0.8136856963337105 0.7198722613461428 0.7976420545626002
0 0.616536 0.565918 0.131510 0.081055 0.0 0.024051977275286313 0.08840980865620783 0.02571110078494425 0.04927481697149233 0.31846318913784216 0.3253363437993833 0.3048408642377804 0.31862351419288965 0.8174979563009929 0.8100491518376143 0.8103885085208377 0.8270989179526926
0 0.720052 0.728027 0.101562 0.065430 0.0 0.0 0.15441288068479142 0.026203690220913768 0.10977364475142647 0.0 0.1596636801455712 0.22009576275097373 0.32795748409077274 0.0 0.8063920219102694 0.6322677238146235 0.7940468736490932
0 0.414062 0.709961 0.106771 0.054688 0.0 0.0 0.24912385294358097 0.0 0.07463671770456415 0.0 0.33267168208049624 0.0 0.38257923444287617 0.0 0.8129334458603721 0.0 0.7986734920108783
0 0.816406 0.478516 0.104167 0.068359 0.0 0.02189336998586783 0.14977211910193575 0.0 0.1528311400060169 0.1736182168187237 0.3205459477550543 0.0 0.32447076312880113 0.9798841859982304 0.7910094303437728 0.0 0.8121825437152927
0 0.482422 0.812988 0.105469 0.065430 0.044823068532673205 0.01789748982650785 0.053736706856493885 0.06347883788771291 0.2168023597703327 0.40263911066761365 0.49037320171797305 0.29865997079578466 0.2642390828120378 0.3239609329983591 0.21820977106921696 0.4734321479696707 0.7483144361831245
0 0.645182 0.626465 0.123698 0.069336 0.0 0.037876326653873985 0.10260535326754545 0.02174711348522174 0.08175362730875115 0.2870709075223613 0.3462165824243444 0.30422419672215834 0.346365425040981 0.8039462538597614 0.8144114418785197 0.8058260180462601 0.8014442720841802
0 0.773438 0.044922 0.114583 0.082031 0.0 0.0786420330635582 0.08160617551825117 0.10112889034770763 0.0 0.3205261194742494 0.32385659790471977 0.333451975012225 0.0 0.8116619391101709 0.8059037013301087 0.8066375250044623 0.0
0 0.078125 0.042969 0.153646 0.083984 0.0 0.08695991355062449 0.0 0.13589933166624268 0.0 0.31441922251335674 0.0 0.30159637938478057 0.0 0.8037783829881606 0.0 0.804127410115953 0.0
0 0.578776 0.511719 0.121094 0.062500 0.0 0.0 0.1828182168381328 0.0 0.06348860807129814 0.0 0.3483068441490067 0.0 0.30001326747779256 0.0 0.8024964804353957 0.0 0.8081931450607376
0 0.707031 0.310059 0.119792 0.075195 0.0 0.0608554796136293 0.12313685933942485 0.0 0.07832539038758807 0.3212580326270704 0.3236813389134998 0.0 0.32156987602064224 0.8081401417921309 0.79828857164248 0.0 0.7973781214501156
0 0.757812 0.783691 0.111979 0.071289 0.0 0.018025469892910553 0.13685588786947606 0.0 0.05708402345849739 0.3615440508748562 0.22906388165251773 0.0 0.3950322940005151 0.8910578794061778 0.7743196164611266 0.0 0.8641752317616689
0 0.677083 0.682617 0.098958 0.060547 0.0 0.0 0.10154856109678281 0.0 0.1075105562307436 0.0 0.28179689395363094 0.0 0.33795045153053593 0.0 0.8149507801772308 0.0 0.7944132753525691
0 0.585286 0.915039 0.162760 0.070312 0.0 0.09990385658825175 0.08210019420624474 0.08987244145464991 0.10661863878571927 0.3347281752835783 0.28492422300538 0.27737775553923666 0.2850228227040022 0.8110324992326589 0.819782469064507 0.7953153434964905 0.8589664556722305
0 0.896484 0.022461 0.136719 0.042969 0.0 0.0 0.022913212848875392 0.1516852872469107 0.10787283815108005 0.0 0.3028181146387147 0.3308160490655152 0.3178259932509198 0.0 0.6860139410385581 0.8043573549896987 0.7970589870730689
0 0.850260 0.895020 0.148438 0.069336 0.0 0.06135982827942461 0.0870944590561534 0.13225323624175778 0.1370423109376313 0.35440843337006933 0.3576884109558528 0.35308564802748466 0.3569748435527493 0.8004024481543957 0.7562986400246704 0.8067460445274606 0.8008526865157879
0 0.389323 0.648438 0.135417 0.062500 0.0 0.031633934438991373 0.1387510853742944 0.027140628450607968 0.12278226714375581 0.3888621558769138 0.3089223458782563 0.369148316215063 0.3567561719329586 0.8090493158616503 0.8251275533403251 0.8130858261150669 0.8997419261072989
0 0.070312 0.813477 0.138021 0.273438 0.0 0.0 0.14887408936435764 0.0 0.09585859019993631 0.0 0.24276435425085657 0.0 0.24245645873361393 0.0 0.8029896580389659 0.0 0.8050510673118917
0 0.076823 0.317383 0.106771 0.083984 0.0 0.11902319849796093 0.020052644658533476 0.09349781383273839 0.06069087230743221 0.3287751278255639 0.29995185840073185 0.32231071293593294 0.3408514410195137 0.8108902795159411 0.7458929762634596 0.7902309571461583 0.8026161807637726
0 0.361979 0.189453 0.132812 0.097656 0.0 0.0518815848738495 0.1013549280925061 0.07675524490368994 0.01495843830532612 0.3706815903568827 0.3138263878797144 0.3362067586316495 0.35893238106189784 0.809716853016533 0.8056284447065573 0.8251489267721891 0.7215301481031418
0 0.261068 0.214844 0.108073 0.123047 0.0 0.14986667310239984 0.0 0.07253983789712196 0.042033012584682526 0.3079665552886323 0.0 0.34296458913126976 0.38210997072307484 0.8150521384427387 0.0 0.7994628678397451 0.7856504463817966
0 0.883464 0.519043 0.170573 0.069336 0.0 0.04166133532863554 0.1066230387373143 0.04027380412757387 0.05550869295852911 0.31369653658611896 0.2999431697350515 0.38934135926066354 0.3349079184826829 0.7975677678668588 0.8179093908808546 0.7899700374520383 0.7933492836618626
0 0.797526 0.839844 0.087240 0.060547 0.0 0.0 0.3250932663254289 0.0 0.17125643858130865 0.0 0.18349879007079298 0.0 0.3693557344171817 0.0 0.545395282323618 0.0 0.8131081370152081
0 0.455078 0.755859 0.102865 0.054688 0.13861065944329456 0.0 0.3393820684799643 0.0 0.265981486788443 0.0 0.3138981445926019 0.0 0.3776428940644575 0.0 0.791450698509651 0.0 0.7950122070517883
0 0.187500 0.978516 0.171875 0.042969 0.0 0.06023830690737221 0.037315916246963385 0.0 0.0 0.18649778567108966 0.17788997660902528 0.0 0.0 0.8341781889460533 0.8346533146117788 0.0 0.0
0 0.258464 0.491699 0.160156 0.067383 0.0 0.049074447144862775 0.06988498153562248 0.0 0.05266229503017712 0.30279217747944553 0.31851769370434285 0.0 0.3039882467827816 0.8060748443691005 0.8111705740355918 0.0 0.8006938899244482
0 0.757161 0.372559 0.123698 0.067383 0.0 0.0 0.19573034518884644 0.0 0.10865987078560715 0.0 0.3191147865075402 0.0 0.37070912132179207 0.0 0.8040951621016278 0.0 0.8267707653085691
0 0.296224 0.552734 0.118490 0.062500 0.0 0.0 0.1018511584820208 0.0 0.1653122960240195 0.0 0.3759154598286334 0.0 0.3449233347982634 0.0 0.8144211116210702 0.0 0.810314562868285
0 0.339193 0.602539 0.118490 0.062500 0.07996632568370317 0.0 0.07211607223731391 0.0 0.10885972036267569 0.0 0.3434540804875842 0.0 0.34699476742026863 0.0 0.8197335252797937 0.0 0.7894334603197036
0 0.621094 0.969727 0.169271 0.060547 0.0 0.0702584305914865 0.08835739535401643 0.10863658458294936 0.07831718256638001 0.3507800899042705 0.3424205295820176 0.3497800605484797 0.3564412801790137 0.7989778224755126 0.8022878268747413 0.8011055225288828 0.7983905978791217
0 0.539714 0.459961 0.121094 0.062500 0.0 0.03886553039382634 0.1931104193148771 0.02774425463901047 0.1383877821977193 0.30499639713944426 0.32334690039118047 0.3032522782205452 0.3448999126902791 0.8127962058583377 0.7965382921103338 0.8116292503290657 0.7900577497800967
0 0.509766 0.396484 0.149740 0.074219 0.04815412027338121 0.09543222761635023 0.0609272849049751 0.014333951692474643 0.0 0.39786741879716897 0.38256589057162554 0.35686624144976503 0.0 0.8006290586528585 0.8121175010018911 0.8621041965134787 0.0
0 0.904948 0.587402 0.119792 0.067383 0.0 0.0 0.1409726995929609 0.0 0.14526201159398985 0.0 0.2908139099350223 0.0 0.3408380532985278 0.0 0.8209417098529782 0.0 0.8007972254968074
0 0.934896 0.652832 0.119792 0.067383 0.0 0.0 0.0816447794152856 0.01360312987710487 0.05869137971548458 0.0 0.3356144795269315 0.27892721624054845 0.3297169548703778 0.0 0.8020560470704159 0.7523284854811443 0.7975609300860741
0 0.961589 0.705078 0.076823 0.064453 0.0 0.05301259528452555 0.22516257257012098 0.0 0.13829707280178957 0.305911519866768 0.3282604313706078 0.0 0.33531824895672047 0.8912846490255613 0.8124046753821269 0.0 0.8129224808753772
0 0.958984 0.211914 0.082031 0.078125 0.0 0.10009060930483887 0.08752631042894493 0.0 0.13890479927353847 0.30002675046270716 0.32122319405735866 0.0 0.31242975062838113 0.8010664943237024 0.8016491385506124 0.0 0.8065358734879761
