0 0.651367 0.166016 0.089844 0.097656 0.0 0.15546016679296135 0.0 0.14280178269520966 0.0 0.33506453671750397 0.0 0.29913373667863297 0.0 0.4430428526658266 0.0 0.44576792749327193 0.0
0 0.801270 0.303223 0.081055 0.088867 0.0 0.17644226927717638 0.0 0.19116343745913122 0.0 0.2998750259159445 0.0 0.26963293705474606 0.0 0.4410225586003275 0.0 0.4444455660842954 0.0
0 0.874023 0.452637 0.080078 0.098633 0.0 0.20966856705784082 0.0 0.21393133613781684 0.0 0.37548420583368325 0.0 0.28293480916013536 0.0 0.47305834664641994 0.0 0.434293268995163 0.0
0 0.659180 0.291992 0.080078 0.083984 0.0 0.08818710912976876 0.0 0.1309661512398321 0.0 0.33030831279957357 0.0 0.36287237762001 0.0 0.4677251694649612 0.0 0.44220237444708693 0.0
0 0.849609 0.038086 0.087891 0.074219 0.0 0.10762328707984146 0.0 0.21078707810302083 0.0 0.2526144551326183 0.0 0.318557874479119 0.0 0.4491854694593913 0.0 0.45199474650093835 0.0
0 0.491211 0.146484 0.121094 0.072266 0.0 0.19212020640348113 0.0 0.1356958560638897 0.0 0.37177220052527665 0.0 0.3611840294843454 0.0 0.4529658273830118 0.0 0.4431769722824514 0.0
0 0.233398 0.245117 0.111328 0.085938 0.0 0.03054406720223148 0.21493103700341157 0.023078940540857396 0.17436029375925263 0.2461693717241776 0.2781821402829691 0.2412226407426709 0.279260106998336 0.9632728623727963 0.9153531000748457 0.9705254810333991 0.9716240511883655
0 0.731934 0.298340 0.063477 0.086914 0.0 0.1316239637155016 0.0 0.23206317132231147 0.02111573994206671 0.34982719092374076 0.0 0.3820094296047493 0.1668355350892867 0.46086054025294876 0.0 0.4462811414782411 0.49162229740111435
0 0.061523 0.325684 0.095703 0.086914 0.0 0.05060561228879221 0.16986717102952664 0.04852642879076433 0.17811423627040984 0.3225769846731991 0.3204611581895434 0.31841065416149383 0.32962703755485523 0.23520937903222258 0.23118776626057036 0.24266121154361775 0.23013472808841995
0 0.626953 0.438477 0.148438 0.099609 0.0 0.1237083421107509 0.029153813252328686 0.08814569919518322 0.11089337942443692 0.29893500815096563 0.48517608731749445 0.3038538524792566 0.29866344702808084 0.44670808395643696 0.9702908539174492 0.5728011503783943 0.9713221568270509
0 0.580566 0.283203 0.083008 0.091797 0.0 0.2068180185109908 0.0 0.16214679560037998 0.0 0.2854386296636384 0.0 0.27697496429078866 0.0 0.47920597224537603 0.0 0.445410747705009 0.0
0 0.880371 0.309570 0.077148 0.089844 0.027730632208297187 0.13720367202105208 0.0 0.23291643367633386 0.0 0.31321185073928753 0.0 0.28787968808072373 0.0 0.47840310647490286 0.0 0.4535474761722538 0.0
0 0.844238 0.181641 0.063477 0.093750 0.0 0.1465503659233376 0.0 0.1664362146575753 0.0 0.263422272824832 0.0 0.2583592619183139 0.0 0.44347990888171657 0.0 0.45203732134676405 0.0
0 0.964355 0.178223 0.071289 0.086914 0.0 0.14561563705963548 0.0 0.14188169433006204 0.0 0.3739002730543966 0.0 0.34552918005888505 0.0 0.59881533429875 0.0 0.5939168187529282 0.0
0 0.786133 0.179199 0.062500 0.098633 0.0 0.154070495645373 0.0 0.18812407246111146 0.0 0.28135779273764344 0.0 0.30911234092740797 0.0 0.44785168529646946 0.0 0.4445291979561325 0.0
0 0.283203 0.302246 0.105469 0.086914 0.0 0.022225987536610127 0.1733908703549639 0.023465235463421243 0.20816931817564555 0.3585325694258246 0.30252456519488297 0.3611776039321194 0.31404897549223826 0.9622112991937949 0.9683268330216122 0.969996596718668 0.9661028298272902
0 0.972656 0.035156 0.054688 0.068359 0.0 0.05164696119792949 0.0 0.13420981414883598 0.0 0.2502224754812085 0.0 0.32092828979426813 0.0 0.6594896501887612 0.0 0.6801652257908893 0.0
0 0.901367 0.182617 0.058594 0.085938 0.0 0.19224341979204648 0.0 0.1855590884290514 0.0 0.2606284227208046 0.0 0.24598930028470967 0.0 0.37118561982973497 0.0 0.521074369074558 0.0
0 0.577637 0.154785 0.057617 0.081055 0.0 0.16001029414672377 0.0 0.1338163900654984 0.0 0.3463815523131282 0.0 0.3063427558356369 0.0 0.4510244599479219 0.0 0.45675485711550123 0.0
0 0.466309 0.499023 0.092773 0.091797 0.0 0.0 0.1489518608606796 0.0 0.16432518145496627 0.0 0.29524845312941084 0.0 0.2981077839142426 0.0 0.9731300497189375 0.0 0.9751570803730405
0 0.727051 0.175781 0.067383 0.099609 0.0 0.18733559295821908 0.0 0.15226543493988326 0.0 0.33849989152584264 0.0 0.3005064362765282 0.0 0.4457443442645481 0.0 0.44248013001267894 0.0
0 0.943848 0.312988 0.049805 0.094727 0.0 0.1395563969179943 0.0 0.18041524194701403 0.0 0.222726942578034 0.0 0.22776388642417295 0.0 0.4280500562007131 0.0 0.45977896131601975 0.0
0 0.943848 0.456543 0.065430 0.090820 0.0 0.2309529774660595 0.0 0.21511175657049875 0.0 0.32600791101237725 0.0 0.2875159104972775 0.0 0.44975426619914505 0.0 0.4193815358852901 0.0
0 0.835938 0.909668 0.105469 0.131836 0.2932443070514418 0.0 0.010610255932346364 0.007347830061317854 0.006185930843313312 0.0 0.3402930779728988 0.33883106818032055 0.3872125796814911 0.0 0.8966506760895167 0.5233689331807277 0.4686684601124063
0 0.784668 0.565918 0.059570 0.088867 0.0 0.16677941700886018 0.0 0.15068548116065544 0.0 0.2840349526185661 0.0 0.2858355149791696 0.0 0.44639670322127517 0.0 0.4420401252405984 0.0
0 0.420898 0.231934 0.062500 0.061523 0.0 0.0 0.10982451446983756 0.0 0.09718078554008987 0.0 0.3696831813941906 0.0 0.3524296369564998 0.0 0.972064691990397 0.0 0.9651660314371276
0 0.509277 0.548340 0.100586 0.073242 0.0 0.0 0.18273102151593243 0.0 0.1444262064495887 0.0 0.24437281490932047 0.0 0.27841562483566096 0.0 0.9771895726521346 0.0 0.968491878216979
0 0.459961 0.270020 0.066406 0.075195 0.0 0.14067904366377043 0.0 0.12104039690464279 0.0 0.34241083984417103 0.0 0.30945356413054753 0.0 0.0397393067062496 0.0 0.09170758015211979 0.0
0 0.187500 0.163086 0.103516 0.080078 0.0 0.05355776861296074 0.07643739362256699 0.03539971811661584 0.05330365293498128 0.2966126049440036 0.3309340506727075 0.29311579536443483 0.3402224595092949 0.6398549812727163 0.9714574502276875 0.9142958348547836 0.9660542595931922
0 0.697754 0.805176 0.079102 0.059570 0.0 0.0 0.2592010223199211 0.0 0.15196449809906482 0.0 0.24975056624552944 0.0 0.2653750376959962 0.0 0.5305001765363835 0.0 0.5252868224721324
0 0.512207 0.276855 0.059570 0.081055 0.0 0.20327278489397685 0.0 0.15114404428063352 0.0 0.2307466177687807 0.0 0.3503135588827482 0.0 0.35159496768834136 0.0 0.35647804194388566 0.0
0 0.920410 0.038086 0.057617 0.074219 0.0 0.10261292511165321 0.0 0.1987479405547656 0.0 0.3036449571737576 0.0 0.30335818563385464 0.0 0.5087513974290909 0.0 0.5359077944590372 0.0
0 0.094238 0.218750 0.124023 0.134766 0.2292000571780534 0.0 0.0 0.0 0.0 0.0 0.0 0.0 0.0 0.0 0.0 0.0 0.0
0 0.982910 0.309570 0.034180 0.095703 0.0 0.1326652310158506 0.0 0.06864622553268648 0.0 0.2259977083125077 0.0 0.3816187732295884 0.0 0.44303427698386866 0.0 0.44032043538957044 0.0
0 0.038574 0.407227 0.075195 0.078125 0.4751147612283148 0.0 0.0 0.0 0.0 0.0 0.0 0.0 0.0 0.0 0.0 0.0 0.0
0 0.412598 0.460938 0.092773 0.093750 0.0 0.0 0.16204096343852295 0.0 0.1859759165948254 0.0 0.3569785639010954 0.0 0.18933077454363934 0.0 0.9736838262786439 0.0 0.9814526934040136
0 0.688477 0.507324 0.066406 0.069336 0.0 0.0 0.15965724785887347 0.10799234311575594 0.0 0.0 0.31365154313163557 0.3196280772133825 0.0 0.0 0.9605511559429927 0.022361731982851376 0.0
0 0.697266 0.861816 0.087891 0.061523 0.0 0.0 0.11048242434156308 0.09941793178949701 0.1102743285591363 0.0 0.344056797571984 0.33748463777332344 0.33186977510552856 0.0 0.43319853010579484 0.44931518739855136 0.4534429059785771
0 0.934570 0.813965 0.072266 0.059570 0.0 0.0 0.10001516057898648 0.029458357429321454 0.14280972875902354 0.0 0.20281528018258557 0.27594293965790057 0.199991006560059 0.0 0.9733567740538865 0.022249413316499853 0.9970827465186892
0 0.021484 0.535156 0.041016 0.056641 0.0 0.0 0.25804477147240906 0.0 0.0 0.0 0.21805616223200444 0.0 0.0 0.0 0.26901791484985693 0.0 0.0
0 0.731445 0.439453 0.064453 0.083984 0.0 0.16681339702155745 0.0 0.14181207373760918 0.0 0.25764928125011566 0.0 0.22809176280841548 0.0 0.4592696742626276 0.0 0.4412851807750607 0.0
0 0.636719 0.673828 0.091797 0.068359 0.0 0.0 0.17601216276885862 0.0 0.11439276871713555 0.0 0.25990756802630066 0.0 0.261027652198243 0.0 0.9828626898312517 0.0 0.9698674783158197
0 0.837891 0.570801 0.048828 0.090820 0.0 0.12664136011576282 0.0 0.1257045862775241 0.0 0.2974303681172551 0.0 0.2921243725195127 0.0 0.44281996082591174 0.0 0.4184503973401623 0.0
0 0.378418 0.404785 0.110352 0.071289 0.0 0.0 0.12465209624581933 0.0 0.17534416207490733 0.0 0.3383714415732181 0.0 0.27017613867605667 0.0 0.9612733725567308 0.0 0.9684202371216849
0 0.158203 0.850098 0.117188 0.124023 0.0 0.1282198509112 0.034663137822100454 0.08122896295585862 0.035913989572378166 0.36673106482489154 0.35694311174417886 0.3689169379228367 0.3450205992134945 0.8964141501966573 0.8788683165308839 0.89648953168856 0.89120585924658
0 0.329102 0.354492 0.119141 0.072266 0.0 0.0 0.16616590448219423 0.0 0.14412050532212642 0.0 0.27517155382129993 0.0 0.2682688820885732 0.0 0.970132697092668 0.0 0.9679524450545298
0 0.556641 0.597656 0.095703 0.076172 0.0 0.0 0.13126787939893184 0.0 0.1735836103667253 0.0 0.2858770370853977 0.0 0.23905104016187767 0.0 0.9708030422142093 0.0 0.96770079052911
0 0.360352 0.150391 0.136719 0.105469 0.0 0.0694198791396237 0.0384613451584 0.06017931968782053 0.08066618241709966 0.35607773965486983 0.35043900334818745 0.2558095033096919 0.3453900085333532 0.4504573265738385 0.9691671739624961 0.6586991098947 0.972095789587041
0 0.971191 0.840332 0.057617 0.071289 0.0 0.1476552232261158 0.0 0.20124676037713182 0.0 0.28783143973071157 0.0 0.28469232014155776 0.0 0.1360557553216554 0.0 0.11791963614280379 0.0
0 0.803223 0.445801 0.069336 0.090820 0.0 0.18597955439762442 0.0 0.18705607493257254 0.0 0.30661900625111504 0.0 0.33001759058694136 0.0 0.45248816948705567 0.0 0.4512121586040362 0.0
0 0.595703 0.638184 0.093750 0.075195 0.0 0.0 0.15286758947946583 0.0 0.15495443355184052 0.0 0.28137606813136856 0.0 0.2838333332596938 0.0 0.9621869862492107 0.0 0.9631013411420235
0 0.986816 0.462402 0.026367 0.086914 0.0 0.2242400909662506 0.0 0.1668135454915568 0.0 0.3076528797366649 0.0 0.31435005684307726 0.0 0.4902580531233552 0.0 0.48074012885987194 0.0
0 0.948730 0.578613 0.063477 0.092773 0.0 0.1679079464408238 0.0 0.18719838948094097 0.0 0.2657966910226362 0.0 0.27278971024746607 0.0 0.43943507246381497 0.0 0.4472238593656837 0.0
0 0.888672 0.576172 0.060547 0.089844 0.0 0.2008771073527575 0.0 0.19580048239922596 0.0 0.28995857601165576 0.0 0.2793431824100629 0.0 0.4502184976258604 0.0 0.4404112010145411 0.0
0 0.969238 0.717285 0.061523 0.069336 0.0 0.17879197294945037 0.0 0.16452886139764258 0.0 0.29776761324373296 0.0 0.3108942364876949 0.0 0.4415304211106134 0.0 0.44296933453168336 0.0
0 0.904297 0.705566 0.070312 0.041992 0.0 0.17618530901490578 0.0 0.08924694962346574 0.0 0.3628712065816882 0.0 0.43533966787292105 0.0 0.4477080995419175 0.0 0.4427371796577276 0.0
0 0.033203 0.813965 0.064453 0.122070 0.0 0.0 0.2151421654469987 0.0 0.0 0.0 0.15855508408442365 0.0 0.0 0.0 0.6613531256397778 0.0 0.0
0 0.990723 0.584961 0.018555 0.093750 0.0 0.15492607439950168 0.0 0.19093603027533543 0.0 0.2741279166672312 0.0 0.26674881022405583 0.0 0.44912782071390384 0.0 0.47851917901475644 0.0
0 0.691406 0.925293 0.091797 0.065430 0.030448344321916603 0.09476262161187297 0.08487764963187427 0.0 0.11732121615051175 0.3231455959756038 0.32365678483269694 0.0 0.30654473018847817 0.4396796675185123 0.4505344087361209 0.0 0.4269283911830182
0 0.306152 0.029785 0.163086 0.057617 0.0 0.04730747852374573 0.026534185124992133 0.1681750619211264 0.0 0.3310475488117318 0.2345446777524477 0.3267012304431232 0.0 0.8582905780999771 0.674969126722946 0.7039305729166948 0.0
0 0.086426 0.929688 0.168945 0.134766 0.0 0.04503273196620879 0.07002603568809401 0.0606928190646029 0.06911951730378736 0.30966435554642596 0.32263637038893705 0.3481454408347057 0.31464639437037895 0.892196396049828 0.8954755629160114 0.8138039766985627 0.9041439071363812
0 0.683105 0.977539 0.100586 0.044922 0.0 0.0 0.283015661711309 0.0 0.2818895992117407 0.0 0.29668270354039256 0.0 0.2963731404659196 0.0 0.4525201059961988 0.0 0.4457026320471556
0 0.014160 0.596680 0.026367 0.058594 0.0 0.0 0.1919712574968376 0.0 0.0 0.0 0.24031193621076083 0.0 0.0 0.0 0.38519825632141647 0.0 0.0
0 0.723145 0.555176 0.069336 0.086914 0.0 0.1569372528231334 0.0 0.2156263821597836 0.0 0.3237407293781159 0.0 0.27738314156207117 0.0 0.15066544926778636 0.0 0.1617957939931778 0.0
0 0.673340 0.737793 0.083008 0.094727 0.0 0.0 0.21802771044785776 0.0 0.17687844053191465 0.0 0.27258286027439976 0.0 0.2933989822735913 0.0 0.8712372126826434 0.0 0.9035149656835391
0 0.237793 0.807617 0.114258 0.113281 0.0 0.10010972157652553 0.027878683658492436 0.18117031030244204 0.03419519214313085 0.36251824765447194 0.3597798503399061 0.3636285990245843 0.36425203178407856 0.9202815897501468 0.8922838705346599 0.8996013658744182 0.9004058204946239
0 0.031250 0.475586 0.060547 0.054688 0.0 0.0 0.3595206271093796 0.0 0.023372498265365502 0.0 0.269403596675136 0.0 0.27734492895267665 0.0 0.2597439219403087 0.0 0.25049491487630177
0 0.339355 0.767578 0.112305 0.105469 0.0 0.06332491751987725 0.1444198361112672 0.08743358081482587 0.06009655074653303 0.3428032963032611 0.3537774812053876 0.30542445030197374 0.34160121922074466 0.8614121716391616 0.8953414047166162 0.5150206679625484 0.8934730529174287
0 0.844727 0.735840 0.095703 0.125977 0.0 0.057876833080369575 0.039803367830992094 0.012557594063769367 0.07164643746122669 0.35847435473434286 0.3581284466703105 0.4343200852510754 0.3702468512107045 0.45595972696920073 0.9720863968137596 0.4896264326430311 0.9176508723407697
0 0.505371 0.978516 0.124023 0.042969 0.014277442940018183 0.0 0.09637032625844882 0.05697469775581121 0.1450421086146005 0.0 0.356529870246387 0.3254191950901542 0.33772809417486144 0.0 0.8991041938758716 0.9471547365868528 0.4387493718853309
0 0.466309 0.851074 0.186523 0.208008 0.0 0.021642801858302065 0.1156165775514161 0.022331947114125655 0.09299082970874929 0.3137707264509446 0.3355199305808101 0.31897649111756415 0.34294435651484667 0.8947627257939743 0.9011615797872239 0.9065595831458728 0.8928246140798731
0 0.898926 0.972168 0.081055 0.055664 0.0 0.0 0.053884743043327195 0.0 0.11728376031752212 0.0 0.27061923739879834 0.0 0.19978619832467132 0.0 0.9777556814978425 0.0 0.9772806620769883
