0 0.833984 0.270182 0.105469 0.131510 0.0 0.2122570678857154 0.0 0.21657246374445654 0.0 0.37548420583368325 0.0 0.28293480916013536 0.0 0.47305834664641994 0.0 0.434293268995163 0.0
0 0.927083 0.269531 0.088542 0.117188 0.0 0.23514183048872822 0.0 0.21901329333182645 0.0 0.3260079110123773 0.0 0.2875159104972775 0.0 0.4497542661991451 0.0 0.4193815358852901 0.0
0 0.548177 0.061198 0.104167 0.111979 0.0 0.09039178685801298 0.0 0.1342403050208279 0.0 0.3303083127995735 0.0 0.3628723776200099 0.0 0.467725169464961 0.0 0.4422023744470869 0.0
0 0.736328 0.069661 0.108073 0.118490 0.0 0.17644226927717638 0.0 0.19116343745913122 0.0 0.2998750259159445 0.0 0.26963293705474606 0.0 0.4410225586003275 0.0 0.4444455660842954 0.0
0 0.641927 0.064453 0.083333 0.118490 0.0 0.13074255324419243 0.0 0.2305091768714924 0.0209743398978118 0.34982719092374076 0.0 0.3820094296047493 0.1668355350892867 0.46086054025294876 0.0 0.4462811414782411 0.49162229740111435
0 0.297526 0.343750 0.131510 0.117188 0.0 0.0 0.13747031390373773 0.0 0.1338493188981784 0.0 0.2895681633863339 0.0 0.29433942975301747 0.0 0.9731174897599636 0.0 0.9749804061465097
0 0.444010 0.054036 0.119792 0.105469 0.0 0.22174932473199363 0.0 0.17385304573900107 0.0 0.2854386296636384 0.0 0.27697496429078866 0.0 0.47920597224537603 0.0 0.445410747705009 0.0
0 0.057292 0.069010 0.111979 0.117188 0.0 0.02760157521988327 0.21532726690593187 0.02914054822666731 0.2585172462925458 0.3585325694258246 0.30252456519488297 0.3611776039321194 0.31404897549223826 0.9622112991937949 0.9683268330216122 0.969996596718668 0.9661028298272902
0 0.589193 0.898438 0.123698 0.088542 0.029684779030871643 0.09238622150333996 0.08274913891355175 0.0 0.11437910515726366 0.3231455959756038 0.32365678483269694 0.0 0.30654473018847817 0.4396796675185123 0.4505344087361209 0.0 0.4269283911830182
0 0.710938 0.422526 0.078125 0.118490 0.0 0.16955907395900782 0.0 0.15319690584666634 0.0 0.2840349526185661 0.0 0.2858355149791696 0.0 0.44639670322127517 0.0 0.4420401252405984 0.0
0 0.597656 0.736979 0.106771 0.078125 0.0 0.0 0.26030736814689637 0.0 0.1526131270543657 0.0 0.24975056624552944 0.0 0.2653750376959962 0.0 0.5305001765363835 0.0 0.5252868224721324
0 0.843099 0.083333 0.102865 0.122396 0.027140618757056815 0.13428444495677433 0.0 0.22796076487470968 0.0 0.31321185073928753 0.0 0.28787968808072373 0.0 0.47840310647490303 0.0 0.4535474761722538 0.0
0 0.781250 0.876302 0.145833 0.166667 0.29823535133998474 0.0 0.01079084343565918 0.00747289078501774 0.0062912159385817585 0.0 0.3402930779728988 0.33883106818032055 0.3872125796814911 0.0 0.8966506760895167 0.5233689331807277 0.4686684601124063
0 0.503255 0.247396 0.196615 0.140625 0.0 0.11760940250705676 0.027716502370867296 0.08380003190594312 0.10542622973978844 0.29893500815096563 0.48517608731749445 0.3038538524792566 0.29866344702808084 0.44670808395643696 0.9702908539174492 0.5728011503783943 0.9713221568270509
0 0.782552 0.429036 0.067708 0.121094 0.0 0.12177053857284889 0.0 0.12086979449761934 0.0 0.2974303681172551 0.0 0.2921243725195127 0.0 0.44281996082591174 0.0 0.4184503973401623 0.0
0 0.733724 0.251302 0.102865 0.104167 0.0 0.1943074363429611 0.0 0.1954321618322431 0.0 0.30661900625111504 0.0 0.33001759058694136 0.0 0.45248816948705567 0.0 0.4512121586040362 0.0
0 0.584635 0.344401 0.088542 0.087240 0.0 0.0 0.169189023850448 0.11443964718236825 0.0 0.0 0.31365154313163557 0.3196280772133825 0.0 0.0 0.9605511559429927 0.022361731982851376 0.0
0 0.904297 0.734375 0.089844 0.093750 0.0 0.0 0.09087528881915155 0.02676630946778523 0.1297590812436055 0.0 0.20281528018258557 0.27594293965790057 0.199991006560059 0.0 0.9733567740538865 0.022249413316499853 0.9970827465186892
0 0.347656 0.046224 0.080729 0.089844 0.0 0.24057272321603662 0.0 0.1788785171091275 0.0 0.2307466177687807 0.0 0.3503135588827482 0.0 0.35159496768834136 0.0 0.35647804194388566 0.0
0 0.977865 0.079427 0.044271 0.127604 0.0 0.1365671495751403 0.0 0.07066523216600078 0.0 0.2259977083125077 0.0 0.3816187732295884 0.0 0.44303427698386866 0.0 0.44032043538957044 0.0
0 0.597656 0.813802 0.117188 0.075521 0.0 0.0 0.12000677126755989 0.10798844315066053 0.11978073619354458 0.0 0.344056797571984 0.33748463777332344 0.33186977510552856 0.0 0.43319853010579484 0.44931518739855136 0.4534429059785771
0 0.407552 0.466797 0.119792 0.100260 0.0 0.0 0.14164478686129797 0.0 0.18730563490164426 0.0 0.2858770370853977 0.0 0.23905104016187767 0.0 0.9708030422142093 0.0 0.96770079052911
0 0.957682 0.776042 0.079427 0.088542 0.0 0.15331510280493751 0.0 0.20896089608107687 0.0 0.28783143973071157 0.0 0.28469232014155776 0.0 0.13605575532165537 0.0 0.11791963614280379 0.0
0 0.356120 0.409505 0.131510 0.100260 0.0 0.0 0.1567635387410277 0.0 0.17775567734342387 0.0 0.24294088898278332 0.0 0.27815228890468224 0.0 0.9789829526552075 0.0 0.9658416130370325
0 0.576172 0.971354 0.126302 0.057292 0.0 0.0 0.31418186625777467 0.0 0.3129317996872605 0.0 0.29668270354039256 0.0 0.2963731404659196 0.0 0.4525201059961988 0.0 0.4457026320471556
0 0.642578 0.237630 0.089844 0.089844 0.0 0.22549291971741248 0.0 0.08155735607754991 0.0 0.2522649866752508 0.0 0.2387610456693537 0.0 0.40095439219930934 0.0 0.4573918102011008 0.0
0 0.924479 0.086589 0.059896 0.123698 0.0 0.15798295092753264 0.0 0.20423665947640235 0.0 0.222726942578034 0.0 0.22776388642417295 0.0 0.4280500562007131 0.0 0.45977896131601975 0.0
0 0.515625 0.561198 0.125000 0.088542 0.0 0.0 0.17741422043797325 0.0 0.1153039856248088 0.0 0.25990756802630066 0.0 0.261027652198243 0.0 0.9828626898312517 0.0 0.9698674783158197
0 0.276042 0.037109 0.091146 0.071615 0.0 0.1913234993827278 0.0 0.16461493979031422 0.0 0.34241083984417103 0.0 0.30945356413054753 0.0 0.0397393067062496 0.0 0.09170758015211979 0.0
0 0.567057 0.652344 0.134115 0.114583 0.0 0.0 0.19832728074168 0.0 0.16089615425702075 0.0 0.27258286027439976 0.0 0.2933989822735913 0.0 0.8712372126826433 0.0 0.9035149656835391
0 0.166667 0.208333 0.140625 0.098958 0.0 0.0 0.12527474926069243 0.0 0.17622002838156803 0.0 0.3383714415732181 0.0 0.27017613867605667 0.0 0.9612733725567308 0.0 0.9684202371216849
0 0.460286 0.515625 0.121094 0.098958 0.0 0.0 0.15987510207020536 0.0 0.16205760792518464 0.0 0.28137606813136856 0.0 0.2838333332596938 0.0 0.9621869862492107 0.0 0.9631013411420235
0 0.233073 0.287109 0.151042 0.105469 0.0 0.0 0.1937322464378392 0.0 0.21810589431570032 0.0 0.3310872521016372 0.0 0.21254553320163683 0.0 0.9746430812234812 0.0 0.9689542089395935
0 0.983073 0.279948 0.033854 0.114583 0.0 0.23551089973422212 0.0 0.17519796757701528 0.0 0.3076528797366649 0.0 0.31435005684307726 0.0 0.4902580531233552 0.0 0.48074012885987194 0.0
0 0.343099 0.964193 0.154948 0.071615 0.012189816829460902 0.0 0.08227920292317983 0.04864394363017159 0.12383427088439843 0.0 0.356529870246387 0.3254191950901542 0.3377280941748614 0.0 0.8991041938758716 0.9471547365868528 0.4387493718853308
0 0.987630 0.445312 0.024740 0.117188 0.0 0.1652544793594684 0.0 0.20366509896035775 0.0 0.27412791666723124 0.0 0.26674881022405583 0.0 0.44912782071390395 0.0 0.47851917901475644 0.0
0 0.108724 0.139323 0.152344 0.088542 0.0 0.0 0.18855527723293733 0.0 0.1635394572710102 0.0 0.27517155382129993 0.0 0.2682688820885732 0.0 0.970132697092668 0.0 0.9679524450545298
0 0.119792 0.687500 0.171875 0.132812 0.0 0.058414696642667525 0.13322150657322782 0.08065397160725918 0.055436657774208295 0.3428032963032612 0.3537774812053876 0.3054244503019738 0.34160121922074466 0.8614121716391617 0.8953414047166162 0.5150206679625484 0.8934730529174287
0 0.962891 0.622396 0.074219 0.088542 0.0 0.20633036506782548 0.0 0.1898703810711185 0.0 0.29776761324373296 0.0 0.3108942364876949 0.0 0.4415304211106134 0.0 0.44296933453168336 0.0
0 0.631510 0.416016 0.096354 0.121094 0.0 0.14409859061165067 0.0 0.19798650230567755 0.0 0.3237407293781159 0.0 0.27738314156207117 0.0 0.15066544926778636 0.0 0.1617957939931778 0.0
0 0.932292 0.439453 0.085938 0.123698 0.0 0.1653638866462659 0.0 0.18436205024638128 0.0 0.2657966910226362 0.0 0.27278971024746607 0.0 0.43943507246381497 0.0 0.4472238593656837 0.0
0 0.792969 0.645182 0.109375 0.144531 0.0 0.078472643050411 0.053967629356435225 0.01702628744682243 0.09714224178301457 0.35847435473434286 0.3581284466703105 0.4343200852510754 0.3702468512107045 0.45595972696920073 0.9720863968137596 0.4896264326430311 0.9176508723407697
0 0.891927 0.432943 0.171875 0.134115 0.0 0.22211439914445377 0.0 0.18033952380442927 0.0 0.27720975163781003 0.0 0.27438697359331293 0.0 0.390694157919107 0.0 0.46074801337726334 0.0
0 0.852214 0.435547 0.079427 0.128906 0.0 0.18973389970858234 0.0 0.184938889154692 0.0 0.28995857601165576 0.0 0.2793431824100629 0.0 0.4502184976258604 0.0 0.4404112010145411 0.0
0 0.223958 0.012370 0.114583 0.022135 0.0 0.0 0.0 0.13446951219374736 0.0 0.0 0.0 0.30877530973148976 0.0 0.0 0.0 0.07679166126066453 0.0
0 0.277995 0.843099 0.209635 0.214844 0.0 0.03354670491529897 0.17387276856078804 0.03834616589702736 0.15363861926738373 0.3128080547377336 0.33321934713076784 0.317968323442161 0.3665186294192784 0.8845767887937435 0.8991215814154376 0.8975672151892482 0.8979818622491772
0 0.869141 0.432292 0.115885 0.132812 0.0 0.12621756117428165 0.0 0.12302775408737443 0.0 0.28995857601165576 0.0 0.2793431824100629 0.0 0.4502184976258604 0.0 0.4404112010145411 0.0
0 0.865234 0.966146 0.097656 0.067708 0.0 0.0 0.06536633829178998 0.0 0.14227422309287105 0.0 0.27061923739879834 0.0 0.19978619832467132 0.0 0.9777556814978425 0.0 0.9772806620769883
0 0.879557 0.609375 0.095052 0.067708 0.0 0.14369592115651958 0.0 0.07278939832303738 0.0 0.3628712065816882 0.0 0.4353396678729211 0.0 0.4477080995419175 0.0 0.44273717965772763 0.0
0 0.025391 0.750000 0.048177 0.117188 0.0 0.04519783538208086 0.0 0.2000159956014782 0.0 0.36284364111045536 0.0 0.35486605125931975 0.0 0.8853273506925371 0.0 0.8916472311309841 0.0
