0 0.547363 0.929688 0.118164 0.125000 0.0 0.07896890384217695 0.050798536340206084 0.07366687179827745 0.08819250275090162 0.2803228569703617 0.27858804378916907 0.28087025504189067 0.27741101118175104 0.7917692420482666 0.8509237738521338 0.8547877737655515 0.8507463988971109
0 0.671875 0.869629 0.078125 0.084961 0.0 0.16664461232576738 0.0 0.11956987261879211 0.0 0.26792784703517303 0.0 0.40774554097485 0.0 0.8518909944116383 0.0 0.8497886824210285 0.0
0 0.643066 0.642578 0.129883 0.091797 0.0 0.03972535994990103 0.05638638230687134 0.08562291586472462 0.08872344142770656 0.35440843337006933 0.35768841095585274 0.35308564802748466 0.35697484355274933 0.8004024481543957 0.7562986400246703 0.8067460445274606 0.800852686515788
0 0.059570 0.066895 0.080078 0.084961 0.0 0.11765511575660505 0.019822154490044583 0.09242312631741956 0.05999327607401344 0.3287751278255639 0.29995185840073185 0.3223107129359329 0.3408514410195137 0.8108902795159411 0.7458929762634596 0.7902309571461582 0.8026161807637726
0 0.916016 0.962402 0.072266 0.075195 0.0 0.13472263842138213 0.06790160189625827 0.13466833426166785 0.0 0.3698207432836964 0.3171957054139684 0.39210504415706426 0.0 0.9666944835830097 0.839878447272334 0.8638626287152988 0.0
0 0.783691 0.560547 0.081055 0.078125 0.053734920106402635 0.020512856158336843 0.06291859686325631 0.05018895622368917 0.14370258092063656 0.504003596156939 0.3902779854642086 0.4788912964533801 0.3840658436730613 0.8419548905530484 0.8071232922806915 0.7990887953399503 0.8027050370078412
0 0.393066 0.607422 0.075195 0.066406 0.0 0.0 0.1208279020923346 0.0 0.08768466304735892 0.0 0.2688463380607654 0.0 0.27730842006908724 0.0 0.7899271109787934 0.0 0.8016857572168357
0 0.626465 0.909180 0.071289 0.076172 0.0 0.16416654856984103 0.0 0.19924162053451971 0.0 0.3030950089117116 0.0 0.3108268585736595 0.0 0.8539939337660944 0.0 0.8487114856979272 0.0
0 0.124512 0.036621 0.088867 0.071289 0.26701471431597296 0.0 0.0 0.03057089880955193 0.0 0.0 0.0 0.32755852955124787 0.0 0.0 0.0 0.8036183491245305 0.0
0 0.967773 0.934570 0.064453 0.078125 0.0 0.1223342823960989 0.0 0.16065633553812655 0.0 0.3279214368224875 0.0 0.31786648212409174 0.0 0.8757105961231406 0.0 0.8824455243901526 0.0
0 0.863770 0.761719 0.075195 0.072266 0.0 0.19897268233396323 0.0 0.1660312938869175 0.0 0.32219200063908277 0.0 0.3259014920085341 0.0 0.851325151184398 0.0 0.8565886669767117 0.0
0 0.913086 0.727539 0.085938 0.070312 0.0 0.22542872686880372 0.05963799740299304 0.10563918933834077 0.0 0.2423608800574467 0.2962530117171093 0.32410324776676597 0.0 0.8414900786356077 0.8584032104482516 0.8583948725572264 0.0
0 0.770020 0.814453 0.069336 0.085938 0.0 0.044057442666850404 0.0 0.07837798383139356 0.05702258328334905 0.4117596388356403 0.0 0.46142077852496105 0.37444787406841284 0.8555654844031235 0.0 0.8505820468386213 0.8777295924501816
0 0.538086 0.479492 0.083984 0.070312 0.0 0.0 0.13032327429888887 0.022115711417069663 0.09264810521171749 0.0 0.1596636801455712 0.22009576275097373 0.32795748409077274 0.0 0.8063920219102694 0.6322677238146235 0.7940468736490932
0 0.617676 0.230957 0.079102 0.059570 0.0 0.024813372175846966 0.16974779740352972 0.0 0.17321481158342336 0.1736182168187237 0.3205459477550543 0.0 0.32447076312880113 0.9798841859982304 0.7910094303437728 0.0 0.8121825437152927
0 0.977051 0.448730 0.045898 0.088867 0.0 0.0 0.05958589500722157 0.0 0.1750701341752096 0.0 0.2313555645462777 0.0 0.29685215183355085 0.0 0.8636542239009001 0.0 0.782880072430557
0 0.718262 0.846191 0.071289 0.075195 0.0 0.14942688870145043 0.08972435638729419 0.1419536875102275 0.0 0.3743477788855405 0.3513510196608358 0.495563098267797 0.0 0.8495967749111253 0.8310928887794327 0.8462515987220968 0.0
0 0.356934 0.566895 0.079102 0.065430 0.044823068532673205 0.01789748982650785 0.053736706856493885 0.06347883788771291 0.2168023597703327 0.40263911066761365 0.49037320171797305 0.29865997079578466 0.2642390828120378 0.3239609329983591 0.21820977106921696 0.4734321479696707 0.7483144361831245
0 0.592773 0.174316 0.072266 0.057617 0.0 0.0 0.24558162549786475 0.02602386676615007 0.08959160112582804 0.0 0.3032566641270094 0.2882615596411482 0.33154853305289794 0.0 0.8136856963337105 0.7198722613461428 0.7976420545626002
0 0.301270 0.458984 0.077148 0.070312 0.0 0.0 0.20112108521746197 0.0 0.060255240453473725 0.0 0.33267168208049624 0.0 0.38257923444287617 0.0 0.8129334458603721 0.0 0.7986734920108783
0 0.669434 0.267578 0.120117 0.076172 0.0 0.040389001447950726 0.10336677958054621 0.039043845339854555 0.05381346187276207 0.31369653658611896 0.2999431697350515 0.38934135926066354 0.3349079184826829 0.7975677678668588 0.8179093908808546 0.7899700374520383 0.7933492836618626
0 0.772949 0.027832 0.096680 0.053711 0.0 0.0 0.12418126577106528 0.03698903965176881 0.14102038136740735 0.0 0.3250980779652649 0.28928776224557007 0.32229640479182814 0.0 0.8018799989445589 0.8183748969353524 0.789346185680309
0 0.462891 0.316406 0.097656 0.080078 0.0 0.024588747012039655 0.0903828568249988 0.026284897302461904 0.050374486667319536 0.31846318913784216 0.3253363437993833 0.3048408642377804 0.31862351419288965 0.8174979563009929 0.8100491518376143 0.8103885085208377 0.8270989179526926
0 0.811523 0.784180 0.072266 0.072266 0.0 0.12190054562472089 0.050751293772717136 0.07729050971872374 0.0 0.33495159391318347 0.37836194438083026 0.46412030786292496 0.0 0.8711794486277542 0.8419848396668704 0.875735345055412 0.0
0 0.579590 0.534180 0.088867 0.074219 0.0 0.019307530136493195 0.16953764681303338 0.0 0.0897066402808365 0.362885762086907 0.2116084012212314 0.0 0.40526186569392014 0.9376165469024866 0.8090004521815495 0.0 0.8099523220064682
0 0.698730 0.392090 0.071289 0.057617 0.0 0.0 0.12033458549529438 0.020049377399549966 0.08650403492776784 0.0 0.3356144795269315 0.27892721624054845 0.3297169548703778 0.0 0.8020560470704159 0.7523284854811443 0.7975609300860741
0 0.854980 0.174316 0.075195 0.067383 0.0 0.0 0.21825697608657493 0.0 0.07681843326849729 0.0 0.3113210020260043 0.0 0.34052434724933034 0.0 0.8153141652138232 0.0 0.8042331142132872
0 0.191406 0.863770 0.234375 0.272461 0.0 0.037677410524443435 0.13233465015447454 0.018876243447061746 0.09504060735163547 0.24845513612431586 0.2249768432251935 0.2478093339594406 0.2520953435209982 0.8302528245340626 0.830586703652661 0.8249627629426366 0.8319278616958917
0 0.486816 0.369629 0.092773 0.071289 0.0 0.03683861907431579 0.0997942476985716 0.021151302156859498 0.07951380190303194 0.2870709075223613 0.3462165824243444 0.30422419672215834 0.346365425040981 0.8039462538597614 0.8144114418785197 0.8058260180462601 0.8014442720841802
0 0.865234 0.980469 0.064453 0.039062 0.0 0.028438264169000957 0.0 0.0 0.1746012528079553 0.31389613087042223 0.0 0.0 0.23964795879245837 0.8839763392747086 0.0 0.0 0.8846447795298656
0 0.904785 0.284180 0.075195 0.066406 0.0 0.0 0.19732409627397426 0.0 0.06749054261397522 0.0 0.3133654229112554 0.0 0.328326760958253 0.0 0.801214776464895 0.0 0.788453555846779
0 0.047852 0.559082 0.093750 0.245117 0.0 0.0 0.18337412733790398 0.0 0.11807283188637571 0.0 0.24276435425085657 0.0 0.24245645873361393 0.0 0.8029896580389659 0.0 0.8050510673118917
0 0.443848 0.659180 0.122070 0.080078 0.0 0.087720459443343 0.07208797540060513 0.07891238761871701 0.09361636576307057 0.3347281752835783 0.28492422300538006 0.27737775553923666 0.2850228227040022 0.8110324992326589 0.819782469064507 0.7953153434964905 0.8589664556722305
0 0.753906 0.498535 0.068359 0.059570 0.0 0.0 0.2055163642113274 0.0 0.07676348997211746 0.0 0.3256944522631387 0.0 0.34513593076828636 0.0 0.8100661324468007 0.0 0.7804057716207252
0 0.675781 0.335938 0.085938 0.062500 0.0 0.0 0.15889465500996378 0.0 0.1637292701702144 0.0 0.2908139099350223 0.0 0.3408380532985278 0.0 0.8209417098529782 0.0 0.8007972254968074
0 0.509766 0.430176 0.082031 0.065430 0.0 0.0 0.08502075690974426 0.0 0.09001239178380667 0.0 0.28179689395363094 0.0 0.33795045153053593 0.0 0.8149507801772308 0.0 0.7944132753525691
0 0.534668 0.065918 0.081055 0.073242 0.0 0.0692530470012771 0.14012875687718648 0.0 0.08913366514147372 0.3212580326270704 0.3236813389134998 0.0 0.32156987602064224 0.8081401417921309 0.79828857164248 0.0 0.7973781214501156
0 0.942871 0.326660 0.084961 0.071289 0.0 0.04765063697351433 0.1337425876262639 0.02325202509970571 0.14918633548255508 0.3078358329773835 0.2606735750063783 0.3221152822486565 0.34250704365428825 0.8091238408145942 0.8318080184989274 0.8072327334513199 0.7989932966460164
0 0.291992 0.395020 0.091797 0.067383 0.0 0.03246306932252954 0.14238779282320435 0.027851992440216872 0.12600042709047776 0.3888621558769138 0.3089223458782563 0.369148316215063 0.3567561719329586 0.8090493158616503 0.8251275533403251 0.8130858261150669 0.8997419261072989
0 0.824219 0.121094 0.089844 0.087891 0.0 0.018969658362419543 0.132537564681707 0.014705604424742483 0.12782194202021238 0.2908988073125581 0.3332559471940493 0.3844200390652042 0.3368422247346208 0.8020177120021129 0.7918743409929211 0.8084603461181435 0.8202313904152173
0 0.802734 0.068359 0.089844 0.072266 0.0 0.05127296267759868 0.1305938678389457 0.0439696942129392 0.079535931580681 0.41083364040896403 0.3501592902749912 0.4451718944126732 0.34166333750611827 0.805955391949616 0.6889521098332121 0.7908809570143458 0.8158927024724436
0 0.948730 0.397949 0.047852 0.051758 0.0 0.0 0.04514066164413197 0.0 0.22657068397810667 0.0 0.13751369245065484 0.0 0.1707170099546018 0.0 0.8229728183846631 0.0 0.7961023052433224
0 0.424805 0.263184 0.085938 0.065430 0.0 0.0 0.18455461781217203 0.0 0.0640916206309984 0.0 0.3483068441490067 0.0 0.3000132674777925 0.0 0.8024964804353957 0.0 0.8081931450607374
0 0.878418 0.231445 0.075195 0.078125 0.05881475068636169 0.01745604428742899 0.14862625411351102 0.0 0.20098580299177676 0.3250659348221999 0.3615647728290663 0.0 0.34851610260661203 0.8958034948415027 0.7833594700606573 0.0 0.7832061626870584
0 0.593750 0.580566 0.074219 0.065430 0.0 0.0 0.2652076646339025 0.0 0.13970919989527808 0.0 0.18349879007079298 0.0 0.3693557344171817 0.0 0.545395282323618 0.0 0.8131081370152081
0 0.341797 0.508301 0.083984 0.088867 0.07835593628637044 0.0 0.19185104407811937 0.0 0.15035804977665115 0.0 0.3138981445926019 0.0 0.3776428940644575 0.0 0.791450698509651 0.0 0.7950122070517883
0 0.222656 0.299316 0.072266 0.065430 0.0 0.0 0.11964121561099014 0.0 0.19418693264297893 0.0 0.3759154598286334 0.0 0.3449233347982634 0.0 0.8144211116210702 0.0 0.810314562868285
0 0.207031 0.233398 0.111328 0.074219 0.02822773419671899 0.05252937307538025 0.09783103806906338 0.02127261770698616 0.021580061142578617 0.3026220849398723 0.26703912214517145 0.3164675349842325 0.33086162557856186 0.8068076477760522 0.835617714729898 0.7916370589554661 0.7978104596637517
0 0.409668 0.212891 0.100586 0.072266 0.0 0.03034999172186491 0.1507994247916752 0.021665416375149606 0.1080666596222547 0.30499639713944426 0.3233469003911805 0.3032522782205452 0.344899912690279 0.8127962058583377 0.7965382921103338 0.8116292503290657 0.7900577497800965
0 0.378418 0.147461 0.100586 0.072266 0.055217398476692714 0.10943028986708228 0.06986413934262431 0.016436465204963054 0.0 0.39786741879716897 0.38256589057162554 0.35686624144976503 0.0 0.8006290586528585 0.8121175010018911 0.8621041965134787 0.0
0 0.248535 0.346191 0.073242 0.065430 0.09268136930982832 0.0 0.08358288650947586 0.0 0.1261689574909897 0.0 0.3434540804875842 0.0 0.34699476742026863 0.0 0.8197335252797937 0.0 0.7894334603197036
0 0.460449 0.729004 0.110352 0.075195 0.0 0.06508251356940366 0.08184813315174952 0.10063336073308492 0.07254757975922571 0.3507800899042705 0.34242052958201763 0.3497800605484797 0.3564412801790137 0.7989778224755126 0.8022878268747413 0.8011055225288828 0.7983905978791217
0 0.562988 0.123535 0.081055 0.073242 0.0 0.0 0.20610641168078533 0.0 0.11442015309231407 0.0 0.3191147865075402 0.0 0.37070912132179207 0.0 0.8040951621016278 0.0 0.8267707653085691
0 0.737305 0.437988 0.091797 0.063477 0.0 0.04143761256586302 0.16627024710402594 0.035846215251361765 0.16526425524980395 0.32874692425906565 0.32763038478842016 0.33601980938052 0.32078681651263274 0.7970641552520566 0.8107702680319859 0.8157198506229867 0.8111769880874852
