0 0.102214 0.621745 0.118490 0.113281 0.0 0.0 0.06906735780012051 0.0 0.1786673076706654 0.0 0.2936176127557942 0.0 0.33152147609771093 0.0 0.8902746603302062 0.0 0.8834050243045175
0 0.895833 0.573568 0.111979 0.097656 0.0 0.32296506944284 0.0 0.27648515641294685 0.0 0.31477227831890614 0.0 0.30163958959727727 0.0 0.05610853807110219 0.0 0.04699594758936377 0.0
0 0.800781 0.506510 0.106771 0.104167 0.0 0.1775462145720041 0.0 0.20240550484119954 0.0 0.3202579087755473 0.0 0.3033458683199324 0.0 0.04933799921984085 0.0 0.042200395882107326 0.0
0 0.227865 0.384115 0.119792 0.104167 0.0 0.0 0.0 0.14032620137263713 0.18786367899955989 0.0 0.0 0.29224813933192717 0.2754301441736555 0.0 0.0 0.9989556122166423 0.05210038322070147
0 0.417318 0.404948 0.144531 0.135417 0.0 0.14267526652906848 0.0 0.13781387421858 0.0 0.25615679112559625 0.0 0.2591192667975584 0.0 0.07421396557747657 0.0 0.05073646274282611 0.0
0 0.960938 0.615234 0.078125 0.102865 0.0 0.11517715047548978 0.0 0.20251085032072108 0.0 0.44943917439202696 0.0 0.32303098832551325 0.0 0.03484824618709889 0.0 0.046278625944531075 0.0
0 0.195312 0.793620 0.104167 0.097656 0.0 0.0 0.17333686570348503 0.0 0.14387117023048154 0.0 0.2661126785873456 0.0 0.28219855532640126 0.0 0.9200836132030058 0.0 0.8745567419077382
0 0.029948 0.503906 0.057292 0.109375 0.0 0.0 0.09537600180494904 0.0 0.2416818242918639 0.0 0.300236879846829 0.0 0.3071021090659487 0.0 0.8915174147696507 0.0 0.8704760833336097
0 0.433594 0.134766 0.156250 0.160156 0.008199808377810897 0.013058583828082043 0.030831375501568635 0.07725519344329818 0.09796884162428286 0.18546991650586186 0.28484286946565285 0.3241843937350599 0.3050959031095627 0.1516005719786983 0.06896992339136737 0.0902491805530763 0.05643709799771494
0 0.147135 0.710938 0.117188 0.114583 0.0 0.0 0.27879855555530253 0.0 0.14961782211145025 0.0 0.2797572323646632 0.0 0.35643406935840605 0.0 0.8795712568329643 0.0 0.8857465649339796
0 0.521484 0.265625 0.167969 0.132812 0.0 0.07361418677599355 0.04470375200486944 0.12662086282452395 0.0 0.33232942514780855 0.3195433040942104 0.3273251323483037 0.0 0.07848160260304829 0.09487176900365424 0.06510217195114162 0.0
0 0.333333 0.959635 0.143229 0.080729 0.0 0.17708675553890962 0.0 0.12191613740519416 0.10536537795956039 0.25126612588841185 0.0 0.2059302459615844 0.19453331742184518 0.1906640995212519 0.0 0.3444061379318327 0.9817636946842216
0 0.194010 0.197917 0.085938 0.091146 0.0 0.13176499441868117 0.13999073825193006 0.08314875892956414 0.0 0.23991938964226997 0.2772569762729419 0.2834494297695176 0.0 0.038186121688988724 0.05541262780362912 0.027156372998218596 0.0
0 0.053385 0.069661 0.104167 0.102865 0.0 0.14776848458913458 0.0 0.21194335388793326 0.0 0.2601866072785119 0.0 0.2766719390132731 0.0 0.04205364041551765 0.0 0.050468112199435367 0.0
0 0.882161 0.802083 0.095052 0.093750 0.0 0.16841812910046988 0.0 0.10316613244987503 0.0 0.3493316102269495 0.0 0.1594260640358455 0.0 0.06365749081477258 0.0 0.04117465325075279 0.0
0 0.477214 0.466146 0.095052 0.085938 0.0 0.19984418570936818 0.0 0.1274226814100735 0.0 0.4079934998447233 0.0 0.10410083076930676 0.0 0.032419127354279216 0.0 0.2376634103459379 0.0
0 0.788411 0.279297 0.175781 0.128906 0.0 0.12151207101175637 0.01370530663334964 0.007555941116802129 0.09776342731504511 0.1093058239213737 0.11585391007853096 0.11535552393251133 0.11412527352509952 0.05736365318277928 0.05215474140601878 0.06001626131316837 0.05149353817837244
0 0.968099 0.186849 0.063802 0.108073 0.0 0.2286929489232484 0.0 0.013512462223724429 0.07047151077503132 0.31808680340171136 0.0 0.31618510628158375 0.325687941584406 0.09092337830849115 0.0 0.06445193794215621 0.982499989076749
0 0.711589 0.049479 0.134115 0.096354 0.0 0.0 0.12933031647953083 0.0 0.23036576764474473 0.0 0.2477690222470679 0.0 0.2373326639364081 0.0 0.12430142248093716 0.0 0.10980880330012073
0 0.975260 0.458984 0.049479 0.108073 0.0 0.13321345733841852 0.0 0.11311045303476755 0.0 0.18665815288144685 0.0 0.19655351068025137 0.0 0.04791246284906844 0.0 0.055785793923244065 0.0
0 0.832682 0.760417 0.115885 0.104167 0.0 0.1893360249988702 0.0 0.11258212849700482 0.0 0.2500789790936856 0.0 0.09375055232079743 0.0 0.07511023817856378 0.0 0.03340538896085421 0.0
0 0.618490 0.150391 0.164062 0.154948 0.0 0.0 0.11045987377806142 0.0 0.14400624244055904 0.0 0.3617660731246985 0.0 0.3430108755749007 0.0 0.10269635782583021 0.0 0.08832443872031445
0 0.085286 0.268229 0.147135 0.119792 0.0 0.0 0.12713239777715554 0.056608882895829334 0.1612781983651271 0.0 0.2154243970147158 0.22553056771737 0.21140305723985983 0.0 0.045837110019330794 0.04665968796773382 0.06515530323630085
0 0.537109 0.534505 0.149740 0.139323 0.0 0.09373309035659587 0.03319005016998218 0.11178713152098252 0.024801820790106097 0.3598054283044567 0.22290289545829478 0.219172735779061 0.26652489262709783 0.04654665268803823 0.021373127873522434 0.06272970475834624 0.10905429506980668
0 0.307943 0.315104 0.152344 0.130208 0.0 0.11244588228571947 0.0 0.09571851890964159 0.047690602011807845 0.24919825500737802 0.0 0.23921167382618636 0.2948764387702937 0.057524246558568845 0.0 0.03140217036828024 0.060768955751318764
0 0.649089 0.636719 0.157552 0.145833 0.29778469288296056 0.0 0.0 0.0 0.0 0.0 0.0 0.0 0.0 0.0 0.0 0.0 0.0
0 0.268880 0.919922 0.074219 0.063802 0.0 0.0 0.28531017869428743 0.0 0.21282362819969566 0.0 0.24842232485045732 0.0 0.27281555378242955 0.0 0.8812298923819112 0.0 0.8721818092423341
0 0.706380 0.399740 0.144531 0.132812 0.02420315209367669 0.0701161880678881 0.034693123578863824 0.1889312898845148 0.11420230181634532 0.3111815541395711 0.11267610006625685 0.2669984975168276 0.3009735303528878 0.05007782254343943 0.22861465948435122 0.44728352834423857 0.07880232476194951
0 0.944010 0.401693 0.111979 0.100260 0.0 0.13642819652313345 0.0 0.053517464676887894 0.0 0.28493489391047855 0.0 0.2760641583465876 0.0 0.07460514568944135 0.0 0.059591727110756665 0.0
0 0.065104 0.942057 0.109375 0.069010 0.0 0.0 0.1695471882950088 0.0 0.25969266482518205 0.0 0.23606163699142294 0.0 0.2527474609324845 0.0 0.8859566868515232 0.0 0.8937020657152471
0 0.305990 0.778646 0.093750 0.088542 0.13327353137962697 0.0 0.0 0.0 0.22458502077207748 0.0 0.0 0.0 0.11936908835667853 0.0 0.0 0.0 0.8837764348133849
0 0.455078 0.935547 0.092448 0.082031 0.0 0.14826025650756894 0.0 0.12059860909471061 0.0 0.203332544625286 0.0 0.195393337907941 0.0 0.05338940181702472 0.0 0.09411909227507888 0.0
0 0.257161 0.070312 0.121094 0.117188 0.0 0.13234207451621063 0.03513306597900014 0.09877131778517191 0.0 0.1280264128459709 0.4080561990836432 0.38861102017579163 0.0 0.15173080699632682 0.03819474543440214 0.050290375499033264 0.0
0 0.936198 0.869141 0.122396 0.102865 0.0 0.10901028111955414 0.020342475850180862 0.1459964504938392 0.0 0.24250993769699009 0.22923474299041185 0.24420241184663938 0.0 0.06949441869748393 0.9911062728135125 0.3447821312394884 0.0
0 0.118490 0.145833 0.104167 0.098958 0.0 0.2223690469254016 0.0 0.1710658435480116 0.0 0.28765103389966773 0.0 0.26117001987378846 0.0 0.010594092662402075 0.0 0.05616190967353955 0.0
0 0.059245 0.568359 0.097656 0.079427 0.0 0.0 0.2338926710834996 0.1032784265860113 0.0 0.0 0.33039334162058986 0.37496341843968045 0.0 0.0 0.8039968263503273 0.03157505004527208 0.0
0 0.539062 0.042969 0.138021 0.083333 0.0 0.0 0.045168127492603516 0.0 0.08832199427323217 0.0 0.25239030568130716 0.0 0.23951487037005603 0.0 0.014174146433824338 0.0 0.08079795425544553
0 0.898438 0.108073 0.119792 0.125000 0.0 0.0677404305332444 0.0754662868231699 0.0892430121426852 0.19353646783357967 0.3261989792785996 0.32016568919885635 0.29352331517000435 0.3255933683533248 0.05723301488145864 0.09678795241964402 0.03911223968537204 0.1314894933275383
0 0.337240 0.022786 0.083333 0.042969 0.0 0.0 0.13166257767515624 0.0 0.08489351639711809 0.0 0.3548989024925873 0.0 0.3619634497685503 0.0 0.05242817664579194 0.0 0.06201447869196575
0 0.167969 0.022786 0.083333 0.042969 0.0 0.0 0.049644827167484376 0.13372061797317578 0.0 0.0 0.29360211282396936 0.3055942172575168 0.0 0.0 0.9916591386813296 0.05066224135384516 0.0
0 0.242188 0.848307 0.104167 0.097656 0.0 0.0 0.19915275310058383 0.0 0.2320973121150464 0.0 0.12871189361964394 0.0 0.228144351743217 0.0 0.84657677584587 0.0 0.9685330111339807
0 0.104818 0.977214 0.105469 0.045573 0.0 0.0 0.23371986973560785 0.0 0.09895791815585679 0.0 0.3787330712501693 0.0 0.38358853014550665 0.0 0.8908274085851455 0.0 0.9167059910578688
0 0.566406 0.923828 0.127604 0.121094 0.0 0.11348797237419893 0.10618479921338751 0.1932257041607428 0.012928206545280223 0.22321513934311288 0.42297449410608895 0.3761716747502741 0.32380673310114283 0.4127182544654059 0.12302144503047682 0.476838041787044 0.0741492963353737
0 0.658203 0.947266 0.087240 0.079427 0.0 0.0 0.0 0.08842540410122711 0.09053294246938949 0.0 0.0 0.36772906620597584 0.30265698929120827 0.0 0.0 0.48823261870640394 0.11274244543963208
0 0.740234 0.943359 0.087240 0.079427 0.304229312284303 0.0 0.0 0.0 0.0 0.0 0.0 0.0 0.0 0.0 0.0 0.0 0.0
0 0.829427 0.938802 0.096354 0.098958 0.0 0.10632912531368503 0.0 0.12025557810203219 0.0 0.3942825797742451 0.0 0.4107438574147635 0.0 0.831267802895854 0.0 0.911635817682522 0.0
0 0.744792 0.697266 0.132812 0.126302 0.27214592069782434 0.0 0.0 0.0 0.0 0.0 0.0 0.0 0.0 0.0 0.0 0.0 0.0
0 0.947917 0.026693 0.104167 0.050781 0.0 0.28486507602436983 0.057515956000919154 0.11737421623901574 0.2403556509324794 0.2967182537100305 0.33205488110315423 0.2637557804018592 0.35865089198969374 0.1116539131313692 0.0956535979906486 0.11464775706248752 0.11435194157205014
0 0.891927 0.361328 0.091146 0.100260 0.0 0.1615485660245643 0.0 0.10043632296817266 0.0 0.23671504052656572 0.0 0.25761487409426026 0.0 0.06278630018613751 0.0 0.05600481532262904 0.0
