0 0.662109 0.529297 0.091797 0.139323 0.0 0.16726765294796847 0.03886166854279018 0.09263465967739565 0.13048718595972236 0.3257658294282631 0.3083760260738301 0.34685911741302317 0.32368275181233 0.9850983524106182 0.9817550228753527 0.9155958756790847 0.9857223205451795
0 0.858398 0.251953 0.087891 0.097656 0.0 0.09573604854675483 0.0 0.14395891923592127 0.0 0.29861460622085245 0.0 0.2403987949790169 0.0 0.9704050976861052 0.0 0.9479568817633265 0.0
0 0.420410 0.234375 0.077148 0.098958 0.0 0.34695614555401694 0.0 0.29702352745894517 0.0 0.31477227831890614 0.0 0.30163958959727727 0.0 0.05610853807110219 0.0 0.04699594758936377 0.0
0 0.542480 0.654297 0.094727 0.102865 0.4012565868411324 0.0 0.0 0.0 0.0 0.0 0.0 0.0 0.0 0.0 0.0 0.0 0.0
0 0.179688 0.592448 0.093750 0.111979 0.0 0.12528214392180823 0.11721999273629041 0.2133065731251223 0.014271762894099314 0.2232151393431129 0.42297449410608895 0.3761716747502741 0.32380673310114283 0.41271825446540594 0.12302144503047682 0.476838041787044 0.0741492963353737
0 0.471680 0.285156 0.083984 0.119792 0.0 0.06900147791377925 0.0 0.1213222232710083 0.0 0.44943917439202696 0.0 0.32303098832551325 0.0 0.03484824618709889 0.0 0.046278625944531075 0.0
0 0.760254 0.376953 0.083008 0.092448 0.0 0.24165379938445336 0.19212697246195543 0.0 0.0 0.29311596616344987 0.2569664285793631 0.0 0.0 0.9967852614264548 0.06439440245318653 0.0 0.0
0 0.047363 0.783854 0.092773 0.132812 0.0 0.09936724423360041 0.04037452445963085 0.0 0.1325702764790472 0.3445996535077898 0.30889280500532146 0.0 0.33945126529582426 0.48989377636762127 0.7730838181157763 0.0 0.8615508474721818
0 0.873535 0.813151 0.102539 0.149740 0.0 0.14633265533441867 0.0 0.10288638150646175 0.04567157409802258 0.3465432275530358 0.0 0.28616019912762325 0.341893112951533 0.9862057537480495 0.0 0.9822558376414564 0.9744620706794964
0 0.354980 0.403646 0.086914 0.104167 0.0 0.21464539990564754 0.0 0.15452885955735787 0.0 0.24969368971354436 0.0 0.09836712499919575 0.0 0.06487220201316402 0.0 0.0057473727177861315 0.0
0 0.359375 0.177083 0.085938 0.098958 0.0 0.26443288619681643 0.0 0.2356751468368732 0.0 0.32141857299272625 0.0 0.30266345572247805 0.0 0.048645873383946284 0.0 0.04947120814457643 0.0
0 0.812012 0.325521 0.061523 0.075521 0.0 0.37408435323257455 0.0 0.12662429222701213 0.0 0.31436526808371423 0.0 0.27939221286006216 0.0 0.9786186278360178 0.0 0.9731806032367558 0.0
0 0.533691 0.385417 0.124023 0.111979 0.0 0.0971667593056547 0.0 0.16875973701830868 0.022169243908937077 0.3418313981361059 0.0 0.34699027764583124 0.35716767101229585 0.046877916862783864 0.0 0.23909158324461818 0.007655886945483795
0 0.771973 0.684245 0.096680 0.089844 0.0 0.028114092964280978 0.02275123920506257 0.10770239664023368 0.1063650640001941 0.25066050909960774 0.11365525951045115 0.26665679492926975 0.29215169962385573 0.9809524275844205 0.9718605452252045 0.825375342280871 0.9808866983947919
0 0.145996 0.194661 0.106445 0.141927 0.0 0.09707816487146809 0.03437451118101429 0.11577650478627137 0.02568692911558417 0.3598054283044567 0.22290289545829478 0.219172735779061 0.26652489262709783 0.04654665268803823 0.021373127873522434 0.06272970475834624 0.10905429506980668
0 0.919434 0.192708 0.077148 0.093750 0.0 0.0 0.0 0.09590899756682492 0.09074277880196936 0.0 0.0 0.2314655564816359 0.27115608303811983 0.0 0.0 0.9564114263505038 0.012981005986389012
0 0.146973 0.754557 0.108398 0.069010 0.0 0.12142102053181442 0.0 0.13557067709966966 0.023855551313537417 0.3349867269767275 0.0 0.2968616809423191 0.29774581458199734 0.48047775346883237 0.0 0.4793414578998352 0.4599249072829006
0 0.458008 0.516927 0.097656 0.111979 0.0 0.13887127273720357 0.0 0.1534100593978104 0.0 0.23911973319954968 0.0 0.21948161639201896 0.0 0.06507744919772283 0.0 0.38222923958476673 0.0
0 0.447754 0.712891 0.094727 0.121094 0.3034675362564309 0.0 0.0 0.0 0.0 0.0 0.0 0.0 0.0 0.0 0.0 0.0 0.0
0 0.407227 0.452474 0.066406 0.095052 0.0 0.17832507787108576 0.0 0.10923472847633829 0.0 0.3493316102269495 0.0 0.1594260640358455 0.0 0.06365749081477258 0.0 0.04117465325075279 0.0
0 0.933105 0.481120 0.086914 0.092448 0.0 0.0 0.0 0.2767423389356642 0.47487494605024877 0.0 0.0 0.26063319693716663 0.2488587816247732 0.0 0.0 0.9649004028514443 0.018096514110765346
0 0.968750 0.438151 0.062500 0.102865 0.0 0.0 0.0 0.12264943345557888 0.2391003791159173 0.0 0.0 0.22256891406930104 0.20120781001986773 0.0 0.0 0.9904313843504844 0.06999259498848542
0 0.865234 0.565104 0.095703 0.122396 0.10144686239619193 0.09571177119577198 0.07385601480566678 0.08297998087429935 0.0 0.33631344774463307 0.296428755465362 0.3365014532061742 0.0 0.983680253356942 0.0038941804960194934 0.9778142415151876 0.0
0 0.598145 0.228516 0.083008 0.097656 0.0 0.18574974326368382 0.01887966695502581 0.2557135145135308 0.017456263144590728 0.2111631212611447 0.43498044971243943 0.23461399623718482 0.4421375494730907 0.043882588107150663 0.02947084837150808 0.06749759518405558 0.06426449478654964
0 0.657227 0.295573 0.074219 0.083333 0.0 0.17365612914994416 0.0 0.17784905939734852 0.0 0.2480603685469782 0.0 0.3069437341722526 0.0 0.018520375412220288 0.0 0.6728403634221907 0.0
0 0.590820 0.341797 0.072266 0.087240 0.0 0.0 0.0 0.19451636802390643 0.24721178859961435 0.0 0.0 0.16691753588253286 0.12982956792408337 0.0 0.0 0.9620275114500512 0.00111636027015057
0 0.703125 0.451823 0.068359 0.098958 0.0 0.32480258308708804 0.0 0.1814921510852563 0.0 0.31549726409754225 0.0 0.3746012716242678 0.0 0.9624576622118219 0.0 0.9002305983252283 0.0
0 0.963379 0.132161 0.071289 0.115885 0.0 0.31772352288377687 0.10671011895611239 0.0 0.0 0.26639744784636066 0.27111420087771265 0.0 0.0 0.9390190124120626 0.007591551621224981 0.0 0.0
0 0.097656 0.601562 0.070312 0.085938 0.0 0.13955558235655638 0.0 0.11351800893952875 0.0 0.203332544625286 0.0 0.195393337907941 0.0 0.05338940181702472 0.0 0.09411909227507888 0.0
0 0.306641 0.835938 0.121094 0.111979 0.0 0.0 0.14517043793126067 0.0 0.10781317029694917 0.0 0.32868405389368077 0.0 0.23786229317658425 0.0 0.9383636279336647 0.0 0.9727069619133877
0 0.111328 0.131510 0.074219 0.091146 0.0 0.18098670803528868 0.0 0.11539896222438611 0.0 0.4079934998447233 0.0 0.10410083076930676 0.0 0.032419127354279216 0.0 0.2376634103459379 0.0
0 0.979492 0.366536 0.041016 0.069010 0.0 0.0 0.0 0.0 0.45037963703576483 0.0 0.0 0.0 0.20298554321281476 0.0 0.0 0.0 0.05767837104287865
0 0.062500 0.069661 0.105469 0.123698 0.0 0.1605305338022969 0.0 0.15506075672312744 0.0 0.25615679112559625 0.0 0.2591192667975584 0.0 0.07421396557747657 0.0 0.05073646274282611 0.0
0 0.938477 0.729167 0.062500 0.080729 0.03760577019929655 0.03825455039243269 0.0 0.2503758705423851 0.37966522712473005 0.2950445484049942 0.0 0.30037633232666394 0.31766937923855987 0.030350756346122408 0.0 0.9945856449479885 0.13010815375295606
0 0.971191 0.643229 0.057617 0.117188 0.0 0.11669021655067169 0.025398252527961723 0.0 0.0 0.3030825897048064 0.3356228514269074 0.0 0.0 0.931301657559856 0.03074012519226888 0.0 0.0
0 0.752441 0.925781 0.083008 0.085938 0.0 0.0 0.28570505846692074 0.22529076080525828 0.0 0.0 0.26337819668846235 0.26518969269622084 0.0 0.0 0.9193330513042122 0.029366773995616314 0.0
0 0.821289 0.648438 0.037109 0.059896 0.0 0.0 0.21694463981363588 0.15012766596579327 0.0 0.0 0.31310179405653654 0.44611583495171264 0.0 0.0 0.023230256308848615 0.022598815438041382 0.0
0 0.718262 0.876953 0.084961 0.092448 0.0 0.0 0.21595858350138378 0.2135381747504986 0.0 0.0 0.25532247730107926 0.209476618556189 0.0 0.0 0.8934218938868702 0.0358219098892047 0.0
0 0.468750 0.766927 0.072266 0.091146 0.0 0.0 0.15181148115114876 0.0 0.17198284895840452 0.0 0.33689228756664935 0.0 0.295227075991918 0.0 0.9966903319149518 0.0 0.9894088013132079
0 0.230957 0.293620 0.124023 0.147135 0.28120536254963985 0.0 0.0 0.0 0.0 0.0 0.0 0.0 0.0 0.0 0.0 0.0 0.0
0 0.551270 0.164714 0.081055 0.105469 0.11372648298594958 0.15678482341177813 0.0 0.0 0.0 0.19915196941751595 0.0 0.0 0.0 0.15523724878798323 0.0 0.0 0.0
0 0.410645 0.953776 0.094727 0.089844 0.0 0.0 0.21152834101688694 0.0 0.15882554380965588 0.0 0.31436406722084453 0.0 0.3419999033172927 0.0 0.957665856364607 0.0 0.9548633740930803
0 0.382324 0.600911 0.071289 0.092448 0.0 0.063236746388696 0.0 0.1568683618896655 0.029399803507279852 0.34094437162732116 0.0 0.3987605275671897 0.37122256341338206 0.9281991788637247 0.0 0.9099798383182525 0.086874090541089
0 0.719727 0.635417 0.054688 0.070312 0.0 0.0 0.0 0.5334120390624797 0.0 0.0 0.0 0.23278377208947323 0.0 0.0 0.0 0.04204314974921538 0.0
0 0.027344 0.631510 0.052734 0.114583 0.09498256277863318 0.0 0.0 0.13968478307727267 0.0 0.0 0.0 0.25223224658776705 0.0 0.0 0.0 0.3029089441744664 0.0
0 0.695801 0.082682 0.071289 0.100260 0.0 0.2033456308619503 0.0 0.2775449728983827 0.0 0.29435610246849153 0.0 0.2522450284822167 0.0 0.06198234739952554 0.0 0.05892403817389259 0.0
0 0.280762 0.070312 0.125977 0.138021 0.020040082492658148 0.05805583452571515 0.028725723647791156 0.1564341132128475 0.09455890457544697 0.3111815541395711 0.11267610006625685 0.2669984975168276 0.3009735303528878 0.05007782254343943 0.22861465948435122 0.4472835283442386 0.07880232476194951
0 0.506348 0.117188 0.090820 0.104167 0.0 0.14089202563849182 0.0 0.08120983932890874 0.0 0.19495881532988624 0.0 0.22667173380527478 0.0 0.08146887867737797 0.0 0.11448125222872092 0.0
0 0.255371 0.764974 0.104492 0.076823 0.044987207339244994 0.12053329576406961 0.03242531982583514 0.05400065841293806 0.012309374385932041 0.38561508525130717 0.2331514298517713 0.19077177199837986 0.2360735743332422 0.5306471245834081 0.2933500273948299 0.6371948945592484 0.8435765216523761
0 0.309570 0.363932 0.085938 0.108073 0.3686489237930276 0.0 0.0 0.0 0.0 0.0 0.0 0.0 0.0 0.0 0.0 0.0 0.0
0 0.316406 0.611979 0.060547 0.078125 0.33424333314675975 0.0 0.0 0.0 0.0 0.0 0.0 0.0 0.0 0.0 0.0 0.0 0.0
0 0.254883 0.610677 0.060547 0.078125 0.0 0.0 0.0 0.14715386133404817 0.2112792711912659 0.0 0.0 0.374055824759539 0.369434936375511 0.0 0.0 0.47158592987926734 0.14777478925659074
0 0.098145 0.858073 0.077148 0.070312 0.0 0.0 0.27064542513757045 0.0 0.18371482798560446 0.0 0.29566229474329525 0.0 0.36863751940792217 0.0 0.8386466371381675 0.0 0.8296506766266096
0 0.113770 0.906250 0.077148 0.070312 0.0 0.0 0.18311202192140336 0.0 0.1412744131972516 0.0 0.28184171669941865 0.0 0.309055818775898 0.0 0.8405383573826433 0.0 0.8314920956268449
0 0.145508 0.954427 0.078125 0.091146 0.0 0.0 0.2306426277886839 0.0 0.26566664643826743 0.0 0.3299700294973843 0.0 0.3127120160401262 0.0 0.8439740184261505 0.0 0.8474695776973018
0 0.485352 0.817708 0.072266 0.091146 0.0608872605084381 0.0 0.11586308576143858 0.027922596165105243 0.04292488694744191 0.0 0.25624563251689014 0.3158439413637737 0.2901928649617556 0.0 0.937337657629338 0.030480853740236093 0.946371931134939
0 0.516602 0.855469 0.072266 0.091146 0.0 0.0 0.21616351186473665 0.13169351513065491 0.0 0.0 0.3240378442187973 0.21712545423584134 0.0 0.0 0.9014463416332597 0.1966567759529599 0.0
0 0.544922 0.904948 0.072266 0.091146 0.0 0.03348855756765292 0.09190766847331217 0.0 0.1014933248694386 0.233498311406908 0.25403199980102553 0.0 0.33805252146131276 0.949385569970345 0.379793921912972 0.0 0.9599189283347423
0 0.586914 0.953776 0.072266 0.092448 0.0 0.039356923661566054 0.22667343776042004 0.04049746504421479 0.17629547573853785 0.21766978440472087 0.30495964459860864 0.31049268247123324 0.31371819367008535 0.9640073353815451 0.8744269440141872 0.8462296985175075 0.9411796213278952
0 0.621582 0.733724 0.096680 0.115885 0.0 0.0 0.16740286817980524 0.07466641674270262 0.07042946071805743 0.0 0.2930162892315316 0.3150381121002254 0.27051625843053806 0.0 0.9739810533440256 0.07619455910319647 0.9952083908284562
0 0.661133 0.817708 0.082031 0.119792 0.3270284878392765 0.0 0.0 0.0 0.0 0.0 0.0 0.0 0.0 0.0 0.0 0.0 0.0
0 0.914551 0.895833 0.063477 0.072917 0.0 0.0 0.2007981583902949 0.0 0.2687017941227766 0.0 0.2948822137063004 0.0 0.30169181119247923 0.0 0.9839372303696763 0.0 0.9903741347159029
0 0.966797 0.940104 0.066406 0.119792 0.0 0.07961170971504526 0.102745806760356 0.06121252514319373 0.1197321098737365 0.2727841015755331 0.2962989157201965 0.33230694690895174 0.34386743469660686 0.7451209437216446 0.942859637900321 0.983668814053255 0.9618527825617453
0 0.653809 0.034505 0.069336 0.066406 0.0 0.07096913058395275 0.03905088137635623 0.13575934404175918 0.0 0.2661582908427277 0.27817129067160784 0.2803830151423171 0.0 0.0372024606120207 0.9617851055075463 0.08109283376628801 0.0
0 0.594238 0.023438 0.047852 0.044271 0.0 0.0 0.0 0.3773670681933473 0.0 0.0 0.0 0.24938298458190253 0.0 0.0 0.0 0.07812961942807925 0.0
0 0.744141 0.150391 0.068359 0.102865 0.01284234204684658 0.13726011169718094 0.0 0.2353311371359295 0.0 0.16581717644643326 0.0 0.3908668039381213 0.0 0.6048778814374326 0.0 0.4951334084081547 0.0
0 0.777344 0.086589 0.068359 0.102865 0.06656958081585639 0.0288154550563375 0.0 0.23118416460277555 0.0953330410768802 0.18437443342160834 0.0 0.1622781015688371 0.2128836422090518 0.9753103877660269 0.0 0.37148801436006473 0.014621920988989245
0 0.842285 0.042318 0.090820 0.082031 0.0 0.26469232404385085 0.0 0.14945965068630876 0.0 0.22557916340555428 0.0 0.21196720518953013 0.0 0.7555639037708015 0.0 0.991653836429935 0.0
0 0.456543 0.066406 0.090820 0.104167 0.0 0.1214284297548642 0.0 0.047633420845477364 0.0 0.28493489391047855 0.0 0.2760641583465876 0.0 0.07460514568944135 0.0 0.059591727110756665 0.0
0 0.414062 0.034505 0.078125 0.066406 0.0 0.21341832619421605 0.0 0.13268425999962025 0.0 0.23671504052656572 0.0 0.25761487409426026 0.0 0.06278630018613751 0.0 0.05600481532262904 0.0
