0 0.880859 0.390625 0.108073 0.111979 0.0 0.08712461383904867 0.0 0.12938824580320762 0.0 0.3303083127995735 0.0 0.3628723776200099 0.0 0.46772516946496107 0.0 0.4422023744470869 0.0
0 0.865885 0.223307 0.119792 0.131510 0.0 0.15392095722075383 0.0 0.14138790365862342 0.0 0.33506453671750397 0.0 0.299133736678633 0.0 0.4430428526658266 0.0 0.445767927493272 0.0
0 0.652344 0.195312 0.169271 0.098958 0.0 0.17843066942898206 0.0 0.1260268395994182 0.0 0.37177220052527665 0.0 0.3611840294843454 0.0 0.4529658273830118 0.0 0.4431769722824514 0.0
0 0.771484 0.203125 0.076823 0.104167 0.0 0.1660106801772259 0.0 0.13883450469295458 0.0 0.3463815523131282 0.0 0.3063427558356369 0.0 0.4510244599479219 0.0 0.45675485711550123 0.0
0 0.961589 0.234375 0.076823 0.135417 0.0 0.2148741693676574 0.0 0.17464865239682179 0.0 0.33849989152584264 0.0 0.30050643627652807 0.0 0.4457443442645481 0.0 0.44248013001267894 0.0
0 0.080729 0.427083 0.158854 0.132812 0.0 0.03546947527988152 0.11905990563480644 0.0340121754992805 0.12484027392723519 0.3225769846731991 0.3204611581895434 0.31841065416149383 0.32962703755485523 0.23520937903222258 0.2311877662605704 0.24266121154361775 0.23013472808841995
0 0.966797 0.394531 0.066406 0.117188 0.0 0.16589207627324112 0.0 0.2924804893463119 0.026613192933519804 0.3498271909237407 0.0 0.3820094296047493 0.1668355350892867 0.46086054025294876 0.0 0.4462811414782411 0.49162229740111435
0 0.774740 0.378255 0.109375 0.123698 0.0 0.2070771889602527 0.0 0.1623499870735634 0.0 0.2854386296636384 0.0 0.27697496429078866 0.0 0.47920597224537603 0.0 0.445410747705009 0.0
0 0.633464 0.680990 0.128906 0.122396 0.0 0.0 0.13427951358102042 0.0 0.13074256488119937 0.0 0.2895681633863339 0.0 0.29433942975301747 0.0 0.9731174897599636 0.0 0.9749804061465097
0 0.914062 0.674479 0.091146 0.088542 0.0 0.0 0.16193806568542884 0.10953509087455247 0.0 0.0 0.31365154313163557 0.3196280772133825 0.0 0.0 0.9605511559429927 0.022361731982851376 0.0
0 0.322917 0.337891 0.145833 0.115885 0.0 0.030740176782984168 0.2163110115588107 0.02322711993437815 0.17547978200168765 0.2461693717241776 0.2781821402829691 0.2412226407426709 0.279260106998336 0.9632728623727963 0.9153531000748457 0.9705254810333991 0.9716240511883655
0 0.272135 0.218099 0.151042 0.110677 0.0 0.041018003268895216 0.06859636115189656 0.0303788746048527 0.046645059472470114 0.3055590473867427 0.3342708746436693 0.29420098170121156 0.33981941730165893 0.6055800295437214 0.97120355691804 0.9178262837457725 0.9624190811349299
0 0.386719 0.416016 0.135417 0.113281 0.0 0.023611427078016858 0.18419905458133431 0.02492792255464246 0.22114538973301334 0.3585325694258246 0.30252456519488297 0.3611776039321194 0.31404897549223826 0.9622112991937949 0.9683268330216122 0.969996596718668 0.9661028298272902
0 0.061849 0.549479 0.115885 0.117188 0.3653816390969313 0.0 0.0 0.0 0.0 0.0 0.0 0.0 0.0 0.0 0.0 0.0 0.0
0 0.555339 0.305339 0.087240 0.079427 0.0 0.0 0.10834657263087474 0.0 0.09587299420054865 0.0 0.3696831813941906 0.0 0.3524296369564998 0.0 0.972064691990397 0.0 0.9651660314371276
0 0.685547 0.365234 0.066406 0.100260 0.0 0.2620754035951629 0.0 0.19486689487976763 0.0 0.2307466177687807 0.0 0.3503135588827482 0.0 0.35159496768834136 0.0 0.35647804194388566 0.0
0 0.835938 0.581380 0.192708 0.136719 0.0 0.1234217590788341 0.02908627546101055 0.08794150066422914 0.11063648356476641 0.29893500815096563 0.48517608731749445 0.3038538524792566 0.29866344702808084 0.44670808395643696 0.9702908539174492 0.5728011503783943 0.9713221568270509
0 0.965495 0.576823 0.069010 0.098958 0.0 0.26652725689538254 0.0 0.09639885111350921 0.0 0.2522649866752508 0.0 0.2387610456693537 0.0 0.40095439219930934 0.0 0.4573918102011008 0.0
0 0.611979 0.359375 0.083333 0.075521 0.0 0.1984362803403831 0.0 0.17073478399588082 0.0 0.34241083984417103 0.0 0.30945356413054753 0.0 0.0397393067062496 0.0 0.09170758015211979 0.0
0 0.692057 0.755859 0.131510 0.100260 0.0 0.0 0.1567635387410277 0.0 0.17775567734342387 0.0 0.24294088898278332 0.0 0.27815228890468224 0.0 0.9789829526552075 0.0 0.9658416130370325
0 0.501302 0.552734 0.143229 0.097656 0.0 0.0 0.12463698690081984 0.0 0.17532290823708008 0.0 0.3383714415732181 0.0 0.27017613867605667 0.0 0.9612733725567308 0.0 0.9684202371216849
0 0.897786 0.964193 0.139323 0.071615 0.0 0.0 0.2595310366414839 0.0 0.1608870936196859 0.0 0.2947956879415829 0.0 0.3155653890413254 0.0 0.9280463976551216 0.0 0.9698556393212584
0 0.743490 0.808594 0.125000 0.104167 0.0 0.0 0.1306525612142493 0.0 0.17276993719313122 0.0 0.2858770370853977 0.0 0.23905104016187767 0.0 0.9708030422142093 0.0 0.96770079052911
0 0.456380 0.479167 0.149740 0.098958 0.0 0.0 0.1646629184423929 0.0 0.15715382611147857 0.0 0.27500800651218155 0.0 0.26829448502981523 0.0 0.969442961822983 0.0 0.9673639863120378
0 0.791667 0.865234 0.122396 0.097656 0.0 0.0 0.22844509153973427 0.0 0.23831023496027168 0.0 0.2713949115211809 0.0 0.2777282226027244 0.0 0.9671439823501227 0.0 0.9631128703056039
0 0.565104 0.628906 0.148438 0.111979 0.0 0.0 0.18566994976845552 0.0 0.2090292720308365 0.0 0.3310872521016372 0.0 0.21254553320163683 0.0 0.9746430812234812 0.0 0.9689542089395935
0 0.844401 0.912109 0.128906 0.087240 0.0 0.0 0.17460576375985068 0.0 0.11347873031188782 0.0 0.25990756802630066 0.0 0.261027652198243 0.0 0.9828626898312517 0.0 0.9698674783158197
0 0.478516 0.195964 0.173177 0.131510 0.0 0.07813806093881562 0.043291560991216255 0.0677370143437688 0.0907967451906906 0.35607773965486983 0.35043900334818745 0.2558095033096919 0.3453900085333532 0.4504573265738385 0.9691671739624961 0.6586991098947002 0.972095789587041
0 0.136719 0.294271 0.156250 0.164062 0.26567197103852935 0.0 0.0 0.0 0.0 0.0 0.0 0.0 0.0 0.0 0.0 0.0 0.0
0 0.958984 0.739583 0.082031 0.111979 0.0 0.1830355298245441 0.0 0.2514845162177321 0.0 0.3237407293781159 0.0 0.27738314156207117 0.0 0.15066544926778636 0.0 0.1617957939931778 0.0
0 0.031250 0.723307 0.059896 0.074219 0.0 0.0 0.23973953596750136 0.0 0.0 0.0 0.21805616223200444 0.0 0.0 0.0 0.26901791484985693 0.0 0.0
0 0.409505 0.038411 0.225260 0.074219 0.0 0.04726909906647061 0.026512658557605463 0.1680386254040015 0.0 0.3310475488117318 0.2345446777524477 0.3267012304431232 0.0 0.8582905780999771 0.674969126722946 0.7039305729166948 0.0
0 0.037760 0.645182 0.072917 0.087240 0.0 0.0 0.3326907295639035 0.0 0.021628281976905393 0.0 0.269403596675136 0.0 0.27734492895267665 0.0 0.2597439219403087 0.0 0.25049491487630177
0 0.022786 0.796224 0.042969 0.076823 0.0 0.0 0.159729551692284 0.0 0.0 0.0 0.24031193621076083 0.0 0.0 0.0 0.38519825632141647 0.0 0.0
