0 0.485840 0.356120 0.174805 0.199219 0.3080534804906128 0.0 0.006463412401102837 0.0 0.0 0.0 0.07524073658265612 0.0 0.0 0.0 0.9058864916369102 0.0 0.0
0 0.601074 0.589193 0.241211 0.337240 0.1406654434938511 0.0012034098626749906 0.009111550874411924 0.003321957783501739 0.0041298440341259995 0.416671995268783 0.11457270156903766 0.13761952363070792 0.23916032868377413 0.8786881032553215 0.7167329580939682 0.9435419080253749 0.776921579738837
0 0.354492 0.236979 0.154297 0.153646 0.0 0.11284720345263986 0.09355431895258746 0.06593828125661653 0.06527778587283871 0.3265522050414297 0.32659581193734205 0.27710547096316995 0.32330504620078715 0.881215728594171 0.8710498369334658 0.8863191143959436 0.8766542171108584
0 0.064941 0.298828 0.127930 0.277344 0.30869935324905107 0.0 0.0 0.0 0.0 0.0 0.0 0.0 0.0 0.0 0.0 0.0 0.0
0 0.230469 0.121094 0.162109 0.231771 0.04985867975839541 0.0 0.048424919596896765 0.01747485580662806 0.15568443771374302 0.0 0.19587633932868043 0.18941207805083837 0.22719098162216905 0.0 0.6286787112212062 0.5328852839693253 0.7979258682594332
0 0.103027 0.459635 0.192383 0.283854 0.20861301223092227 0.0 0.0 0.0 0.0 0.0 0.0 0.0 0.0 0.0 0.0 0.0 0.0
0 0.157715 0.571615 0.213867 0.200521 0.19090597631030087 0.0 0.0 0.0 0.0 0.0 0.0 0.0 0.0 0.0 0.0 0.0 0.0
0 0.214844 0.699219 0.230469 0.257812 0.18961170694820018 0.0 0.09256868857357106 0.042664374474426975 0.004005552575606745 0.0 0.0752379321141809 0.29214133444996776 0.3432202213992088 0.0 0.8886503275931837 0.8826446623499534 0.9079134126483205
0 0.729492 0.820312 0.189453 0.208333 0.22262668521329693 0.0 0.052813209900512206 0.0 0.0035755125672200664 0.0 0.35589447163694726 0.0 0.37319327213089265 0.0 0.8763912515571212 0.0 0.8600703660240862
0 0.821777 0.516276 0.204102 0.311198 0.19257168041297773 0.0 0.0 0.0 0.0 0.0 0.0 0.0 0.0 0.0 0.0 0.0 0.0
0 0.272461 0.837891 0.205078 0.191406 0.23770583810232265 0.0 0.08860463968440832 0.04843863218099085 0.0 0.0 0.07468981568111442 0.2911556816060942 0.0 0.0 0.8944433866227409 0.8812373777624631 0.0
0 0.350586 0.914062 0.205078 0.161458 0.0 0.18677180039430305 0.08351152108692715 0.16892624957807512 0.0 0.2802505948308964 0.2854181555628578 0.27818680280425 0.0 0.8895159262555521 0.8772400641207174 0.8725880815435036 0.0
0 0.339355 0.039062 0.122070 0.075521 0.0 0.022236371567631717 0.0818593936957349 0.11666584009834982 0.08731369219475149 0.09066140198871797 0.26546799242244823 0.28662600519430825 0.2691756447834316 0.5417003058762232 0.5327375093491334 0.5460298312450333 0.5143765818559173
0 0.740234 0.065104 0.107422 0.127604 0.0 0.0 0.13694791649902582 0.05477525150680166 0.1116760909735456 0.0 0.32962611756940985 0.3325000209278005 0.3302080788607575 0.0 0.5452065651454879 0.5352034910717212 0.5510750364844142
