0 0.077474 0.541016 0.121094 0.102865 0.0 0.12482657836142685 0.0 0.18637310069666888 0.0 0.21936239558025905 0.0 0.21431772812699168 0.0 0.07054896195983855 0.0 0.10758503789673139 0.0
0 0.161458 0.593099 0.135417 0.100260 0.0 0.1449512640515401 0.0 0.22560556001939172 0.0 0.29483881419285596 0.0 0.2730949374325604 0.0 0.03897580539352832 0.0 0.08515166102277855 0.0
0 0.302734 0.319661 0.092448 0.089844 0.0 0.11220830442346373 0.0 0.2928219292195679 0.0 0.26568863719936364 0.0 0.2705878598603636 0.0 0.0509896148521407 0.0 0.07872399766785192 0.0
0 0.570964 0.716797 0.121094 0.097656 0.0 0.0 0.0 0.14807180531937053 0.19823321540311986 0.0 0.0 0.29224813933192717 0.2754301441736555 0.0 0.0 0.9989556122166423 0.05210038322070147
0 0.207031 0.267578 0.109375 0.100260 0.0 0.06824060613368571 0.0 0.17272765100249607 0.0 0.2793932844740445 0.0 0.2963667162259298 0.0 0.0481168372872334 0.0 0.059242173207233705 0.0
0 0.369141 0.404948 0.097656 0.098958 0.0 0.09338630329984561 0.0 0.21946486871037538 0.0 0.27088116636600107 0.0 0.2722918423606087 0.0 0.04132091289955682 0.0 0.04672319536850801 0.0
0 0.416016 0.264974 0.092448 0.079427 0.0 0.1562840572955224 0.0 0.2300551267420763 0.0 0.28405676032245214 0.0 0.26248384666847663 0.0 0.028797836947329278 0.0 0.05038159646994858 0.0
0 0.496745 0.325521 0.097656 0.080729 0.0 0.24911479848524382 0.0 0.1311012141961628 0.0 0.2773434003458079 0.0 0.27470903666104957 0.0 0.05661898087507448 0.0 0.04711251615119889 0.0
0 0.811198 0.803385 0.075521 0.080729 0.0 0.26775564147601105 0.0 0.17072371497044883 0.0 0.4079934998447233 0.0 0.10410083076930676 0.0 0.032419127354279216 0.0 0.2376634103459379 0.0
0 0.436849 0.956380 0.097656 0.087240 0.0 0.0 0.10881716849821971 0.0 0.2814943432494842 0.0 0.29361761275579423 0.0 0.33152147609771093 0.0 0.8902746603302063 0.0 0.8834050243045175
0 0.149089 0.179688 0.095052 0.098958 0.0 0.10445963078502005 0.0 0.20602959811124458 0.0 0.2600494712764063 0.0 0.23002208280567815 0.0 0.045067954678225816 0.0 0.06717156748767365 0.0
0 0.222656 0.656250 0.117188 0.106771 0.0 0.0 0.13802505680767765 0.0 0.1568883539085714 0.0 0.32131611532360316 0.0 0.29975551898260755 0.0 0.838542424325184 0.0 0.8692055163660057
0 0.748698 0.736328 0.117188 0.110677 0.0 0.21529977474660994 0.0 0.207963838428665 0.0 0.25615679112559625 0.0 0.2591192667975584 0.0 0.07421396557747657 0.0 0.05073646274282611 0.0
0 0.340495 0.839844 0.097656 0.096354 0.0 0.0 0.1510206414487974 0.0 0.4038415752781275 0.0 0.30887166884222084 0.0 0.3116811518445991 0.0 0.8847280876018194 0.0 0.8830109982803988
0 0.256510 0.128255 0.106771 0.092448 0.008999596387589738 0.044876185916457006 0.0 0.14078175348171545 0.11966178560481051 0.3104261153254248 0.0 0.32775000890276573 0.32584238323012765 0.08803382883462187 0.0 0.05467915149572049 0.041003602549154215
0 0.656901 0.649740 0.134115 0.114583 0.0 0.1451474870634287 0.0 0.12355545799236613 0.06156002245566546 0.24919825500737802 0.0 0.23921167382618636 0.2948764387702937 0.057524246558568845 0.0 0.03140217036828024 0.060768955751318764
0 0.347005 0.192708 0.102865 0.080729 0.0 0.18478653662745123 0.0 0.14241297902598943 0.0 0.28741568746400603 0.0 0.28611137864488184 0.0 0.05356304040392459 0.0 0.04609739825855349 0.0
0 0.272135 0.710938 0.111979 0.098958 0.0 0.0 0.05739080846820305 0.0 0.06405763625800719 0.0 0.2859496824330659 0.0 0.4224434054260051 0.0 0.9462540193439968 0.0 0.9208276960606954
0 0.591146 0.053385 0.104167 0.088542 0.0 0.08310872735241141 0.08027065253855596 0.0 0.12351584304307303 0.2724455805499705 0.26446937381476743 0.0 0.25604824302163515 0.044994074798703564 0.046465193827398506 0.0 0.09099497134033009
0 0.516927 0.524089 0.091146 0.095052 0.0 0.11912999495387612 0.1265669688305121 0.07517559026508537 0.0 0.23991938964226997 0.2772569762729419 0.2834494297695176 0.0 0.038186121688988724 0.05541262780362912 0.027156372998218596 0.0
0 0.931641 0.031901 0.079427 0.061198 0.0 0.16319252821506508 0.07995587423219293 0.18944028684814973 0.0 0.3477917645891535 0.37429007159742805 0.30950554346340664 0.0 0.0656741800582096 0.03814788274759672 0.046325678358813446 0.0
0 0.421224 0.595703 0.173177 0.126302 0.0 0.0 0.10244697366803418 0.04561707980660737 0.12996265019795838 0.0 0.21542439701471577 0.22553056771737 0.21140305723985983 0.0 0.04583711001933079 0.04665968796773382 0.06515530323630085
0 0.738932 0.149740 0.225260 0.216146 0.0 0.1546659609043201 0.029075041356335613 0.06749464264585661 0.007543014742989044 0.29599089618529667 0.3761079166070962 0.34734071382912135 0.381487467299994 0.05389188040702228 0.05099520295792293 0.047907763474087144 0.06365326874682435
0 0.777995 0.470052 0.154948 0.158854 0.0 0.0 0.08314664995655908 0.05641519071211485 0.13011467687843187 0.0 0.2573144303052287 0.3148613449068695 0.29402763964341017 0.0 0.24081963602621637 0.031352993006255915 0.055147119159887494
0 0.951823 0.251302 0.096354 0.109375 0.0 0.0 0.20027665539182118 0.0 0.20736066646113593 0.0 0.2689330734340057 0.0 0.27679736297685537 0.0 0.04283468266506879 0.0 0.04515726825641132
0 0.490885 0.180339 0.111979 0.095052 0.0 0.130551906961554 0.0 0.1333049840161263 0.0 0.2350551538311312 0.0 0.23904070040458533 0.0 0.04964869693608567 0.0 0.049088565769074284 0.0
0 0.145833 0.028646 0.138021 0.054688 0.0 0.02264559961407696 0.12422275875124869 0.16258675445469695 0.0 0.2834072322264027 0.2648251157036808 0.27160941782749504 0.0 0.047655533899789757 0.04832384008254027 0.054031649562403396 0.0
0 0.290365 0.771484 0.085938 0.082031 0.0 0.0 0.12793286159430325 0.0 0.24249996747930946 0.0 0.3099147626683116 0.0 0.303708760424255 0.0 0.9315994639256288 0.0 0.8821959290394438
0 0.596354 0.391927 0.135417 0.091146 0.0 0.15215702798086306 0.04039337393464714 0.1135598804755342 0.0 0.1280264128459709 0.4080561990836432 0.38861102017579163 0.0 0.15173080699632682 0.03819474543440214 0.050290375499033264 0.0
0 0.863281 0.597005 0.171875 0.100260 0.0 0.09529864911437652 0.057872094537590714 0.16391945228700178 0.0 0.3323294251478086 0.3195433040942104 0.3273251323483037 0.0 0.07848160260304829 0.09487176900365424 0.06510217195114162 0.0
0 0.944010 0.477865 0.111979 0.151042 0.0 0.0 0.16602198751285613 0.0 0.2164424217275202 0.0 0.3617660731246985 0.0 0.3430108755749007 0.0 0.10269635782583021 0.0 0.08832443872031445
0 0.402344 0.905599 0.091146 0.076823 0.0 0.0 0.2590941816481866 0.11440648949903187 0.0 0.0 0.33039334162058986 0.37496341843968045 0.0 0.0 0.8039968263503273 0.03157505004527208 0.0
0 0.869792 0.867188 0.135417 0.127604 0.0 0.11316578461910444 0.04007099365596849 0.13496277996131184 0.02994372103829038 0.3598054283044567 0.22290289545829478 0.21917273577906093 0.26652489262709783 0.04654665268803823 0.021373127873522434 0.06272970475834623 0.10905429506980668
0 0.522786 0.021484 0.115885 0.040365 0.0 0.0 0.05290666346994867 0.25160336143293605 0.0 0.0 0.30669566061426906 0.3367243324931645 0.0 0.0 0.045293930221227026 0.059315787468288285 0.0
0 0.135417 0.895833 0.156250 0.156250 0.0 0.0 0.16298304717989445 0.0 0.1714098840110701 0.0 0.2792412554897457 0.0 0.2863948008858694 0.0 0.89239949045911 0.0 0.7564652505398867
0 0.873698 0.334635 0.138021 0.140625 0.0 0.0 0.0698894623067888 0.0 0.06125639336651171 0.0 0.3025449359929242 0.0 0.29836040807767206 0.0 0.04798073140830135 0.0 0.049512500435174425
0 0.014974 0.083333 0.027344 0.067708 0.0 0.17373923536129546 0.0 0.26979571186765505 0.0 0.3036148694827774 0.0 0.27862118105927175 0.0 0.019763963132602667 0.0 0.062202984321443305 0.0
0 0.056641 0.131510 0.089844 0.070312 0.0 0.14912687911217679 0.0 0.20435454140221027 0.0 0.2671139893609973 0.0 0.26421921887605887 0.0 0.041938475837012136 0.0 0.08325744009401972 0.0
0 0.937500 0.949219 0.125000 0.101562 0.28098023386016524 0.0 0.0 0.0 0.0 0.0 0.0 0.0 0.0 0.0 0.0 0.0 0.0
0 0.322917 0.046224 0.106771 0.089844 0.0 0.11667671366117728 0.0 0.13323583288836013 0.1061917093619649 0.34522725933746923 0.0 0.354458125114056 0.3232843677700667 0.03443532330627619 0.0 0.033480217477761205 0.038193662724611006
0 0.395182 0.096354 0.066406 0.070312 0.0 0.10351285810227484 0.12810643693581972 0.1892910691265647 0.0 0.2670002358443512 0.30827252397081645 0.24585675860896675 0.0 0.064207358988454 0.8000131944079082 0.06002627892395114 0.0
0 0.427734 0.128906 0.066406 0.070312 0.0 0.10914981311611281 0.0 0.17954640291177995 0.0 0.29874736425417875 0.0 0.25973547552852727 0.0 0.03107756436480255 0.0 0.04615067373407934 0.0
0 0.575521 0.250651 0.088542 0.084635 0.0 0.23936640926534458 0.0 0.2383319383010844 0.0 0.2664362917796256 0.0 0.2747917667337061 0.0 0.05904388775790592 0.0 0.05453526217720568 0.0
0 0.660807 0.307943 0.089844 0.089844 0.0 0.18946406516394823 0.05305290610349593 0.09204591505201681 0.032486389771374975 0.33638074325366685 0.3322984993111028 0.330234102461669 0.3771513047637596 0.05297389864251561 0.07492317700425638 0.04756604071208762 0.046645945931511
0 0.451172 0.462240 0.097656 0.098958 0.0 0.23719365005376178 0.0 0.18247023311787908 0.0 0.28765103389966773 0.0 0.26117001987378846 0.0 0.010594092662402075 0.0 0.05616190967353955 0.0
0 0.029948 0.496094 0.057292 0.130208 0.0 0.1234307413729651 0.0 0.187489644904537 0.0 0.21868435976052336 0.0 0.27647035625093036 0.0 0.09384950723991542 0.0 0.10515789222967208 0.0
0 0.035156 0.912109 0.067708 0.100260 0.0 0.0371007282479112 0.12265712640944476 0.0 0.04598171737233605 0.2006775447511111 0.24712851707281444 0.0 0.2571097599186705 0.08956777548572058 0.014668462402256131 0.0 0.002795827896065993
0 0.035156 0.736328 0.067708 0.100260 0.10210448793312216 0.20377848891848677 0.0 0.03873267403735868 0.0 0.32545603756904434 0.0 0.29196978832868165 0.0 0.07435011401493215 0.0 0.140391650736155 0.0
