0 0.312988 0.304688 0.104492 0.095703 0.0 0.1570706920476413 0.0 0.15171880259195952 0.0 0.25615679112559625 0.0 0.2591192667975584 0.0 0.07421396557747657 0.0 0.05073646274282611 0.0
0 0.672852 0.424316 0.097656 0.084961 0.0 0.23943962044900205 0.0 0.2049803745820123 0.0 0.31477227831890614 0.0 0.30163958959727727 0.0 0.05610853807110219 0.0 0.04699594758936377 0.0
0 0.896973 0.653320 0.086914 0.111328 0.0 0.16581687890308172 0.038524606958740756 0.09183120510893411 0.1293554224702235 0.3257658294282631 0.3083760260738301 0.3468591174130232 0.32368275181233 0.9850983524106182 0.9817550228753527 0.9155958756790847 0.9857223205451795
0 0.614258 0.376953 0.101562 0.087891 0.0 0.18894520757310987 0.0 0.16839694252617607 0.0 0.32141857299272625 0.0 0.30266345572247805 0.0 0.048645873383946284 0.0 0.04947120814457643 0.0
0 0.965332 0.176270 0.069336 0.071289 0.0 0.13738074978428386 0.05193881558403444 0.1522271856359604 0.0 0.3296451301276505 0.328625016503206 0.3106868022084191 0.0 0.10393466100439315 0.09878015502871701 0.11646549807360063 0.0
0 0.744629 0.142090 0.071289 0.073242 0.0 0.3047420080868067 0.0 0.17777713987469196 0.0 0.315341618422037 0.0 0.32710571193524296 0.0 0.05797731577351305 0.0 0.058746149691509056 0.0
0 0.849609 0.098633 0.082031 0.083984 0.0 0.14492611239591494 0.07883705398158797 0.15270946135380506 0.0 0.32428117792599603 0.2779432675706368 0.31090062577308925 0.0 0.10117996982113624 0.2050799258741885 0.1321491302277653 0.0
0 0.903320 0.149414 0.068359 0.066406 0.0 0.1447909968807597 0.0586425100716658 0.16542334196035463 0.0 0.32612389520130913 0.32502144206826455 0.3031121558537884 0.0 0.09839477045958654 0.10061444027581956 0.10881629333111265 0.0
0 0.722656 0.464355 0.083984 0.088867 0.0 0.06975973591283177 0.0 0.12265543451574468 0.0 0.44943917439202696 0.0 0.32303098832551325 0.0 0.03484824618709889 0.0 0.046278625944531075 0.0
0 0.250977 0.729492 0.107422 0.080078 0.0 0.13389486394405364 0.0 0.09218049413563463 0.0796665052864969 0.25126612588841185 0.0 0.2059302459615844 0.19453331742184518 0.1906640995212519 0.0 0.3444061379318327 0.9817636946842216
0 0.077148 0.467285 0.087891 0.083008 0.0 0.0 0.07147794401353647 0.0 0.18490314703642588 0.0 0.29361761275579423 0.0 0.33152147609771093 0.0 0.8902746603302064 0.0 0.8834050243045175
0 0.110352 0.529297 0.082031 0.097656 0.0 0.0 0.26286720952357095 0.0 0.14106823227651025 0.0 0.2797572323646632 0.0 0.35643406935840605 0.0 0.8795712568329643 0.0 0.8857465649339796
0 0.748535 0.335449 0.086914 0.079102 0.0 0.14540666815791084 0.0 0.08381206888709683 0.0 0.19495881532988624 0.0 0.22667173380527478 0.0 0.08146887867737797 0.0 0.11448125222872092 0.0
0 0.791992 0.373535 0.082031 0.081055 0.10966482287930852 0.15118536543278607 0.0 0.0 0.0 0.19915196941751595 0.0 0.0 0.0 0.15523724878798323 0.0 0.0 0.0
0 0.673340 0.074219 0.083008 0.109375 0.0 0.06284490362075784 0.07001242071662149 0.08279351714749955 0.1795497987296403 0.3261989792785996 0.32016568919885635 0.29352331517000435 0.3255933683533248 0.05723301488145864 0.09678795241964402 0.03911223968537204 0.1314894933275383
0 0.945312 0.311523 0.085938 0.085938 0.0 0.14759888831030768 0.0 0.20145664936232044 0.0 0.29435610246849153 0.0 0.2522450284822167 0.0 0.06198234739952554 0.0 0.05892403817389259 0.0
0 0.296387 0.837891 0.098633 0.099609 0.0 0.09346423962566376 0.03797603785806863 0.0 0.12469481450999492 0.3445996535077898 0.30889280500532146 0.0 0.33945126529582426 0.48989377636762127 0.7730838181157763 0.0 0.8615508474721818
0 0.038574 0.041992 0.075195 0.072266 0.0 0.16389905626594078 0.0 0.2350793254776655 0.0 0.2601866072785119 0.0 0.2766719390132731 0.0 0.04205364041551765 0.0 0.050468112199435367 0.0
0 0.084473 0.750488 0.081055 0.063477 0.0 0.0 0.1467101078903246 0.0 0.11021437532779348 0.0 0.36643389722949227 0.0 0.37133210555319107 0.0 0.8653411231279686 0.0 0.8681165903007368
0 0.233398 0.235840 0.115234 0.092773 0.0 0.11736100113674557 0.0 0.09990246844271244 0.04977520459751577 0.24919825500737802 0.0 0.23921167382618636 0.2948764387702937 0.057524246558568845 0.0 0.03140217036828024 0.060768955751318764
0 0.900391 0.270996 0.062500 0.075195 0.0 0.052146757679483145 0.028693839582748765 0.09975336541704749 0.0 0.2661582908427277 0.27817129067160784 0.2803830151423171 0.0 0.0372024606120207 0.9617851055075463 0.08109283376628801 0.0
0 0.866211 0.796387 0.095703 0.086914 0.0 0.0 0.16911106071225224 0.07542831895436285 0.07114812868456823 0.0 0.2930162892315316 0.3150381121002254 0.27051625843053806 0.0 0.9739810533440256 0.07619455910319647 0.9952083908284562
0 0.796875 0.183105 0.058594 0.069336 0.0 0.06756851734167912 0.0 0.08446472677560483 0.0 0.3009699470515497 0.0 0.3304610411325978 0.0 0.06714377114912864 0.0 0.07128637700765271 0.0
0 0.827148 0.210938 0.060547 0.072266 0.0 0.2720478946005918 0.0 0.1052242786921306 0.0 0.2662523896106792 0.0 0.16818253611739595 0.0 0.03686865408908402 0.0 0.08221392076976536 0.0
0 0.177246 0.289062 0.125977 0.087891 0.0 0.0 0.0 0.08895786753683112 0.11909359840109912 0.0 0.0 0.29224813933192717 0.2754301441736555 0.0 0.0 0.9989556122166423 0.05210038322070147
0 0.026367 0.379883 0.050781 0.097656 0.0 0.0 0.06779032743674837 0.0 0.17178000434283247 0.0 0.300236879846829 0.0 0.3071021090659487 0.0 0.8915174147696507 0.0 0.8704760833336097
0 0.596191 0.211914 0.137695 0.107422 0.0 0.10470721012715178 0.011809891886184264 0.006510970536818856 0.08424295332466655 0.10930582392137368 0.11585391007853096 0.11535552393251133 0.11412527352509949 0.05736365318277927 0.05215474140601878 0.06001626131316837 0.05149353817837243
0 0.964355 0.911133 0.071289 0.076172 0.0 0.0 0.23427751497858235 0.23165179231363367 0.0 0.0 0.25532247730107926 0.209476618556189 0.0 0.0 0.8934218938868702 0.0358219098892047 0.0
0 0.066406 0.195801 0.125000 0.094727 0.0 0.0 0.10644880857694176 0.04739899698655298 0.13503931622131615 0.0 0.21542439701471577 0.22553056771737 0.21140305723985983 0.0 0.045837110019330794 0.04665968796773382 0.06515530323630085
0 0.391113 0.960938 0.086914 0.050781 0.0 0.0 0.2790835599863073 0.0 0.3214635306945328 0.0 0.3299700294973843 0.0 0.3127120160401262 0.0 0.8439740184261505 0.0 0.8474695776973018
0 0.409668 0.398438 0.110352 0.107422 0.0 0.09267063592803543 0.0 0.12550710164773882 0.03087938477956898 0.35335935861859347 0.0 0.26453427771635357 0.3563539940271856 0.04874198932376651 0.0 0.3310158042211283 0.057597571818532936
0 0.208008 0.957031 0.091797 0.076172 0.0 0.0 0.16610501961919694 0.0 0.12517434519928794 0.0 0.36242500770659536 0.0 0.3565960571047211 0.0 0.8146215650592361 0.0 0.8228444260387748
0 0.395508 0.199219 0.128906 0.097656 0.0 0.07337995981806991 0.044561512793944845 0.12621797826099135 0.0 0.3323294251478086 0.3195433040942104 0.3273251323483037 0.0 0.07848160260304829 0.09487176900365424 0.06510217195114162 0.0
0 0.328613 0.105469 0.116211 0.123047 0.008071840179837857 0.012854788402193605 0.030350213578975126 0.07604953016026951 0.09643991612474423 0.18546991650586186 0.28484286946565285 0.3241843937350599 0.3050959031095627 0.1516005719786983 0.06896992339136737 0.09024918055307632 0.05643709799771494
0 0.661133 0.965332 0.089844 0.069336 0.0 0.0 0.21674206773209187 0.0 0.16274025791764035 0.0 0.31436406722084453 0.0 0.3419999033172927 0.0 0.957665856364607 0.0 0.9548633740930803
0 0.718750 0.833496 0.074219 0.073242 0.0 0.0 0.1379620126952545 0.0 0.15629318554465532 0.0 0.33689228756664935 0.0 0.295227075991918 0.0 0.9966903319149518 0.0 0.9894088013132079
0 0.865723 0.242188 0.065430 0.070312 0.0 0.16921060377325364 0.0 0.15349387644174634 0.0 0.23070497728440548 0.0 0.2585998350258277 0.0 0.03420461469431133 0.0 0.0714181237676431 0.0
0 0.978027 0.959473 0.043945 0.067383 0.0 0.0 0.047743324755772476 0.3993755167636873 0.0 0.0 0.25972782447513 0.2611622181943815 0.0 0.0 0.9434259744190012 0.030096389980955172 0.0
0 0.533203 0.035156 0.097656 0.068359 0.0 0.0 0.14082223888671203 0.0 0.2508354115697492 0.0 0.2477690222470679 0.0 0.2373326639364081 0.0 0.12430142248093716 0.0 0.10980880330012073
0 0.466797 0.104980 0.126953 0.116211 0.0 0.0 0.10706110843104413 0.0 0.13957528113469567 0.0 0.3617660731246985 0.0 0.3430108755749007 0.0 0.10269635782583021 0.0 0.08832443872031445
0 0.047363 0.711426 0.069336 0.057617 0.0 0.0 0.18019195089266626 0.0 0.2759970741947267 0.0 0.23606163699142294 0.0 0.2527474609324845 0.0 0.8859566868515232 0.0 0.8937020657152471
0 0.525879 0.302246 0.125977 0.108398 0.0 0.058696498236816164 0.0 0.11956067108013185 0.09366083051895328 0.30814061430173867 0.0 0.29183886471083126 0.30329332139472603 0.050840564946252914 0.0 0.31480957613880345 0.07559684109347163
0 0.789551 0.058105 0.079102 0.071289 0.0 0.20304710454038477 0.0 0.17350910260584862 0.0 0.3183319159625323 0.0 0.3145755944089668 0.0 0.10032346409921662 0.0 0.09736971576870312 0.0
0 0.788086 0.527832 0.126953 0.116211 0.0 0.06860086264617715 0.0 0.11914633792591903 0.015651744148248915 0.3418313981361059 0.0 0.34699027764583124 0.35716767101229585 0.046877916862783864 0.0 0.23909158324461816 0.007655886945483795
0 0.850098 0.962402 0.084961 0.059570 0.0 0.0 0.10899758839669407 0.05029268754216382 0.1564169426453868 0.0 0.30601169415748986 0.20265154734037563 0.31903846190263185 0.0 0.9775992215878686 0.9034263477006157 0.7064669424450521
0 0.555176 0.876953 0.127930 0.083984 0.0 0.0 0.13741323895783455 0.0 0.10205216119711222 0.0 0.32868405389368077 0.0 0.2378622931765842 0.0 0.9383636279336647 0.0 0.9727069619133875
0 0.146973 0.587402 0.077148 0.071289 0.0 0.0 0.18034007182606385 0.0 0.14968389481236158 0.0 0.2661126785873456 0.0 0.28219855532640126 0.0 0.9200836132030058 0.0 0.8745567419077382
0 0.427246 0.696289 0.100586 0.095703 0.0 0.10246972262913107 0.0958755954062625 0.17446592705775804 0.011673040861272433 0.22321513934311288 0.42297449410608895 0.3761716747502741 0.32380673310114283 0.4127182544654059 0.12302144503047682 0.476838041787044 0.0741492963353737
0 0.667480 0.606445 0.065430 0.070312 0.0 0.18350034961692988 0.0 0.1124048905797146 0.0 0.3493316102269495 0.0 0.1594260640358455 0.0 0.06365749081477258 0.0 0.04117465325075279 0.0
0 0.201660 0.688965 0.061523 0.061523 0.0 0.0 0.20077382945153557 0.0 0.1497647753997858 0.0 0.24842232485045732 0.0 0.27281555378242955 0.0 0.8812298923819112 0.0 0.8721818092423341
0 0.706543 0.649414 0.098633 0.083984 0.0 0.0931971387973531 0.01739157560021219 0.12481805680028205 0.0 0.24250993769699009 0.22923474299041185 0.24420241184663938 0.0 0.06949441869748393 0.9911062728135125 0.3447821312394884 0.0
0 0.362793 0.352051 0.073242 0.069336 0.0 0.18081676746436354 0.0 0.11529060639131158 0.0 0.4079934998447233 0.0 0.10410083076930676 0.0 0.032419127354279216 0.0 0.2376634103459379 0.0
0 0.708984 0.297363 0.078125 0.077148 0.0 0.14294739198990344 0.0 0.056074786564929056 0.0 0.28493489391047855 0.0 0.2760641583465876 0.0 0.07460514568944135 0.0 0.059591727110756665 0.0
0 0.397461 0.815430 0.107422 0.050781 0.0 0.12488109506794827 0.0 0.13943396737366373 0.024535351114954654 0.3349867269767275 0.0 0.2968616809423191 0.29774581458199734 0.48047775346883237 0.0 0.4793414578998352 0.4599249072829006
0 0.847656 0.415039 0.099609 0.087891 0.0 0.1289928772664471 0.013110879829879032 0.17757882952328524 0.012122404961521336 0.2111631212611447 0.43498044971243943 0.23461399623718482 0.4421375494730907 0.04388258810715065 0.02947084837150808 0.06749759518405558 0.06426449478654964
0 0.616211 0.571777 0.087891 0.075195 0.0 0.19452705598729522 0.0 0.1156687958006745 0.0 0.2500789790936856 0.0 0.09375055232079743 0.0 0.07511023817856378 0.0 0.03340538896085421 0.0
0 0.907715 0.462402 0.083008 0.077148 0.0 0.1257875520752537 0.0 0.12882469469973243 0.0 0.2480603685469782 0.0 0.30694373417225257 0.0 0.018520375412220288 0.0 0.6728403634221907 0.0
0 0.110352 0.802734 0.083984 0.060547 0.0 0.0 0.12346889203845757 0.0 0.2261938804925072 0.0 0.23908218195577038 0.0 0.20625112883068325 0.0 0.8895047045068771 0.0 0.8977766530101137
0 0.983887 0.349609 0.032227 0.074219 0.0 0.11425402250672964 0.0 0.17489299784766096 0.0 0.2507351746005725 0.0 0.4023129704573186 0.0 0.2833154638304933 0.0 0.04778657993128819 0.0
0 0.084473 0.914551 0.083008 0.077148 0.0 0.0 0.16993373990577185 0.0 0.19517710623686735 0.0 0.2626457228840598 0.0 0.2607715868815037 0.0 0.38602802944183484 0.0 0.5642226951185807
0 0.841309 0.500488 0.086914 0.077148 0.0 0.0 0.0 0.13716571649303488 0.17432456946051603 0.0 0.0 0.16691753588253286 0.12982956792408337 0.0 0.0 0.9620275114500512 0.00111636027015057
0 0.954102 0.587891 0.072266 0.072266 0.0 0.3155496241824888 0.0 0.17632181223038046 0.0 0.3154972640975422 0.0 0.3746012716242678 0.0 0.9624576622118219 0.0 0.9002305983252283 0.0
0 0.202148 0.047852 0.099609 0.091797 0.0 0.11553015891746798 0.03066997937465907 0.08622402272234969 0.0 0.1280264128459709 0.4080561990836432 0.38861102017579163 0.0 0.15173080699632682 0.03819474543440214 0.050290375499033264 0.0
0 0.235840 0.585938 0.075195 0.064453 0.1283957516006796 0.0 0.0 0.0 0.21636526204252096 0.0 0.0 0.0 0.11936908835667853 0.0 0.0 0.0 0.8837764348133849
0 0.340820 0.711426 0.070312 0.063477 0.0 0.09612669502855814 0.0 0.12666874087393956 0.0 0.2175614533122237 0.0 0.2007647928883418 0.0 0.04591394949792268 0.0 0.1608199876337557 0.0
0 0.802734 0.917969 0.066406 0.070312 0.0 0.035431112786038006 0.09723891394847978 0.0 0.10738060106693052 0.233498311406908 0.2540319998010254 0.0 0.33805252146131276 0.949385569970345 0.379793921912972 0.0 0.9599189283347423
0 0.770508 0.890137 0.060547 0.055664 0.0 0.0 0.3168440836047922 0.19303124175913763 0.0 0.0 0.3240378442187973 0.21712545423584134 0.0 0.0 0.9014463416332597 0.1966567759529599 0.0
0 0.567871 0.324707 0.077148 0.069336 0.0 0.19412752104819075 0.0 0.1314883444885709 0.0 0.3047516612168561 0.0 0.29916712638547877 0.0 0.062837374822931 0.0 0.053060700226390624 0.0
0 0.128906 0.014648 0.109375 0.027344 0.0 0.0 0.03343427135769356 0.09005674271662858 0.0 0.0 0.29360211282396936 0.3055942172575168 0.0 0.0 0.9916591386813296 0.05066224135384516 0.0
0 0.148438 0.141602 0.070312 0.070312 0.0 0.1174294510444265 0.1247602644143358 0.07410248191639394 0.0 0.23991938964226997 0.2772569762729419 0.2834494297695176 0.0 0.038186121688988724 0.05541262780362912 0.027156372998218596 0.0
0 0.735352 0.867188 0.062500 0.058594 0.08213437745669515 0.0 0.15629447506360725 0.03766641878522009 0.057903883955142996 0.0 0.25624563251689014 0.3158439413637737 0.2901928649617556 0.0 0.937337657629338 0.030480853740236093 0.946371931134939
0 0.728027 0.019043 0.090820 0.036133 0.0 0.25829091461669107 0.05215047449080726 0.10642474706937784 0.21793363292918796 0.2967182537100305 0.33205488110315423 0.2637557804018592 0.35865089198969374 0.1116539131313692 0.0956535979906486 0.11464775706248752 0.11435194157205014
0 0.766602 0.520020 0.083984 0.092773 0.0 0.10926883351988828 0.06749005821904691 0.16867619446516588 0.0 0.3432117214460818 0.36939507057784465 0.3441834788572883 0.0 0.047611517125138565 0.05996969207236589 0.05058695749099355 0.0
0 0.972168 0.716309 0.045898 0.059570 0.0 0.0 0.0 0.562622255362727 0.0 0.0 0.0 0.23278377208947323 0.0 0.0 0.0 0.04204314974921538 0.0
0 0.985352 0.532715 0.029297 0.065430 0.0 0.29919910496763646 0.0 0.04450193573544839 0.0 0.28398711089377926 0.0 0.29159475143739105 0.0 0.9620176253853298 0.0 0.8800868323967747 0.0
0 0.097168 0.095703 0.075195 0.066406 0.0 0.25821310261773145 0.0 0.19864024613672854 0.0 0.28765103389966773 0.0 0.26117001987378846 0.0 0.010594092662402075 0.0 0.05616190967353955 0.0
0 0.178711 0.874512 0.060547 0.067383 0.0 0.0 0.11450740521776107 0.0 0.10232107437583671 0.0 0.1829043727772481 0.0 0.2695093764980441 0.0 0.8846038161044207 0.0 0.3134420900491209
0 0.983887 0.091797 0.032227 0.068359 0.0 0.0 0.0 0.3199820362404929 0.0 0.0 0.0 0.3497213212010574 0.0 0.0 0.0 0.1038105285346193 0.0
0 0.986328 0.752930 0.027344 0.068359 0.0 0.0 0.0 0.0 0.24176589641065727 0.0 0.0 0.0 0.29019760583689697 0.0 0.0 0.0 0.9868157579403076
0 0.503906 0.837402 0.121094 0.063477 0.0352362580561605 0.0944077786797235 0.025397151868548042 0.042296049201101485 0.0096413251238696 0.38561508525130717 0.2331514298517713 0.19077177199837986 0.2360735743332422 0.5306471245834083 0.2933500273948299 0.6371948945592483 0.8435765216523761
0 0.967773 0.014648 0.064453 0.027344 0.0 0.0 0.0 0.40716953059850136 0.0 0.0 0.0 0.2005705316929292 0.0 0.0 0.0 0.09057064551835092 0.0
0 0.354492 0.897949 0.080078 0.043945 0.0 0.0 0.3128925158907522 0.0 0.21239226454921098 0.0 0.29566229474329525 0.0 0.36863751940792217 0.0 0.8386466371381675 0.0 0.8296506766266096
0 0.406738 0.034180 0.112305 0.066406 0.0 0.0 0.03918421699614095 0.0 0.07662102418792928 0.0 0.25239030568130716 0.0 0.23951487037005603 0.0 0.014174146433824338 0.0 0.08079795425544553
0 0.864258 0.017090 0.087891 0.032227 0.08849368489031653 0.0 0.09481630060144423 0.0 0.0 0.0 0.07781454141991145 0.0 0.0 0.0 0.6164326410091017 0.0 0.0
0 0.044434 0.432617 0.069336 0.056641 0.0 0.0 0.25984919140529633 0.1147398741211757 0.0 0.0 0.33039334162058986 0.37496341843968045 0.0 0.0 0.8039968263503273 0.03157505004527208 0.0
0 0.180664 0.637207 0.080078 0.067383 0.0 0.0 0.21119061834632433 0.0 0.24612652398202162 0.0 0.12871189361964394 0.0 0.228144351743217 0.0 0.84657677584587 0.0 0.9685330111339807
0 0.498535 0.709961 0.059570 0.064453 0.0 0.0 0.0 0.13596929065143054 0.19522078709178078 0.0 0.0 0.374055824759539 0.369434936375511 0.0 0.0 0.47158592987926734 0.14777478925659074
0 0.558105 0.708008 0.059570 0.064453 0.3088388473189137 0.0 0.0 0.0 0.0 0.0 0.0 0.0 0.0 0.0 0.0 0.0 0.0
0 0.622559 0.704102 0.059570 0.064453 0.0 0.14853328384604192 0.0 0.16798742455187013 0.0 0.3942825797742451 0.0 0.4107438574147635 0.0 0.831267802895854 0.0 0.911635817682522 0.0
0 0.568359 0.523926 0.087891 0.075195 0.38854426253741325 0.0 0.0 0.0 0.0 0.0 0.0 0.0 0.0 0.0 0.0 0.0 0.0
0 0.492188 0.474609 0.117188 0.113281 0.28991222399065236 0.0 0.0 0.0 0.0 0.0 0.0 0.0 0.0 0.0 0.0 0.0 0.0
0 0.360352 0.927246 0.080078 0.043945 0.0 0.0 0.15410626547138026 0.0 0.17655716417246237 0.0 0.29596680679989 0.0 0.3170070734960686 0.0 0.8462063898653784 0.0 0.8707837454102234
0 0.918945 0.858887 0.095703 0.086914 0.289758788583115 0.0 0.0 0.0 0.0 0.0 0.0 0.0 0.0 0.0 0.0 0.0 0.0
0 0.800293 0.746582 0.118164 0.094727 0.3196374479190046 0.0 0.0 0.0 0.0 0.0 0.0 0.0 0.0 0.0 0.0 0.0 0.0
0 0.702637 0.791992 0.094727 0.074219 0.3713484325243167 0.0 0.0 0.0 0.0 0.0 0.0 0.0 0.0 0.0 0.0 0.0 0.0
0 0.665039 0.268555 0.064453 0.072266 0.0 0.17828557962170385 0.0 0.11084188796037073 0.0 0.23671504052656572 0.0 0.25761487409426026 0.0 0.06278630018613751 0.0 0.05600481532262904 0.0
