0 0.305176 0.410807 0.092773 0.126302 0.0 0.17873502732626875 0.0 0.17264496624843056 0.0 0.25615679112559625 0.0 0.2591192667975584 0.0 0.07421396557747657 0.0 0.05073646274282611 0.0
0 0.668457 0.570964 0.086914 0.097656 0.0 0.3120786064279128 0.0 0.26716543203947674 0.0 0.31477227831890614 0.0 0.30163958959727727 0.0 0.05610853807110219 0.0 0.04699594758936377 0.0
0 0.605957 0.507161 0.084961 0.100260 0.0 0.2639986778450975 0.0 0.23528815973205075 0.0 0.32141857299272625 0.0 0.30266345572247805 0.0 0.048645873383946284 0.0 0.04947120814457643 0.0
0 0.112305 0.705078 0.078125 0.126302 0.0 0.0 0.284546979381185 0.0 0.15270272566013995 0.0 0.2797572323646632 0.0 0.35643406935840605 0.0 0.8795712568329643 0.0 0.8857465649339796
0 0.723145 0.619792 0.067383 0.093750 0.0 0.10989124260342621 0.0 0.19321687409827248 0.0 0.44943917439202696 0.0 0.32303098832551325 0.0 0.03484824618709889 0.0 0.046278625944531075 0.0
0 0.402832 0.523438 0.096680 0.125000 0.0 0.12120117893365744 0.0 0.16414701951613986 0.04038623240846406 0.35335935861859347 0.0 0.2645342777163537 0.3563539940271856 0.04874198932376651 0.0 0.33101580422112836 0.057597571818532936
0 0.963379 0.244792 0.073242 0.111979 0.0 0.11039448467161912 0.04173626064682954 0.12232457413196633 0.0 0.3296451301276505 0.328625016503206 0.3106868022084191 0.0 0.10393466100439315 0.09878015502871701 0.11646549807360063 0.0
0 0.791504 0.500000 0.069336 0.096354 0.14552400934802798 0.20062131096257793 0.0 0.0 0.0 0.19915196941751592 0.0 0.0 0.0 0.1552372487879832 0.0 0.0 0.0
0 0.145996 0.791016 0.067383 0.092448 0.0 0.0 0.21229254832025107 0.0 0.17620474002508452 0.0 0.2661126785873456 0.0 0.28219855532640126 0.0 0.9200836132030058 0.0 0.8745567419077382
0 0.748535 0.449870 0.071289 0.087240 0.0 0.21431949923336316 0.0 0.12353326612289532 0.0 0.19495881532988624 0.0 0.22667173380527478 0.0 0.08146887867737797 0.0 0.11448125222872092 0.0
0 0.172363 0.388021 0.092773 0.101562 0.0 0.0 0.0 0.13937933091803092 0.18659604283896905 0.0 0.0 0.29224813933192717 0.2754301441736555 0.0 0.0 0.9989556122166423 0.05210038322070147
0 0.739746 0.192708 0.081055 0.109375 0.0 0.2393090209803882 0.0 0.1396055422854186 0.0 0.315341618422037 0.0 0.32710571193524296 0.0 0.05797731577351305 0.0 0.058746149691509056 0.0
0 0.889160 0.876302 0.106445 0.143229 0.0 0.07183978222399436 0.01919379001539758 0.05025721531786156 0.06754706228407348 0.34802373367788814 0.3500073603378292 0.33176316332873634 0.3327740773554861 0.9845029116969746 0.990032718857968 0.972697139680005 0.9899046730469507
0 0.598633 0.283854 0.132812 0.143229 0.0 0.10855673991123824 0.012244079087882215 0.006750344453613667 0.08734012072630869 0.1093058239213737 0.11585391007853096 0.11535552393251133 0.11412527352509949 0.05736365318277928 0.05215474140601878 0.06001626131316837 0.05149353817837243
0 0.050781 0.572266 0.060547 0.084635 0.0 0.0 0.26552331766923337 0.11724536020620387 0.0 0.0 0.33039334162058986 0.37496341843968045 0.0 0.0 0.8039968263503273 0.03157505004527208 0.0
0 0.232910 0.328125 0.112305 0.117188 0.0 0.12711273649690025 0.0 0.108203543115247 0.05391111531769582 0.24919825500737802 0.0 0.23921167382618636 0.2948764387702937 0.057524246558568845 0.0 0.03140217036828024 0.060768955751318764
0 0.948730 0.417318 0.075195 0.102865 0.0 0.18790165889775157 0.0 0.25646560786812583 0.0 0.29435610246849153 0.0 0.2522450284822167 0.0 0.06198234739952553 0.0 0.05892403817389259 0.0
0 0.855469 0.549479 0.089844 0.106771 0.0 0.15696641215614848 0.015954119411226077 0.21608876657260853 0.014751282813728244 0.2111631212611447 0.43498044971243943 0.23461399623718482 0.4421375494730907 0.043882588107150663 0.02947084837150808 0.06749759518405558 0.06426449478654964
0 0.793945 0.247396 0.066406 0.096354 0.0 0.05720228216922756 0.0 0.07150630684898183 0.0 0.3009699470515497 0.0 0.3304610411325978 0.0 0.06714377114912864 0.0 0.07128637700765271 0.0
0 0.901367 0.367188 0.064453 0.093750 0.0 0.054078119075019554 0.02975657438210983 0.10344793450656778 0.0 0.2661582908427277 0.27817129067160784 0.2803830151423171 0.0 0.0372024606120207 0.9617851055075463 0.08109283376628801 0.0
0 0.061523 0.266276 0.115234 0.118490 0.0 0.0 0.12308329365722749 0.05480591791628251 0.15614156734995913 0.0 0.21542439701471577 0.22553056771737 0.21140305723985983 0.0 0.04583711001933079 0.04665968796773382 0.06515530323630085
0 0.904785 0.192708 0.067383 0.098958 0.0 0.13142737321747064 0.05323004346703455 0.15015543625691988 0.0 0.32612389520130913 0.32502144206826455 0.3031121558537884 0.0 0.09839477045958654 0.10061444027581956 0.10881629333111265 0.0
0 0.536133 0.404948 0.099609 0.161458 0.021665724858049292 0.06276529738335143 0.031055941268176485 0.1691239772353318 0.10222947985172846 0.3111815541395711 0.11267610006625683 0.2669984975168275 0.3009735303528878 0.05007782254343943 0.22861465948435122 0.44728352834423857 0.07880232476194951
0 0.829102 0.290365 0.066406 0.101562 0.0 0.2353234804727593 0.0 0.09101979461528945 0.0 0.2662523896106792 0.0 0.16818253611739595 0.0 0.03686865408908402 0.0 0.08221392076976536 0.0
0 0.611816 0.751302 0.071289 0.106771 0.0 0.2553082604958588 0.0 0.18380312062285137 0.0 0.24969368971354436 0.0 0.09836712499919575 0.0 0.06487220201316402 0.0 0.0057473727177861315 0.0
0 0.909180 0.615885 0.083984 0.101562 0.0 0.1259188151737222 0.0 0.12895912714798796 0.0 0.2480603685469782 0.0 0.3069437341722525 0.0 0.018520375412220288 0.0 0.6728403634221906 0.0
0 0.394531 0.264974 0.105469 0.115885 0.0 0.10077148039934697 0.06119558560966209 0.1733330537916236 0.0 0.3323294251478086 0.3195433040942104 0.3273251323483037 0.0 0.07848160260304829 0.09487176900365424 0.06510217195114162 0.0
0 0.356445 0.459635 0.058594 0.088542 0.0 0.23599247224209213 0.0 0.1504711958416015 0.0 0.4079934998447233 0.0 0.10410083076930676 0.0 0.032419127354279216 0.0 0.2376634103459379 0.0
0 0.865723 0.331380 0.057617 0.102865 0.0 0.17512807393309926 0.0 0.15886171636021978 0.0 0.23070497728440548 0.0 0.2585998350258277 0.0 0.03420461469431133 0.0 0.0714181237676431 0.0
0 0.784180 0.703125 0.125000 0.119792 0.0 0.09012018895519368 0.0 0.15652121668766708 0.020561521906709474 0.3418313981361059 0.0 0.34699027764583124 0.35716767101229585 0.046877916862783864 0.0 0.23909158324461816 0.007655886945483795
0 0.713379 0.397786 0.075195 0.089844 0.0 0.17004094059405037 0.0 0.0667029269885849 0.0 0.28493489391047855 0.0 0.2760641583465876 0.0 0.07460514568944135 0.0 0.059591727110756665 0.0
0 0.661133 0.798177 0.056641 0.085938 0.0 0.23124495468967338 0.0 0.14165130411612936 0.0 0.3493316102269495 0.0 0.1594260640358455 0.0 0.06365749081477258 0.0 0.04117465325075279 0.0
0 0.186523 0.848307 0.076172 0.076823 0.0 0.0 0.2596515685796399 0.0 0.3026040575163577 0.0 0.12871189361964394 0.0 0.228144351743217 0.0 0.84657677584587 0.0 0.9685330111339807
0 0.839355 0.670573 0.083008 0.088542 0.0 0.0 0.0 0.1668533136094339 0.2120546795634754 0.0 0.0 0.16691753588253286 0.12982956792408337 0.0 0.0 0.9620275114500512 0.00111636027015057
0 0.984375 0.464844 0.031250 0.093750 0.0 0.12437026408284632 0.0 0.19037831536542263 0.0 0.2507351746005725 0.0 0.4023129704573186 0.0 0.2833154638304933 0.0 0.04778657993128819 0.0
0 0.332520 0.143229 0.116211 0.161458 0.0 0.0 0.08180557495725974 0.055505268281274285 0.128016053057812 0.0 0.2573144303052287 0.3148613449068695 0.29402763964341017 0.0 0.24081963602621637 0.031352993006255915 0.05514711915988749
0 0.704102 0.856771 0.093750 0.119792 0.0 0.09165651580545846 0.017104078992690567 0.12275471482871943 0.0 0.24250993769699009 0.22923474299041185 0.24420241184663935 0.0 0.06949441869748393 0.9911062728135125 0.3447821312394884 0.0
0 0.668945 0.104818 0.093750 0.128906 0.0 0.06295070312180288 0.07013028674476396 0.08293290017300038 0.17985207111807403 0.3261989792785996 0.32016568919885635 0.29352331517000435 0.3255933683533248 0.05723301488145864 0.09678795241964402 0.03911223968537204 0.1314894933275383
0 0.201660 0.917969 0.061523 0.059896 0.0 0.0 0.27497285337927696 0.0 0.2051126271779675 0.0 0.24842232485045732 0.0 0.27281555378242955 0.0 0.8812298923819112 0.0 0.8721818092423341
0 0.955566 0.786458 0.069336 0.096354 0.0 0.3288827068944249 0.0 0.18377202964856557 0.0 0.31549726409754225 0.0 0.3746012716242678 0.0 0.9624576622118219 0.0 0.9002305983252283 0.0
0 0.490234 0.626302 0.123047 0.130208 0.3202839807896731 0.0 0.0 0.0 0.0 0.0 0.0 0.0 0.0 0.0 0.0 0.0 0.0
0 0.467773 0.147786 0.111328 0.136719 0.0 0.0 0.1383655261009401 0.0 0.180386766846595 0.0 0.3617660731246985 0.0 0.34301087557490073 0.0 0.10269635782583021 0.0 0.08832443872031447
0 0.145020 0.186198 0.063477 0.093750 0.0 0.13007569961844165 0.13819598519741813 0.08208274919969791 0.0 0.23991938964226997 0.2772569762729419 0.2834494297695176 0.0 0.038186121688988724 0.05541262780362912 0.027156372998218596 0.0
0 0.670410 0.360026 0.063477 0.097656 0.0 0.17861472223023622 0.0 0.11104651913814373 0.0 0.23671504052656572 0.0 0.25761487409426026 0.0 0.06278630018613751 0.0 0.05600481532262904 0.0
0 0.020508 0.504557 0.039062 0.121094 0.0 0.0 0.09476067276104612 0.0 0.24012258671578732 0.0 0.300236879846829 0.0 0.3071021090659487 0.0 0.8915174147696507 0.0 0.8704760833336097
0 0.416504 0.923177 0.092773 0.119792 0.0 0.11834432267945638 0.11072863387080246 0.20149417250812468 0.013481427283030197 0.22321513934311288 0.42297449410608895 0.3761716747502741 0.32380673310114283 0.4127182544654059 0.12302144503047682 0.476838041787044 0.0741492963353737
0 0.849609 0.126953 0.074219 0.095052 0.0 0.18870696394161668 0.10265300612166392 0.19884159135181825 0.0 0.32428117792599603 0.2779432675706368 0.31090062577308925 0.0 0.10117996982113624 0.2050799258741885 0.1321491302277653 0.0
0 0.076172 0.616536 0.082031 0.089844 0.0 0.0 0.09434200685016461 0.0 0.24404918475304663 0.0 0.29361761275579423 0.0 0.33152147609771093 0.0 0.8902746603302063 0.0 0.8834050243045175
0 0.984863 0.706380 0.030273 0.087240 0.0 0.28954752093642233 0.0 0.04306638942140166 0.0 0.28398711089377926 0.0 0.29159475143739105 0.0 0.9620176253853298 0.0 0.8800868323967747 0.0
0 0.249512 0.953776 0.098633 0.092448 0.0 0.1684188638649231 0.0 0.11594869015526764 0.10020804318563685 0.25126612588841185 0.0 0.2059302459615844 0.19453331742184518 0.1906640995212519 0.0 0.3444061379318327 0.9817636946842216
0 0.971191 0.957031 0.057617 0.085938 0.0 0.0 0.0 0.4142367760978271 0.0 0.0 0.0 0.23278377208947323 0.0 0.0 0.0 0.04204314974921538 0.0
0 0.395020 0.046875 0.088867 0.085938 0.0 0.0 0.051678323558980076 0.0 0.1013693583684411 0.0 0.2562928025309548 0.0 0.2427049042928212 0.0 0.00997172076499232 0.0 0.07198701022612902
0 0.537598 0.043620 0.088867 0.084635 0.0 0.0 0.16665353714403788 0.0 0.2968466409109458 0.0 0.2477690222470679 0.0 0.2373326639364081 0.0 0.12430142248093716 0.0 0.10980880330012073
0 0.085938 0.124349 0.074219 0.079427 0.0 0.2916315369513464 0.0 0.2243486472760808 0.0 0.28765103389966773 0.0 0.26117001987378846 0.0 0.010594092662402075 0.0 0.05616190967353955 0.0
0 0.037598 0.064453 0.073242 0.079427 0.0 0.20413045302805044 0.0 0.2927829500703253 0.0 0.2601866072785119 0.0 0.2766719390132731 0.0 0.04205364041551765 0.0 0.050468112199435367 0.0
0 0.194824 0.070312 0.098633 0.098958 0.0 0.1443073428479264 0.03830950524286492 0.10770139784547797 0.0 0.1280264128459709 0.4080561990836432 0.38861102017579163 0.0 0.15173080699632682 0.03819474543440214 0.050290375499033264 0.0
0 0.257324 0.021484 0.059570 0.040365 0.0 0.0 0.14704990166574824 0.0 0.09481496913311124 0.0 0.3548989024925873 0.0 0.3619634497685503 0.0 0.05242817664579194 0.0 0.06201447869196575
0 0.137207 0.021484 0.059570 0.040365 0.0 0.0 0.05544678740228819 0.1493484638600461 0.0 0.0 0.29360211282396936 0.3055942172575168 0.0 0.0 0.9916591386813296 0.05066224135384516 0.0
0 0.560547 0.688802 0.087891 0.104167 0.37397385269226024 0.0 0.0 0.0 0.0 0.0 0.0 0.0 0.0 0.0 0.0 0.0 0.0
0 0.617676 0.935547 0.075195 0.102865 0.0 0.09830593469738035 0.0 0.11118155042673501 0.0 0.3942825797742451 0.0 0.4107438574147635 0.0 0.831267802895854 0.0 0.911635817682522 0.0
0 0.496094 0.936198 0.072266 0.114583 0.0 0.0 0.0 0.072465160341438 0.09817140774912418 0.0 0.0 0.35774998171670186 0.2875982769478208 0.0 0.0 0.4832581919338837 0.15334063452024319
0 0.558594 0.939453 0.048828 0.115885 0.2794124043384149 0.0 0.0 0.0 0.0 0.0 0.0 0.0 0.0 0.0 0.0 0.0 0.0
0 0.336426 0.942057 0.067383 0.115885 0.0 0.0732572761331464 0.0 0.09653309026054993 0.0 0.2175614533122237 0.0 0.2007647928883418 0.0 0.04591394949792268 0.0 0.1608199876337557 0.0
0 0.052246 0.938802 0.077148 0.072917 0.0 0.0 0.17767122965873935 0.0 0.0719869259582159 0.0 0.23834273643472517 0.0 0.1796866060407368 0.0 0.8834229143424207 0.0 0.8780282993898835
0 0.081543 0.977865 0.073242 0.044271 0.0 0.0 0.2598415022354699 0.0 0.11001792077327609 0.0 0.3787330712501693 0.0 0.38358853014550665 0.0 0.8908274085851455 0.0 0.9167059910578688
0 0.803711 0.957682 0.132812 0.084635 0.2219847565090943 0.0 0.0 0.0 0.0 0.0 0.0 0.0 0.0 0.0 0.0 0.0 0.0
0 0.729980 0.026693 0.088867 0.050781 0.0 0.25043083606538014 0.05056347780300586 0.10318612416616771 0.21130167114943246 0.2967182537100305 0.33205488110315423 0.2637557804018592 0.35865089198969374 0.1116539131313692 0.0956535979906486 0.11464775706248752 0.11435194157205014
0 0.791016 0.070964 0.074219 0.095052 0.0 0.21640546668119956 0.0 0.18492417514570705 0.0 0.3183319159625323 0.0 0.3145755944089669 0.0 0.10032346409921662 0.0 0.09736971576870312 0.0
0 0.225586 0.775391 0.074219 0.097656 0.11447494905871118 0.0 0.0 0.0 0.1929067125789634 0.0 0.0 0.0 0.11936908835667853 0.0 0.0 0.0 0.8837764348133849
