0 0.306152 0.298340 0.098633 0.094727 0.0 0.16811710491084683 0.0 0.1623888296396129 0.0 0.25615679112559625 0.0 0.2591192667975584 0.0 0.07421396557747657 0.0 0.05073646274282611 0.0
0 0.675293 0.419434 0.071289 0.077148 0.0 0.3612146172891135 0.0 0.3092299737928745 0.0 0.31477227831890614 0.0 0.30163958959727727 0.0 0.05610853807110219 0.0 0.04699594758936377 0.0
0 0.904297 0.651367 0.105469 0.111328 0.0 0.13664539094790995 0.03174712980859192 0.07567571532125127 0.1065984499986101 0.3257658294282631 0.3083760260738301 0.34685911741302317 0.32368275181233 0.9850983524106182 0.9817550228753527 0.9155958756790847 0.9857223205451795
0 0.607422 0.378906 0.080078 0.066406 0.0 0.31716770855170523 0.0 0.28267492504393976 0.0 0.32141857299272625 0.0 0.30266345572247805 0.0 0.048645873383946284 0.0 0.04947120814457643 0.0
0 0.966797 0.180664 0.066406 0.070312 0.0 0.1454339105661649 0.054983431611938416 0.16115063381355857 0.0 0.3296451301276505 0.328625016503206 0.3106868022084191 0.0 0.10393466100439315 0.09878015502871701 0.11646549807360063 0.0
0 0.742676 0.141113 0.090820 0.090820 0.0 0.1929081390074305 0.0 0.11253669104103808 0.0 0.315341618422037 0.0 0.32710571193524296 0.0 0.05797731577351305 0.0 0.058746149691509056 0.0
0 0.849121 0.093750 0.063477 0.070312 0.0 0.2237064606726687 0.12169206794081014 0.23572075829484782 0.0 0.32428117792599603 0.2779432675706368 0.31090062577308925 0.0 0.10117996982113624 0.2050799258741885 0.1321491302277653 0.0
0 0.906250 0.136230 0.070312 0.069336 0.0 0.13482103778411894 0.05460452815749788 0.1540326893058075 0.0 0.32612389520130913 0.32502144206826455 0.3031121558537884 0.0 0.09839477045958654 0.10061444027581956 0.10881629333111265 0.0
0 0.717773 0.468750 0.066406 0.058594 0.0 0.13380874834652487 0.0 0.2352699584608377 0.0 0.44943917439202696 0.0 0.32303098832551325 0.0 0.03484824618709889 0.0 0.046278625944531075 0.0
0 0.248047 0.727539 0.107422 0.080078 0.0 0.13389486394405364 0.0 0.09218049413563463 0.0796665052864969 0.25126612588841185 0.0 0.2059302459615844 0.19453331742184518 0.1906640995212519 0.0 0.3444061379318327 0.9817636946842216
0 0.072754 0.479004 0.069336 0.084961 0.0 0.0 0.09174017968906964 0.0 0.24750975628866828 0.0 0.3055482820307337 0.0 0.3188262074434399 0.0 0.8648478354396172 0.0 0.8601286503050034
0 0.110352 0.529297 0.082031 0.097656 0.0 0.0 0.26286720952357095 0.0 0.14106823227651025 0.0 0.2797572323646632 0.0 0.35643406935840605 0.0 0.8795712568329643 0.0 0.8857465649339796
0 0.752441 0.334473 0.067383 0.073242 0.0 0.20255781077302015 0.0 0.11675385596272099 0.0 0.19495881532988624 0.0 0.22667173380527478 0.0 0.08146887867737797 0.0 0.11448125222872092 0.0
0 0.795410 0.371094 0.055664 0.076172 0.17197101779454319 0.23708150422793173 0.0 0.0 0.0 0.19915196941751595 0.0 0.0 0.0 0.15523724878798323 0.0 0.0 0.0
0 0.671387 0.075684 0.094727 0.102539 0.0 0.058741628126619004 0.06544116300660152 0.07738775485951847 0.16782661599471532 0.3261989792785996 0.32016568919885635 0.29352331517000435 0.3255933683533248 0.05723301488145864 0.09678795241964402 0.03911223968537204 0.1314894933275383
0 0.947266 0.309570 0.085938 0.085938 0.0 0.14759888831030768 0.0 0.20145664936232044 0.0 0.29435610246849153 0.0 0.2522450284822167 0.0 0.06198234739952554 0.0 0.05892403817389259 0.0
0 0.296387 0.837891 0.098633 0.099609 0.0 0.09346423962566376 0.03797603785806863 0.0 0.12469481450999492 0.3445996535077898 0.30889280500532146 0.0 0.33945126529582426 0.48989377636762127 0.7730838181157763 0.0 0.8615508474721818
0 0.038574 0.041992 0.075195 0.072266 0.0 0.16389905626594078 0.0 0.2350793254776655 0.0 0.2601866072785119 0.0 0.2766719390132731 0.0 0.04205364041551765 0.0 0.050468112199435367 0.0
0 0.078613 0.754395 0.081055 0.063477 0.0 0.0 0.1467101078903246 0.0 0.11021437532779348 0.0 0.36643389722949227 0.0 0.37133210555319107 0.0 0.8653411231279686 0.0 0.8681165903007368
0 0.231445 0.237793 0.111328 0.088867 0.0 0.12681866423201446 0.0 0.10795321681538526 0.05378639324639983 0.24919825500737802 0.0 0.23921167382618636 0.2948764387702937 0.057524246558568845 0.0 0.03140217036828024 0.060768955751318764
0 0.900391 0.269531 0.078125 0.076172 0.0 0.04118256760328412 0.022660775875606717 0.07877958089346314 0.0 0.2661582908427277 0.27817129067160784 0.2803830151423171 0.0 0.0372024606120207 0.9617851055075463 0.08109283376628801 0.0
0 0.790039 0.733398 0.107422 0.087891 0.3105888106023836 0.0 0.0 0.0 0.0 0.0 0.0 0.0 0.0 0.0 0.0 0.0 0.0
0 0.792480 0.181152 0.069336 0.083008 0.0 0.047695424005891156 0.0 0.05962216007689753 0.0 0.3009699470515497 0.0 0.3304610411325978 0.0 0.06714377114912864 0.0 0.07128637700765271 0.0
0 0.833008 0.209961 0.076172 0.080078 0.0 0.19514630087984916 0.0 0.07547982968097172 0.0 0.2662523896106792 0.0 0.16818253611739595 0.0 0.03686865408908402 0.0 0.08221392076976536 0.0
0 0.168457 0.288086 0.092773 0.080078 0.0 0.0 0.0 0.13258033916593187 0.17749379684682423 0.0 0.0 0.29224813933192717 0.2754301441736555 0.0 0.0 0.9989556122166423 0.05210038322070147
0 0.026367 0.379883 0.050781 0.097656 0.0 0.0 0.06779032743674837 0.0 0.17178000434283247 0.0 0.300236879846829 0.0 0.3071021090659487 0.0 0.8915174147696507 0.0 0.8704760833336097
0 0.593262 0.206543 0.124023 0.092773 0.0 0.1346049588953273 0.01518204916325884 0.008370091423627057 0.10829740622176359 0.10930582392137367 0.11585391007853096 0.11535552393251133 0.11412527352509952 0.057363653182779265 0.05215474140601878 0.06001626131316837 0.05149353817837244
0 0.919434 0.864258 0.081055 0.080078 0.3713306132856199 0.0 0.0 0.0 0.0 0.0 0.0 0.0 0.0 0.0 0.0 0.0 0.0
0 0.066406 0.195801 0.125000 0.094727 0.0 0.0 0.10644880857694176 0.04739899698655298 0.13503931622131615 0.0 0.21542439701471577 0.22553056771737 0.21140305723985983 0.0 0.045837110019330794 0.04665968796773382 0.06515530323630085
0 0.392578 0.966309 0.085938 0.049805 0.0 0.0 0.28778937513739533 0.0 0.3314913591921341 0.0 0.3299700294973843 0.0 0.3127120160401262 0.0 0.8439740184261505 0.0 0.8474695776973018
0 0.409668 0.398438 0.110352 0.107422 0.0 0.09267063592803543 0.0 0.12550710164773882 0.03087938477956898 0.35335935861859347 0.0 0.26453427771635357 0.3563539940271856 0.04874198932376651 0.0 0.3310158042211283 0.057597571818532936
0 0.208008 0.957031 0.091797 0.076172 0.0 0.0 0.16610501961919694 0.0 0.12517434519928794 0.0 0.36242500770659536 0.0 0.3565960571047211 0.0 0.8146215650592361 0.0 0.8228444260387748
0 0.395508 0.199219 0.128906 0.097656 0.0 0.07337995981806991 0.044561512793944845 0.12621797826099135 0.0 0.3323294251478086 0.3195433040942104 0.3273251323483037 0.0 0.07848160260304829 0.09487176900365424 0.06510217195114162 0.0
0 0.328613 0.105469 0.116211 0.123047 0.008071840179837857 0.012854788402193605 0.030350213578975126 0.07604953016026951 0.09643991612474423 0.18546991650586186 0.28484286946565285 0.3241843937350599 0.3050959031095627 0.1516005719786983 0.06896992339136737 0.09024918055307632 0.05643709799771494
0 0.661133 0.965332 0.089844 0.069336 0.0 0.0 0.21674206773209187 0.0 0.16274025791764035 0.0 0.31436406722084453 0.0 0.3419999033172927 0.0 0.957665856364607 0.0 0.9548633740930803
0 0.690918 0.787109 0.096680 0.078125 0.34565412178904825 0.0 0.0 0.0 0.0 0.0 0.0 0.0 0.0 0.0 0.0 0.0 0.0
0 0.860840 0.242188 0.057617 0.078125 0.0 0.17293897300893551 0.0 0.15687594490571702 0.0 0.23070497728440548 0.0 0.2585998350258277 0.0 0.03420461469431133 0.0 0.0714181237676431 0.0
0 0.965332 0.907227 0.069336 0.076172 0.0 0.0 0.24087688159769732 0.2381771949140177 0.0 0.0 0.25532247730107926 0.209476618556189 0.0 0.0 0.8934218938868702 0.0358219098892047 0.0
0 0.533203 0.035156 0.097656 0.068359 0.0 0.0 0.14082223888671203 0.0 0.2508354115697492 0.0 0.2477690222470679 0.0 0.2373326639364081 0.0 0.12430142248093716 0.0 0.10980880330012073
0 0.466797 0.104980 0.126953 0.116211 0.0 0.0 0.10706110843104413 0.0 0.13957528113469567 0.0 0.3617660731246985 0.0 0.3430108755749007 0.0 0.10269635782583021 0.0 0.08832443872031445
0 0.056152 0.706055 0.067383 0.052734 0.0 0.0 0.21095478261145004 0.0 0.08547239947373782 0.0 0.23834273643472517 0.0 0.1796866060407368 0.0 0.8834229143424207 0.0 0.8780282993898835
0 0.784668 0.062500 0.069336 0.062500 0.0 0.2642204069426266 0.0 0.2257833018724434 0.0 0.3183319159625323 0.0 0.3145755944089669 0.0 0.10032346409921662 0.0 0.09736971576870312 0.0
0 0.774902 0.525391 0.120117 0.085938 0.0 0.08247656779910267 0.050941775281745504 0.12731748972472334 0.0 0.3432117214460818 0.36939507057784465 0.3441834788572883 0.0 0.047611517125138565 0.05996969207236589 0.05058695749099355 0.0
0 0.840332 0.964355 0.090820 0.069336 0.0 0.031316261838235354 0.18036381069108692 0.032223789390020366 0.1402781204801269 0.21766978440472087 0.30495964459860864 0.31049268247123324 0.31371819367008535 0.9640073353815451 0.8744269440141872 0.8462296985175075 0.9411796213278952
0 0.559082 0.876953 0.127930 0.083984 0.0 0.0 0.13741323895783455 0.0 0.10205216119711222 0.0 0.32868405389368077 0.0 0.2378622931765842 0.0 0.9383636279336647 0.0 0.9727069619133875
0 0.147461 0.591309 0.072266 0.071289 0.0 0.0 0.1925252118143114 0.0 0.1597976714888725 0.0 0.2661126785873456 0.0 0.28219855532640126 0.0 0.9200836132030058 0.0 0.8745567419077382
0 0.423828 0.688965 0.109375 0.094727 0.0 0.09520704898917977 0.08908028903081865 0.16210042965031388 0.01084569904765132 0.22321513934311288 0.42297449410608895 0.3761716747502741 0.32380673310114283 0.4127182544654059 0.12302144503047682 0.476838041787044 0.0741492963353737
0 0.655762 0.598633 0.065430 0.070312 0.0 0.18350034961692988 0.0 0.1124048905797146 0.0 0.3493316102269495 0.0 0.1594260640358455 0.0 0.06365749081477258 0.0 0.04117465325075279 0.0
0 0.195801 0.689453 0.057617 0.048828 0.0 0.0 0.27012587426886264 0.0 0.20149708256330504 0.0 0.24842232485045732 0.0 0.27281555378242955 0.0 0.8812298923819112 0.0 0.8721818092423341
0 0.705566 0.640625 0.098633 0.083984 0.0 0.13749630964079562 0.0 0.15189114791862415 0.0 0.23911973319954968 0.0 0.21948161639201896 0.0 0.06507744919772283 0.0 0.38222923958476673 0.0
0 0.362793 0.352051 0.073242 0.069336 0.0 0.18081676746436354 0.0 0.11529060639131158 0.0 0.4079934998447233 0.0 0.10410083076930676 0.0 0.032419127354279216 0.0 0.2376634103459379 0.0
0 0.712891 0.303223 0.054688 0.073242 0.0 0.21510178985147377 0.0 0.08437920264055992 0.0 0.28493489391047855 0.0 0.2760641583465876 0.0 0.07460514568944135 0.0 0.059591727110756665 0.0
0 0.397461 0.815430 0.107422 0.050781 0.0 0.12488109506794827 0.0 0.13943396737366373 0.024535351114954654 0.3349867269767275 0.0 0.2968616809423191 0.29774581458199734 0.48047775346883237 0.0 0.4793414578998352 0.4599249072829006
0 0.852539 0.413086 0.076172 0.076172 0.0 0.19463422309434325 0.019782688500705053 0.26794438774223517 0.018291202752591367 0.2111631212611447 0.43498044971243943 0.23461399623718482 0.4421375494730907 0.04388258810715065 0.02947084837150808 0.06749759518405558 0.06426449478654964
0 0.620117 0.563965 0.087891 0.075195 0.0 0.22053033871979952 0.0 0.15876558153656392 0.0 0.24969368971354436 0.0 0.09836712499919575 0.0 0.06487220201316402 0.0 0.0057473727177861315 0.0
0 0.913574 0.462402 0.083008 0.077148 0.0 0.1257875520752537 0.0 0.12882469469973243 0.0 0.2480603685469782 0.0 0.30694373417225257 0.0 0.018520375412220288 0.0 0.6728403634221907 0.0
0 0.101562 0.802734 0.083984 0.060547 0.0 0.0 0.12346889203845757 0.0 0.2261938804925072 0.0 0.23908218195577038 0.0 0.20625112883068325 0.0 0.8895047045068771 0.0 0.8977766530101137
0 0.983887 0.349609 0.032227 0.074219 0.0 0.11425402250672964 0.0 0.17489299784766096 0.0 0.2507351746005725 0.0 0.4023129704573186 0.0 0.2833154638304933 0.0 0.04778657993128819 0.0
0 0.084473 0.914551 0.083008 0.077148 0.0 0.0 0.16993373990577185 0.0 0.19517710623686735 0.0 0.2626457228840598 0.0 0.2607715868815037 0.0 0.38602802944183484 0.0 0.5642226951185807
0 0.832520 0.500977 0.077148 0.062500 0.0 0.0 0.0 0.1907460744981266 0.24242010440603007 0.0 0.0 0.16691753588253286 0.12982956792408337 0.0 0.0 0.9620275114500512 0.00111636027015057
0 0.957031 0.585938 0.072266 0.072266 0.0 0.3155496241824888 0.0 0.17632181223038046 0.0 0.3154972640975422 0.0 0.3746012716242678 0.0 0.9624576622118219 0.0 0.9002305983252283 0.0
0 0.202148 0.047852 0.099609 0.091797 0.0 0.11553015891746798 0.03066997937465907 0.08622402272234969 0.0 0.1280264128459709 0.4080561990836432 0.38861102017579163 0.0 0.15173080699632682 0.03819474543440214 0.050290375499033264 0.0
0 0.231934 0.584961 0.075195 0.064453 0.1283957516006796 0.0 0.0 0.0 0.21636526204252096 0.0 0.0 0.0 0.11936908835667853 0.0 0.0 0.0 0.8837764348133849
0 0.333984 0.710449 0.070312 0.063477 0.0 0.09612669502855814 0.0 0.12666874087393956 0.0 0.2175614533122237 0.0 0.2007647928883418 0.0 0.04591394949792268 0.0 0.1608199876337557 0.0
0 0.805664 0.923828 0.066406 0.070312 0.0 0.035431112786038006 0.09723891394847978 0.0 0.10738060106693052 0.233498311406908 0.2540319998010254 0.0 0.33805252146131276 0.949385569970345 0.379793921912972 0.0 0.9599189283347423
0 0.765137 0.891602 0.083008 0.066406 0.0 0.0 0.1937243929860442 0.1180229080236665 0.0 0.0 0.3240378442187973 0.21712545423584134 0.0 0.0 0.9014463416332597 0.1966567759529599 0.0
0 0.123535 0.010254 0.081055 0.018555 0.0 0.7345490253369586 0.0 0.38656984528354915 0.0 0.2773434003458079 0.0 0.27470903666104957 0.0 0.05661898087507448 0.0 0.04711251615119889 0.0
0 0.148438 0.141602 0.070312 0.070312 0.0 0.1174294510444265 0.1247602644143358 0.07410248191639394 0.0 0.23991938964226997 0.2772569762729419 0.2834494297695176 0.0 0.038186121688988724 0.05541262780362912 0.027156372998218596 0.0
0 0.717773 0.821777 0.080078 0.065430 0.0 0.0 0.14313496038641255 0.0 0.16215346880315532 0.0 0.33689228756664935 0.0 0.295227075991918 0.0 0.9966903319149518 0.0 0.9894088013132079
0 0.711914 0.020020 0.083984 0.038086 0.0 0.26499076839476265 0.053503214884575954 0.10918531743164256 0.22358665203021338 0.2967182537100305 0.33205488110315423 0.2637557804018592 0.35865089198969374 0.1116539131313692 0.0956535979906486 0.11464775706248752 0.11435194157205014
0 0.971191 0.715332 0.057617 0.071289 0.0 0.0 0.0 0.3745154414035149 0.0 0.0 0.0 0.23278377208947323 0.0 0.0 0.0 0.04204314974921538 0.0
0 0.985352 0.527344 0.029297 0.066406 0.0 0.2947991181298771 0.0 0.04384749550404474 0.0 0.28398711089377926 0.0 0.29159475143739105 0.0 0.9620176253853298 0.0 0.8800868323967747 0.0
0 0.097168 0.095703 0.075195 0.066406 0.0 0.25821310261773145 0.0 0.19864024613672854 0.0 0.28765103389966773 0.0 0.26117001987378846 0.0 0.010594092662402075 0.0 0.05616190967353955 0.0
0 0.539551 0.300293 0.108398 0.118164 0.020402657136818367 0.059106208123343676 0.02924544301689347 0.15926439312578933 0.0962697089691506 0.3111815541395711 0.11267610006625685 0.2669984975168275 0.3009735303528878 0.05007782254343943 0.22861465948435122 0.44728352834423857 0.07880232476194951
0 0.178711 0.874512 0.060547 0.067383 0.0 0.0 0.11450740521776107 0.0 0.10232107437583671 0.0 0.1829043727772481 0.0 0.2695093764980441 0.0 0.8846038161044207 0.0 0.3134420900491209
0 0.986328 0.098145 0.027344 0.096680 0.0 0.0 0.0 0.26665169686707735 0.0 0.0 0.0 0.3497213212010574 0.0 0.0 0.0 0.1038105285346193 0.0
0 0.985352 0.757324 0.029297 0.049805 0.0 0.0 0.0 0.0 0.30971317448685504 0.0 0.0 0.0 0.29019760583689697 0.0 0.0 0.0 0.9868157579403076
0 0.500977 0.830566 0.121094 0.063477 0.0352362580561605 0.0944077786797235 0.025397151868548042 0.042296049201101485 0.0096413251238696 0.38561508525130717 0.2331514298517713 0.19077177199837986 0.2360735743332422 0.5306471245834083 0.2933500273948299 0.6371948945592483 0.8435765216523761
0 0.181641 0.641113 0.074219 0.061523 0.0 0.0 0.2495648535095035 0.0 0.29084876204893023 0.0 0.12871189361964394 0.0 0.228144351743217 0.0 0.84657677584587 0.0 0.9685330111339807
0 0.931152 0.053711 0.081055 0.058594 0.0 0.15634971803328035 0.0 0.027502862992113655 0.0 0.25953559930008335 0.0 0.42098460276250826 0.0 0.1151266363829832 0.0 0.05170027832570554 0.0
0 0.348145 0.900391 0.102539 0.048828 0.0 0.0 0.21991873974035725 0.0 0.14928142022601687 0.0 0.29566229474329525 0.0 0.36863751940792217 0.0 0.8386466371381675 0.0 0.8296506766266096
0 0.406738 0.034180 0.112305 0.066406 0.0 0.0 0.03918421699614095 0.0 0.07662102418792928 0.0 0.25239030568130716 0.0 0.23951487037005603 0.0 0.014174146433824338 0.0 0.08079795425544553
0 0.044434 0.432617 0.065430 0.058594 0.0 0.0 0.2661838234345797 0.11753701533109492 0.0 0.0 0.33039334162058986 0.37496341843968045 0.0 0.0 0.8039968263503273 0.03157505004527208 0.0
0 0.489746 0.713379 0.059570 0.057617 0.0 0.0 0.0 0.10041528940308843 0.10280859568557792 0.0 0.0 0.36772906620597584 0.30265698929120827 0.0 0.0 0.48823261870640394 0.11274244543963208
0 0.555664 0.704590 0.068359 0.077148 0.22484361651102105 0.0 0.0 0.0 0.0 0.0 0.0 0.0 0.0 0.0 0.0 0.0 0.0
0 0.621094 0.705566 0.068359 0.077148 0.0 0.10813652816711838 0.0 0.1222997054694085 0.0 0.3942825797742451 0.0 0.4107438574147635 0.0 0.831267802895854 0.0 0.911635817682522 0.0
0 0.567871 0.523438 0.092773 0.091797 0.3015242709276902 0.0 0.0 0.0 0.0 0.0 0.0 0.0 0.0 0.0 0.0 0.0 0.0
0 0.493164 0.476562 0.119141 0.123047 0.26252785310628945 0.0 0.0 0.0 0.0 0.0 0.0 0.0 0.0 0.0 0.0 0.0 0.0
0 0.095703 0.844727 0.101562 0.052734 0.0 0.040078091740275934 0.17001320966705424 0.0 0.0 0.13837447573351305 0.11943075184114822 0.0 0.0 0.8998331546698286 0.2172195815682585 0.0 0.0
0 0.367188 0.929199 0.085938 0.049805 0.0 0.0 0.17405434169267087 0.0 0.134286240351933 0.0 0.28184171669941865 0.0 0.309055818775898 0.0 0.8405383573826433 0.0 0.8314920956268449
0 0.861328 0.793945 0.089844 0.076172 0.0 0.0 0.20554440796157525 0.09167862289854414 0.08647630691008974 0.0 0.2930162892315316 0.3150381121002254 0.27051625843053806 0.0 0.9739810533440256 0.07619455910319647 0.9952083908284562
0 0.736328 0.856934 0.080078 0.065430 0.057407355193612904 0.0 0.10924113291668215 0.026326728819666023 0.04047158980483238 0.0 0.25624563251689014 0.3158439413637737 0.2901928649617556 0.0 0.937337657629338 0.030480853740236093 0.946371931134939
0 0.664062 0.267090 0.054688 0.073242 0.0 0.20732065973152422 0.0 0.12889328114248827 0.0 0.23671504052656572 0.0 0.25761487409426026 0.0 0.06278630018613751 0.0 0.05600481532262904 0.0
