0 0.150391 0.634766 0.128906 0.089844 0.0 0.15189324568832058 0.0 0.1583279063315291 0.0 0.30738230739790695 0.0 0.30332095644995444 0.0 0.3579493203461766 0.0 0.35855707563624656 0.0
0 0.201660 0.483398 0.112305 0.167969 0.06167460176729587 0.04238403551952825 0.04248499138704772 0.08754048287274886 0.11427102583256005 0.292531891192681 0.28189692149622486 0.2780903095792216 0.2841288553249154 0.4459369555991425 0.41910462591098263 0.33282008804274 0.44440489610485306
0 0.406250 0.887695 0.117188 0.089844 0.0 0.09449746053240818 0.15318718949019583 0.05110450079549006 0.1327990193201339 0.4229055022465979 0.20476862083390082 0.4410580329791135 0.26743441562681325 0.7199553417451239 0.6414429164774715 0.7116909853078752 0.7293060908002288
0 0.375000 0.760742 0.101562 0.080078 0.0 0.12708600073317922 0.0 0.2079251141714319 0.0 0.27976374333840454 0.0 0.29299809287247547 0.0 0.7280744635025087 0.0 0.7308797942125352 0.0
0 0.479004 0.723633 0.096680 0.082031 0.0 0.12442469277356952 0.012116102734175837 0.14109604344657967 0.0 0.3547842700027512 0.46373881839752573 0.3511169688819163 0.0 0.467858220067326 0.694950977949052 0.6392871851156365 0.0
0 0.250977 0.954590 0.101562 0.090820 0.0 0.12199545848342985 0.14378592483076041 0.09320257916220248 0.0463892336054963 0.2981999987247434 0.43140621340658086 0.25457164045689434 0.42005345795949034 0.7319674436564437 0.731357878363728 0.7567214354823244 0.7001138009763261
0 0.683594 0.778809 0.083984 0.067383 0.0 0.15257307573884044 0.0 0.22229989599009398 0.0 0.23974486564329978 0.0 0.24413804488446675 0.0 0.721457148561628 0.0 0.7263046299424976 0.0
0 0.290527 0.779785 0.077148 0.079102 0.0 0.1933656234543264 0.0 0.2554528491524231 0.0 0.26167105528764373 0.0 0.24997556970894025 0.0 0.7314812100785295 0.0 0.7600114617145285 0.0
0 0.291992 0.527344 0.070312 0.078125 0.0 0.17419201626244174 0.0 0.14674348887633967 0.0 0.28093973713426895 0.0 0.24869011074671132 0.0 0.31892480685033636 0.0 0.32661197732413394 0.0
0 0.414062 0.961914 0.083984 0.054688 0.0 0.0 0.2704408625723256 0.0 0.2198146663854225 0.0 0.29615269836496433 0.0 0.2870116939942897 0.0 0.7083664750345849 0.0 0.7458149615881127
0 0.220215 0.803711 0.083008 0.087891 0.0 0.18615000296402906 0.0 0.20191251594700796 0.0 0.21502319327155392 0.0 0.23920806196701036 0.0 0.6577317112783814 0.0 0.7462292783343046 0.0
0 0.498535 0.854004 0.071289 0.090820 0.0 0.1594690481398789 0.0 0.14592182024703781 0.0 0.2813747374362411 0.0 0.2661346444237328 0.0 0.7193701463152352 0.0 0.7310240629860036 0.0
0 0.264160 0.649902 0.096680 0.073242 0.0 0.15783075609404898 0.0 0.1843475053398497 0.0 0.27059135664670825 0.0 0.2739202046904701 0.0 0.2975667294247156 0.0 0.40185576973269943 0.0
0 0.803711 0.128906 0.314453 0.255859 0.45093028447359584 0.0 0.0 0.0 0.0 0.0 0.0 0.0 0.0 0.0 0.0 0.0 0.0
0 0.770508 0.847168 0.041016 0.047852 0.0 0.16604793768111223 0.0 0.06069357489392389 0.0 0.1719244170493727 0.0 0.19516236883469182 0.0 0.7415499713889993 0.0 0.7028967368559651 0.0
0 0.514160 0.263672 0.325195 0.310547 0.3655195356412739 0.0 0.0 0.0 0.0 0.0 0.0 0.0 0.0 0.0 0.0 0.0 0.0
0 0.958496 0.976074 0.083008 0.047852 0.0 0.0 0.5241381432623876 0.0 0.0 0.0 0.11436759122316899 0.0 0.0 0.0 0.9702716534967825 0.0 0.0
0 0.083984 0.979004 0.089844 0.041992 0.0 0.3687458756919941 0.0 0.06549387486112689 0.0 0.25628708832553737 0.0 0.2504390587933323 0.0 0.7433330302173266 0.0 0.7637477269725069 0.0
0 0.759277 0.751953 0.081055 0.066406 0.0 0.19516633163018404 0.0 0.24779280091853736 0.0 0.2773468172208633 0.0 0.2976523750020936 0.0 0.7204533384266085 0.0 0.7393996204012271 0.0
0 0.610352 0.671387 0.093750 0.075195 0.0 0.1200729800156012 0.0 0.17024225869122137 0.057761066270589315 0.27846283725015425 0.0 0.26639297356815583 0.2483633639057601 0.692251411452635 0.0 0.7806397713728289 0.7225578639002562
0 0.947754 0.677246 0.104492 0.077148 0.0 0.1638486746888473 0.0 0.15152130446505832 0.02507243208138967 0.3060586354770588 0.0 0.3070580997271206 0.29063458656771474 0.6225013678664834 0.0 0.6538909643620223 0.6426915512434078
0 0.236816 0.165039 0.147461 0.292969 0.0 0.043126206200837375 0.16596622891271484 0.04449115085703612 0.16204571711592486 0.24725610281182694 0.24463024221476665 0.24518826474109956 0.24478347010899543 0.4465060621389861 0.4439519598586042 0.44576844034673113 0.44725013865336527
0 0.825684 0.729004 0.067383 0.090820 0.0 0.257503487505036 0.0 0.10924413938113359 0.0 0.2575447003440935 0.0 0.2776936049767963 0.0 0.7306898947176882 0.0 0.7358127086130998 0.0
0 0.162109 0.965820 0.074219 0.068359 0.0 0.23774550684170367 0.0 0.2160752183111262 0.0 0.21410626202808633 0.0 0.19585333701300633 0.0 0.6097959258634164 0.0 0.5997122420343133 0.0
0 0.722656 0.857910 0.074219 0.051758 0.0 0.2002319944428828 0.0 0.19037708747068147 0.0 0.18781762880243208 0.0 0.19318180223739445 0.0 0.7172969562291641 0.0 0.8061208545454324 0.0
0 0.409668 0.682617 0.067383 0.068359 0.0 0.21239558543456546 0.0 0.21178926037554444 0.0 0.2682529254705518 0.0 0.2745374243157614 0.0 0.3317008274748267 0.0 0.32939611421181275 0.0
0 0.764648 0.603027 0.089844 0.110352 0.0 0.08486375233763864 0.06271897626326729 0.08477793591070715 0.03575240203698485 0.23778814454718333 0.36387018318772046 0.3345370738922954 0.38418906218084176 0.7371007102726621 0.7188868067129309 0.7120087404456974 0.7133396942900452
0 0.429199 0.560547 0.069336 0.068359 0.0 0.221267771140069 0.0 0.1648376920496811 0.0 0.24975671968893978 0.0 0.2561277200054404 0.0 0.30035670991868435 0.0 0.37763569126286145 0.0
0 0.934570 0.552734 0.130859 0.093750 0.0 0.1464905585468055 0.0 0.09278146307900681 0.0056422544182054635 0.25476330159475136 0.0 0.27878264531411995 0.2470923246610985 0.7716118347649579 0.0 0.6903842097514554 0.627748463377254
0 0.045898 0.602051 0.087891 0.059570 0.0 0.13800493058453409 0.0 0.09528778143436635 0.0 0.4062035076633136 0.0 0.4091563628005564 0.0 0.4546812029932373 0.0 0.4419757148741813 0.0
0 0.586914 0.971191 0.042969 0.057617 0.03745030419819407 0.0 0.47357113443021176 0.0 0.0 0.0 0.15311870745229167 0.0 0.0 0.0 0.7376769227381037 0.0 0.0
0 0.637695 0.884277 0.099609 0.067383 0.015403334490313118 0.0 0.0 0.0 0.0 0.0 0.0 0.0 0.0 0.0 0.0 0.0 0.0
0 0.497559 0.583496 0.077148 0.067383 0.0 0.24763319568398975 0.0 0.14963557929199472 0.0 0.2748966055207248 0.0 0.2314700378464803 0.0 0.3676560816306355 0.0 0.30332103225439055 0.0
0 0.539551 0.980469 0.053711 0.039062 0.0 0.0 0.4008561688620339 0.0 0.0 0.0 0.0888742882147491 0.0 0.0 0.0 0.6855182590322921 0.0 0.0
0 0.360840 0.544434 0.065430 0.069336 0.0 0.22181133031444067 0.0 0.1507023648373074 0.0 0.3098824782308777 0.0 0.25226184065544394 0.0 0.33565922566281237 0.0 0.3458991413934067 0.0
0 0.143066 0.837402 0.090820 0.094727 0.0 0.12450857707814536 0.026749609081915437 0.20322438939050708 0.027282525375458 0.3200211627318314 0.19355454202519423 0.3145002982885836 0.2173781799450082 0.7232225236236993 0.724049974379516 0.7222907554402531 0.7351351260198992
0 0.689941 0.646484 0.077148 0.066406 0.0 0.1532774854038847 0.0 0.26529756435821705 0.0 0.2949248430772331 0.0 0.2738543429316628 0.0 0.7331927795935439 0.0 0.7123394733835078 0.0
0 0.800293 0.839355 0.026367 0.049805 0.0 0.21837042233665993 0.0 0.06297971157609814 0.0 0.2062761427576137 0.0 0.2343972390125485 0.0 0.8610166911684822 0.0 0.7290046037214034 0.0
0 0.056641 0.857422 0.093750 0.107422 0.0 0.21361849954346454 0.0 0.15645598308787056 0.0 0.08389247151441544 0.0 0.28364742953505684 0.0 0.728331050942329 0.0 0.730681187489669 0.0
0 0.342285 0.666016 0.067383 0.068359 0.0 0.2045821768994264 0.0 0.21866433253633977 0.0 0.26615249625099285 0.0 0.2715756798442335 0.0 0.32544300815726107 0.0 0.3590533268249437 0.0
0 0.927734 0.304688 0.144531 0.150391 0.0 0.1919931015474411 0.0 0.0 0.0 0.15735155001053994 0.0 0.0 0.0 0.8913479347729311 0.0 0.0 0.0
0 0.382812 0.034668 0.076172 0.067383 0.12017686713146045 0.0 0.0 0.0 0.3333097700050956 0.0 0.0 0.0 0.22240723050570768 0.0 0.0 0.0 0.44389566755673304
0 0.829590 0.829590 0.026367 0.049805 0.0 0.18782484572994917 0.0 0.08187628490513316 0.0 0.22780928402278502 0.0 0.1872650704810766 0.0 0.7433632348316561 0.0 0.7156019511860595 0.0
