0 0.401855 0.622559 0.124023 0.075195 0.0 0.18862783266581087 0.0 0.19661868232846805 0.0 0.30738230739790695 0.0 0.30332095644995444 0.0 0.3579493203461766 0.0 0.35855707563624656 0.0
0 0.445312 0.485352 0.140625 0.166016 0.04983348132994739 0.034246577719618816 0.034328150720416825 0.07073328232119985 0.0923317357421584 0.292531891192681 0.28189692149622486 0.2780903095792216 0.2841288553249154 0.4459369555991425 0.41910462591098263 0.33282008804274 0.44440489610485306
0 0.658691 0.889160 0.127930 0.098633 0.0 0.07884906388616025 0.1278200114860375 0.042641802492797996 0.11080803970178207 0.4229055022465979 0.20476862083390085 0.4410580329791135 0.26743441562681325 0.7199553417451239 0.6414429164774716 0.7116909853078752 0.7293060908002288
0 0.625000 0.760742 0.101562 0.080078 0.0 0.12708600073317922 0.0 0.2079251141714319 0.0 0.27976374333840454 0.0 0.29299809287247547 0.0 0.7280744635025087 0.0 0.7308797942125352 0.0
0 0.500977 0.954590 0.101562 0.090820 0.0 0.12199545848342985 0.14378592483076041 0.09320257916220248 0.0463892336054963 0.2981999987247434 0.43140621340658086 0.25457164045689434 0.42005345795949034 0.7319674436564437 0.731357878363728 0.7567214354823244 0.7001138009763261
0 0.729004 0.723633 0.096680 0.082031 0.0 0.12442469277356952 0.012116102734175837 0.14109604344657967 0.0 0.3547842700027512 0.46373881839752573 0.3511169688819163 0.0 0.467858220067326 0.694950977949052 0.6392871851156365 0.0
0 0.024414 0.516113 0.046875 0.104492 0.04995442986699947 0.21567191274141673 0.0 0.11796079360241643 0.0 0.31662639910210594 0.0 0.32125198935423027 0.0 0.44404825651165236 0.0 0.4446255795144206 0.0
0 0.541504 0.774902 0.084961 0.102539 0.0 0.1354511904197301 0.0 0.17894283324864318 0.0 0.26167105528764373 0.0 0.24997556970894025 0.0 0.7314812100785295 0.0 0.7600114617145285 0.0
0 0.936523 0.786621 0.087891 0.088867 0.0 0.1105456204437459 0.0 0.16106563892615597 0.0 0.23974486564329978 0.0 0.24413804488446675 0.0 0.721457148561628 0.0 0.7263046299424976 0.0
0 0.466309 0.798340 0.081055 0.110352 0.0 0.1518336200740828 0.0 0.1646903451321688 0.0 0.21502319327155392 0.0 0.23920806196701036 0.0 0.6577317112783814 0.0 0.7462292783343046 0.0
0 0.664062 0.961914 0.083984 0.054688 0.0 0.0 0.2704408625723256 0.0 0.2198146663854225 0.0 0.29615269836496433 0.0 0.2870116939942897 0.0 0.7083664750345849 0.0 0.7458149615881127
0 0.547852 0.527344 0.070312 0.078125 0.0 0.17419201626244174 0.0 0.14674348887633967 0.0 0.28093973713426895 0.0 0.24869011074671132 0.0 0.31892480685033636 0.0 0.32661197732413394 0.0
0 0.225586 0.882812 0.076172 0.091797 0.0 0.2634112628534765 0.0 0.22955285735839906 0.0 0.24723887531847882 0.0 0.19213739010284775 0.0 0.712062071576294 0.0 0.7385717255828309 0.0
0 0.746094 0.850098 0.056641 0.083008 0.0 0.21960149448714758 0.0 0.2009458899913062 0.0 0.2813747374362411 0.0 0.2661346444237328 0.0 0.7193701463152352 0.0 0.7310240629860036 0.0
0 0.188477 0.753418 0.101562 0.125977 0.0 0.0 0.14845157850102308 0.0 0.14704886437352224 0.0 0.08090943090245725 0.0 0.07150835782724005 0.0 0.7287700145509487 0.0 0.7210541598089827
0 0.205078 0.560547 0.109375 0.148438 0.0 0.1476662591567454 0.10739264833179957 0.06716733847185517 0.05897410312196891 0.3068620414634539 0.3203632820730224 0.31204228998299965 0.3115448388459318 0.4425749847076806 0.44824376724553633 0.43593917260097076 0.43464364508901543
0 0.512207 0.645996 0.096680 0.071289 0.0 0.16215488639799552 0.0 0.18939812192450312 0.0 0.27059135664670825 0.0 0.2739202046904701 0.0 0.2975667294247156 0.0 0.40185576973269943 0.0
0 0.331055 0.979004 0.089844 0.041992 0.0 0.3687458756919941 0.0 0.06549387486112689 0.0 0.25628708832553737 0.0 0.2504390587933323 0.0 0.7433330302173266 0.0 0.7637477269725069 0.0
0 0.968750 0.855469 0.062500 0.058594 0.0 0.21003501917081566 0.0 0.1996976323781003 0.0 0.18781762880243208 0.0 0.19318180223739445 0.0 0.7172969562291641 0.0 0.8061208545454324 0.0
0 0.479492 0.152344 0.130859 0.298828 0.0 0.047644550309675474 0.18335455491527614 0.049152500581010054 0.17902329005344347 0.24725610281182694 0.24463024221476665 0.24518826474109956 0.2447834701089954 0.4465060621389861 0.4439519598586042 0.44576844034673113 0.4472501386533652
0 0.040527 0.140625 0.079102 0.279297 0.0 0.0 0.32153292809475864 0.02459329263689056 0.0 0.0 0.29710432268662657 0.30186903624536315 0.0 0.0 0.4455752502823076 0.4472044312720451 0.0
0 0.764648 0.272949 0.322266 0.311523 0.36768619461572194 0.0 0.0 0.0 0.0 0.0 0.0 0.0 0.0 0.0 0.0 0.0 0.0
0 0.417969 0.967285 0.074219 0.065430 0.0 0.248390828043571 0.0 0.22575022808625123 0.0 0.21410626202808633 0.0 0.19585333701300636 0.0 0.6097959258634164 0.0 0.5997122420343134 0.0
0 0.296875 0.602051 0.083984 0.061523 0.0 0.1398388831504415 0.0 0.09655406424412537 0.0 0.4062035076633135 0.0 0.4091563628005564 0.0 0.4546812029932373 0.0 0.44197571487418125 0.0
0 0.169434 0.903809 0.043945 0.090820 0.0 0.12458835080795472 0.0 0.12813651122090683 0.0 0.3144574097688174 0.0 0.2992666747833702 0.0 0.7770723706474821 0.0 0.7112682341421628 0.0
0 0.018066 0.951172 0.034180 0.078125 0.0 0.02612932640285347 0.1984200259918408 0.12301465978631108 0.0 0.30800547119961585 0.3320581557980337 0.34211504006379634 0.0 0.6774714892166537 0.7110339295239426 0.7366903120304553 0.0
0 0.659668 0.682617 0.067383 0.068359 0.0 0.21239558543456546 0.0 0.21178926037554444 0.0 0.2682529254705518 0.0 0.2745374243157614 0.0 0.3317008274748267 0.0 0.32939611421181275 0.0
0 0.985352 0.625977 0.029297 0.085938 0.0 0.20463259611633078 0.0 0.18121959119743186 0.0 0.24028032843605615 0.0 0.3145163831077088 0.0 0.7366556096117497 0.0 0.6928031591915114 0.0
0 0.101074 0.522949 0.102539 0.100586 0.0 0.2083257929828257 0.0 0.18651179584273297 0.0 0.3186099918422971 0.0 0.34624261570366144 0.0 0.4418375519502916 0.0 0.44641789704362256 0.0
0 0.398438 0.833496 0.089844 0.110352 0.0 0.10804077278010288 0.023211641355132664 0.17634544215965414 0.023674072856099137 0.3200211627318314 0.19355454202519423 0.3145002982885836 0.2173781799450082 0.7232225236236993 0.724049974379516 0.7222907554402531 0.7351351260198992
0 0.681152 0.560547 0.069336 0.068359 0.0 0.221267771140069 0.0 0.1648376920496811 0.0 0.24975671968893978 0.0 0.2561277200054404 0.0 0.30035670991868435 0.0 0.37763569126286145 0.0
0 0.886230 0.889160 0.102539 0.079102 0.012746463038544821 0.0 0.0 0.0 0.0 0.0 0.0 0.0 0.0 0.0 0.0 0.0 0.0
0 0.787598 0.979492 0.047852 0.041016 0.0 0.0 0.4285148549545552 0.0 0.0 0.0 0.0888742882147491 0.0 0.0 0.0 0.6855182590322921 0.0 0.0
0 0.119629 0.942383 0.069336 0.076172 0.0 0.10248832388729086 0.0 0.16977984986259476 0.02783568315323911 0.345734465169319 0.0 0.28950709288856363 0.3647212229402001 0.7226723151059642 0.0 0.7297506880517409 0.7239352853828753
0 0.315918 0.859863 0.104492 0.104492 0.0 0.19703130012918035 0.0 0.14430737893334905 0.0 0.08389247151441544 0.0 0.28364742953505684 0.0 0.728331050942329 0.0 0.730681187489669 0.0
0 0.613770 0.544434 0.065430 0.069336 0.0 0.22181133031444067 0.0 0.1507023648373074 0.0 0.3098824782308777 0.0 0.25226184065544394 0.0 0.33565922566281237 0.0 0.3458991413934067 0.0
0 0.748047 0.581543 0.076172 0.069336 0.0 0.2437429667160397 0.0 0.14728485784049533 0.0 0.2748966055207248 0.0 0.2314700378464803 0.0 0.3676560816306355 0.0 0.30332103225439055 0.0
0 0.985352 0.756348 0.029297 0.096680 0.0 0.09619524122911678 0.0 0.1510217156560767 0.0 0.29178897233678114 0.0 0.2864803530235299 0.0 0.7348730820203578 0.0 0.738077371668904 0.0
0 0.946777 0.104980 0.106445 0.208008 0.46315727353721253 0.0 0.0 0.0 0.0 0.0 0.0 0.0 0.0 0.0 0.0 0.0 0.0
0 0.628906 0.035156 0.089844 0.068359 0.10043352467414908 0.0 0.0 0.0 0.2785517363614013 0.0 0.0 0.0 0.22240723050570768 0.0 0.0 0.0 0.44389566755673304
0 0.592285 0.661133 0.067383 0.068359 0.0 0.2045821768994264 0.0 0.21866433253633977 0.0 0.26615249625099285 0.0 0.2715756798442335 0.0 0.32544300815726107 0.0 0.3590533268249437 0.0
0 0.062012 0.932617 0.069336 0.076172 0.0 0.07114295813281311 0.03778097806411483 0.19651921137352182 0.0 0.33291420688700435 0.3053781265216229 0.36049230987033515 0.0 0.7231587763568507 0.7529958038178421 0.7207261867743758 0.0
0 0.933105 0.645508 0.071289 0.091797 0.0 0.11999514013256608 0.0 0.20769141878932407 0.0 0.2949248430772331 0.0 0.2738543429316628 0.0 0.7331927795935439 0.0 0.7123394733835078 0.0
0 0.857910 0.676270 0.088867 0.096680 0.0 0.09852141949998047 0.0 0.1396859558492073 0.04739369540150918 0.27846283725015425 0.0 0.26639297356815583 0.2483633639057601 0.692251411452635 0.0 0.7806397713728289 0.7225578639002562
0 0.842285 0.970703 0.055664 0.058594 0.028427189970325097 0.0 0.3594709546727573 0.0 0.0 0.0 0.15311870745229167 0.0 0.0 0.0 0.7376769227381037 0.0 0.0
