0 0.902344 0.097168 0.080078 0.073242 0.0 0.21682635547987245 0.0 0.10119382678707825 0.0 0.27171897415480833 0.0 0.26615679547558085 0.0 0.022225904818933787 0.0 0.020209463484389466 0.0
0 0.440430 0.819336 0.099609 0.089844 0.0 0.03584034367269542 0.11016824436252642 0.1595389628077648 0.0 0.36821647781952876 0.33938993372947224 0.28430668748123844 0.0 0.9881057605931656 0.7895427917456661 0.022696259510035805 0.0
0 0.561035 0.913574 0.071289 0.061523 0.0 0.19941310528841116 0.0 0.2977349795212929 0.0 0.21936239558025905 0.0 0.21431772812699168 0.0 0.07054896195983855 0.0 0.10758503789673139 0.0
0 0.732910 0.740234 0.065430 0.058594 0.0 0.14818749126945732 0.0 0.11870430308950748 0.0 0.2913674358711036 0.0 0.2768917562667081 0.0 0.04822619620494437 0.0 0.038080425774755455 0.0
0 0.378906 0.774414 0.072266 0.064453 0.0 0.1499337954462891 0.0 0.19177764114209386 0.0 0.27458825600452585 0.0 0.2788694320642088 0.0 0.006395120033650494 0.0 0.043396286114785694 0.0
0 0.375488 0.436035 0.067383 0.053711 0.0 0.21858583648387275 0.0 0.27198244411883343 0.0 0.25131471038299363 0.0 0.2740578106151803 0.0 0.05829066671857015 0.0 0.041071745067258 0.0
0 0.694336 0.591797 0.074219 0.072266 0.009316438507920957 0.04645610853584863 0.0 0.14573815234184698 0.12387462940810934 0.3104261153254248 0.0 0.32775000890276573 0.32584238323012765 0.08803382883462187 0.0 0.05467915149572049 0.041003602549154215
0 0.258301 0.688965 0.061523 0.051758 0.0 0.14190476854381634 0.0 0.2560058510729442 0.0 0.25467143029842915 0.0 0.25705896513344845 0.0 0.10314239700616706 0.0 0.08939093176763321 0.0
0 0.806641 0.948730 0.113281 0.079102 0.0 0.0 0.14066287859635043 0.06263366821892738 0.17844275757810354 0.0 0.21542439701471577 0.22553056771736996 0.21140305723985983 0.0 0.04583711001933079 0.046659687967733815 0.06515530323630085
0 0.308594 0.387695 0.072266 0.064453 0.0 0.1829772123306722 0.0 0.26962042413358617 0.0 0.28650722100665243 0.0 0.28424804703423023 0.0 0.04598361742745685 0.0 0.0890419849920363 0.0
0 0.801270 0.186035 0.081055 0.084961 0.0 0.1992651325989978 0.0 0.19430578592871697 0.0 0.27058868805043795 0.0 0.26907862240220964 0.0 0.04674537324739016 0.0 0.04805918037016252 0.0
0 0.645020 0.286621 0.075195 0.061523 0.0 0.22241957890353165 0.0 0.2206779216113898 0.0 0.28078581573375533 0.0 0.33626669503148776 0.0 0.0488350316784602 0.0 0.09119774447607369 0.0
0 0.487793 0.418457 0.090820 0.079102 0.0 0.14964076777784202 0.0 0.19836719564293792 0.0 0.2992059222389157 0.0 0.28122557360919725 0.0 0.04338131535368201 0.0 0.12732868627553337 0.0
0 0.423340 0.498047 0.071289 0.066406 0.0 0.3544233698678947 0.0 0.0969774900666842 0.0 0.19608447589925365 0.0 0.1074150757445524 0.0 0.04278071210569834 0.0 0.07017988636211056 0.0
0 0.684082 0.210938 0.053711 0.050781 0.0 0.18910424562103284 0.0 0.2233682508801405 0.0 0.29504310541751566 0.0 0.27381366712648486 0.0 0.0490550776062208 0.0 0.05219098947207562 0.0
0 0.281738 0.888672 0.081055 0.074219 0.0 0.1689588251214061 0.0 0.12898526248791348 0.0 0.1520679533232745 0.0 0.1552808529708152 0.0 0.06085339459651928 0.0 0.0781602793883533 0.0
0 0.779785 0.796387 0.067383 0.061523 0.0 0.12245270964092937 0.0 0.28777311977205877 0.0 0.27088116636600107 0.0 0.2722918423606087 0.0 0.04132091289955682 0.0 0.04672319536850801 0.0
0 0.429688 0.366699 0.076172 0.077148 0.0 0.1542810296400824 0.0 0.19278982299364364 0.0 0.2770712725811436 0.0 0.2652606763290918 0.0 0.043489839470494396 0.0 0.0994118817539127 0.0
0 0.880371 0.742188 0.063477 0.060547 0.0 0.2874401520983582 0.0 0.15127063176480324 0.0 0.2773434003458079 0.0 0.27470903666104957 0.0 0.05661898087507448 0.0 0.04711251615119889 0.0
0 0.411621 0.245117 0.084961 0.080078 0.0 0.23175827459989168 0.0 0.12310750043822795 0.0 0.3372380437400162 0.0 0.4210110246006144 0.0 0.053558107489524 0.0 0.051112320662033285 0.0
0 0.619629 0.952637 0.073242 0.065430 0.0 0.2309989497561658 0.0 0.3595322039075202 0.0 0.29483881419285596 0.0 0.2730949374325604 0.0 0.03897580539352832 0.0 0.08515166102277855 0.0
0 0.733887 0.124023 0.077148 0.072266 0.0 0.2113515674745003 0.0 0.18967448785297622 0.0 0.26486323775090015 0.0 0.27074544917361054 0.0 0.05142431844731669 0.0 0.05672183340349887 0.0
0 0.540039 0.345215 0.080078 0.079102 0.0 0.1221783079588993 0.0 0.15109369826873115 0.0 0.373226949312633 0.0 0.3598619633189838 0.0 0.04956130846020486 0.0 0.04491683800601215 0.0
0 0.545898 0.467285 0.083984 0.073242 0.0 0.17125823094200424 0.0 0.1394411602051957 0.0 0.2871671922966427 0.0 0.2748963251955555 0.0 0.053306946255544496 0.0 0.04998165094854888 0.0
0 0.609863 0.518555 0.092773 0.082031 0.0 0.09499532572691405 0.06406499270361377 0.09586795527663983 0.0 0.2787849718864592 0.2641403862349399 0.2799727327901568 0.0 0.052506258357342024 0.04404525780446294 0.057996346702623214 0.0
0 0.097168 0.092285 0.063477 0.053711 0.0 0.14917108497544782 0.0 0.26524932501885 0.0 0.27174821272509697 0.0 0.2701086748114981 0.0 0.052032319119933924 0.0 0.05026366187027962 0.0
0 0.809570 0.706055 0.058594 0.060547 0.0 0.18195329358787835 0.0 0.26784106288170223 0.0 0.28405676032245214 0.0 0.26248384666847663 0.0 0.028797836947329278 0.0 0.05038159646994858 0.0
0 0.230957 0.856445 0.077148 0.078125 0.0 0.17697052845619127 0.0 0.19446393385843186 0.0 0.35705533034224074 0.0 0.20545160439894083 0.0 0.07685413725564962 0.0 0.07296478215969715 0.0
0 0.832031 0.037109 0.083984 0.068359 0.0 0.0 0.22789534612849635 0.0 0.15387829513221218 0.0 0.2866851185573417 0.0 0.28127692200250765 0.0 0.9056124534630043 0.0 0.9073293289771411
0 0.753418 0.645996 0.071289 0.061523 0.0 0.196800273190097 0.0 0.15167183545755517 0.0 0.28741568746400603 0.0 0.28611137864488184 0.0 0.05356304040392459 0.0 0.04609739825855349 0.0
0 0.986328 0.354004 0.027344 0.090820 0.0 0.06300066170955101 0.0 0.2086998672806022 0.0 0.2497756753611459 0.0 0.2385911193891902 0.0 0.04246743604273422 0.0 0.0635723613590402 0.0
0 0.369629 0.317383 0.083008 0.076172 0.0 0.16268320995429514 0.0 0.16115923228989043 0.0 0.4610218281766736 0.0 0.4756282398981122 0.0 0.054649723500873645 0.0 0.04897563997479671 0.0
0 0.700195 0.319336 0.062500 0.060547 0.0 0.0967835457562554 0.032339688013459995 0.12309084980293265 0.0 0.3585286602784026 0.37162208172344885 0.3400411493660384 0.0 0.06935713189516667 0.977909778154617 0.05325042770333539 0.0
0 0.584473 0.247559 0.071289 0.061523 0.0 0.14546476587468976 0.0 0.20576789555850938 0.0 0.3088961493552725 0.0 0.268837172381666 0.0 0.04915445685864444 0.0 0.10290757257112533 0.0
0 0.135742 0.275391 0.097656 0.076172 0.0 0.1935732212356949 0.0 0.17520221093305008 0.0 0.3261591944193983 0.0 0.31833658535787784 0.0 0.46679248288383174 0.0 0.4467795935056699 0.0
0 0.740234 0.377930 0.066406 0.068359 0.0 0.0 0.028662401813110725 0.043622163654338714 0.05230309085041695 0.0 0.3600797404398923 0.4194079304349852 0.36279286513836073 0.0 0.046227882699236035 0.026408087829148347 0.05796478364207442
0 0.170898 0.039062 0.082031 0.066406 0.0 0.18233120695334248 0.0 0.21078212164060153 0.0 0.29824294483439306 0.0 0.29400762657169444 0.0 0.04566294004592469 0.0 0.06209992435596708 0.0
0 0.658691 0.448730 0.096680 0.086914 0.0 0.12038617158034005 0.08761201343075697 0.06339373613557028 0.0 0.23860014462668772 0.2222469939091336 0.18106268543622828 0.0 0.05135021089482205 0.05581060015926798 0.017430183620120627 0.0
0 0.956055 0.538086 0.085938 0.083984 0.04089228121655153 0.04938583443069973 0.12972254330646674 0.0 0.15030473359152913 0.28207697125067516 0.24541223754770397 0.0 0.23969709492397584 0.04079536778841973 0.030732001607539916 0.0 0.14100258080353223
0 0.886230 0.632324 0.083008 0.071289 0.0 0.10304819914270427 0.010499749187332682 0.10657011562545209 0.0 0.24014598358437395 0.3080559625473654 0.21638731513914833 0.0 0.10754425671615242 0.7873710075456546 0.04331553810059777 0.0
0 0.607422 0.643066 0.064453 0.053711 0.0 0.1596534522301078 0.0 0.3148904160664422 0.0 0.2600494712764063 0.0 0.23002208280567815 0.0 0.045067954678225816 0.0 0.06717156748767365 0.0
0 0.191895 0.808594 0.073242 0.066406 0.09439906613625028 0.1622349568502662 0.0 0.033929672346854074 0.0 0.19773813247405161 0.0 0.20761244463432907 0.0 0.05336849384906538 0.0 0.05053353023348595 0.0
0 0.477539 0.292480 0.083984 0.075195 0.0 0.1961751527531975 0.0 0.16101372818409682 0.0 0.37935322789419046 0.0 0.3023754929496956 0.0 0.06037994865055123 0.0 0.05158097768820274 0.0
0 0.724609 0.256836 0.056641 0.052734 0.0 0.1291608969707466 0.0 0.16423105879633887 0.0 0.4817691245290805 0.0 0.4708802800467276 0.0 0.05421672402526634 0.0 0.043540478997263675 0.0
0 0.879395 0.476074 0.141602 0.108398 0.0 0.1601311605124643 0.008490315721236341 0.1376040489632452 0.020154738027818773 0.3191812688274961 0.31302962870193823 0.3340904320053829 0.3262239006157515 0.05187469353208824 0.044109385691670396 0.05168798398519969 0.08137806498895182
0 0.961914 0.968750 0.076172 0.062500 0.0 0.14285867987930842 0.0 0.03698656452492651 0.09663516174342479 0.2639347259374425 0.0 0.2391101131681832 0.28049118864201467 0.06115464388441217 0.0 0.02002110204527854 0.06350467418688102
0 0.291016 0.728027 0.052734 0.045898 0.0 0.11764008494019994 0.0 0.29362816948139225 0.0 0.306466272177413 0.0 0.3534015615949819 0.0 0.05134664401825546 0.0 0.08166705029021967 0.0
0 0.079590 0.724609 0.104492 0.083984 0.0 0.13283509913675595 0.02993606556646934 0.13633708244537474 0.03651539755972445 0.40771991206251085 0.36992562636094684 0.19634373435612992 0.37675234880036723 0.07301884441938142 0.0499799926835128 0.08571765603200024 0.113132536846521
0 0.664551 0.975098 0.079102 0.049805 0.0 0.0 0.1844105628333862 0.0 0.07942043661748975 0.0 0.3061963743794093 0.0 0.29509131463248955 0.0 0.869285257561393 0.0 0.8635939847259048
0 0.650879 0.055176 0.108398 0.096680 0.0 0.18222704446552132 0.0 0.20100675508405336 0.0 0.2737869025360203 0.0 0.28666786522731996 0.0 0.05159484550359465 0.0 0.05049194197053958 0.0
0 0.522949 0.181641 0.092773 0.072266 0.0 0.12723534357095787 0.0 0.13981915158365177 0.0 0.29913578465110363 0.0 0.30095295580592396 0.0 0.044356628421664365 0.0 0.045854395306082554 0.0
0 0.665527 0.692871 0.071289 0.055664 0.0 0.10607552042121586 0.0 0.2684937386888115 0.0 0.2793932844740445 0.0 0.2963667162259298 0.0 0.0481168372872334 0.0 0.059242173207233705 0.0
0 0.946289 0.803711 0.089844 0.076172 0.0 0.1543622022994263 0.04097878515109131 0.11520567584474485 0.0 0.1280264128459709 0.4080561990836432 0.38861102017579163 0.0 0.15173080699632682 0.03819474543440214 0.050290375499033264 0.0
0 0.379883 0.650391 0.103516 0.076172 0.0 0.10254606156736801 0.0 0.15547160192094583 0.0 0.12584031367304818 0.0 0.1214032555432884 0.0 0.9816758205085155 0.0 0.9830695408445769 0.0
0 0.330566 0.028809 0.106445 0.055664 0.0 0.05886400818112696 0.0 0.21070274631558572 0.0 0.28068508987224433 0.0 0.29289605358450266 0.0 0.03426293692072417 0.0 0.3546114221684449 0.0
0 0.496582 0.867188 0.094727 0.076172 0.0 0.1174936640126993 0.0 0.26321341755471706 0.0 0.21594002896135028 0.0 0.2916326785617645 0.0 0.11098569295756965 0.0 0.21148891119059637 0.0
0 0.486328 0.548340 0.068359 0.065430 0.0 0.165893433848336 0.0 0.3125665172390021 0.0 0.2853081759832596 0.0 0.28109471712448336 0.0 0.044323274331217515 0.0 0.07633297611240267 0.0
0 0.039551 0.035156 0.067383 0.058594 0.0 0.1694892403638027 0.0 0.22306502667590838 0.029267741082761627 0.2850182118880409 0.0 0.2914360427788465 0.28224101858698053 0.06624664275828045 0.0 0.06714773771656944 0.33805778825388366
0 0.969238 0.045898 0.061523 0.048828 0.0 0.07217797878135804 0.0 0.22760331411322676 0.0 0.2008362283034513 0.0 0.22003808918014794 0.0 0.0572526327025747 0.0 0.04722711154727348 0.0
0 0.547363 0.594727 0.067383 0.062500 0.0 0.12582580425089915 0.0 0.17242414430811492 0.0 0.2671139893609973 0.0 0.26421921887605887 0.0 0.041938475837012136 0.0 0.08325744009401972 0.0
0 0.304199 0.266602 0.079102 0.070312 0.0 0.07252585319539494 0.0 0.16546625677424026 0.0 0.35169391623660223 0.0 0.3340465030632066 0.0 0.06785096134669273 0.0 0.045877162603315785 0.0
0 0.323730 0.929688 0.084961 0.083984 0.0 0.11352005101412152 0.014060437052068534 0.039951403891703485 0.08781290171093206 0.32659227680711433 0.3966459148217095 0.18411157224256627 0.23133013157106375 0.07734868314449828 0.09040892339996781 0.9938147944468413 0.1904846727152825
0 0.247070 0.346680 0.062500 0.056641 0.0 0.12644958902626605 0.0 0.2237768040009777 0.0 0.2863135096198545 0.0 0.2741261802152762 0.0 0.042063392407832606 0.0 0.050179422870516216 0.0
0 0.113770 0.583008 0.092773 0.076172 0.0 0.12520986570412102 0.0 0.168813837242534 0.0 0.28112836795089535 0.0 0.29272408091367197 0.0 0.14887408587369752 0.0 0.11689762137508998 0.0
0 0.043945 0.267578 0.085938 0.072266 0.0 0.1786564467850495 0.0 0.21125021428669824 0.0 0.31807405218608337 0.0 0.3100465451854116 0.0 0.45224068896612885 0.0 0.44801107661302364 0.0
0 0.344238 0.193848 0.108398 0.086914 0.0 0.18118734526124897 0.0 0.13729636499994927 0.0 0.3057150184675279 0.0 0.2723850461381827 0.0 0.1977548217949105 0.0 0.04777671410248716 0.0
0 0.610352 0.139160 0.060547 0.049805 0.0 0.19227887657106515 0.0 0.143667630834431 0.0 0.3331757806860466 0.0 0.2584275931165997 0.0 0.03580048839388483 0.0 0.07000169431576385 0.0
0 0.138672 0.776367 0.062500 0.052734 0.0 0.24093571104879255 0.0 0.06194725548480063 0.041584195078764825 0.2940587357424114 0.0 0.32860725727586865 0.21793829461389613 0.03799024704179088 0.0 0.0016111619384076904 0.9755527759989566
0 0.640625 0.171875 0.062500 0.046875 0.0 0.14526564818304755 0.0 0.20426500011261697 0.0 0.40801674178426417 0.0 0.3797784191775505 0.0 0.07321847234298345 0.0 0.051484747911896354 0.0
0 0.115234 0.016113 0.058594 0.030273 0.0 0.06492916802700018 0.0 0.3228241788661531 0.0 0.3001718046551374 0.0 0.2800287000820281 0.0 0.09615037029832034 0.0 0.04952387649217624 0.0
0 0.433105 0.109375 0.098633 0.076172 0.0 0.10451534473852157 0.0 0.1119321342010183 0.007530441394953121 0.29581373522898396 0.0 0.25883712657443114 0.2663411414102632 0.28435427821273185 0.0 0.04576833492254037 0.025774709211730674
0 0.936035 0.148438 0.055664 0.068359 0.0 0.1435386241547391 0.0 0.16241521272449658 0.0 0.17857370795966332 0.0 0.1610749234185053 0.0 0.07901691665633419 0.0 0.18603431397377473 0.0
0 0.834473 0.851562 0.065430 0.058594 0.0 0.3363193545538413 0.0 0.2587264499432614 0.0 0.28765103389966773 0.0 0.26117001987378846 0.0 0.010594092662402075 0.0 0.05616190967353955 0.0
0 0.342285 0.738281 0.067383 0.056641 0.0 0.0 0.09784175511845952 0.15755399031941847 0.0 0.0 0.19792117553360192 0.31364166583122016 0.0 0.0 0.9704376270936137 0.02314371275182686 0.0
0 0.199707 0.299805 0.059570 0.060547 0.0 0.14834987389091459 0.0 0.0841058073450396 0.0 0.36679661118793755 0.0 0.39490665166003547 0.0 0.06931569541420196 0.0 0.05777611104738582 0.0
0 0.171875 0.150879 0.087891 0.067383 0.0 0.0744576836617574 0.0 0.2531815303278799 0.0 0.2790296080661525 0.0 0.27367396928565846 0.0 0.05092730834871209 0.0 0.44970320534056435 0.0
0 0.891602 0.894531 0.056641 0.060547 0.0 0.16928650562133116 0.17985461922244625 0.10682626981495723 0.0 0.23991938964226997 0.2772569762729419 0.2834494297695176 0.0 0.038186121688988724 0.05541262780362912 0.027156372998218596 0.0
0 0.579590 0.014160 0.063477 0.026367 0.0 0.0 0.0 0.2970038990933427 0.0 0.0 0.0 0.2988208366785836 0.0 0.0 0.0 0.43564401441032813 0.0
0 0.980469 0.181152 0.039062 0.059570 0.0 0.12265606977895323 0.0 0.24248119776296673 0.0 0.27915976039644347 0.0 0.2771378657866191 0.0 0.10899074648299047 0.0 0.10298923127720216 0.0
0 0.921875 0.014160 0.052734 0.026367 0.0 0.0 0.0 0.0 0.3396686536955002 0.0 0.0 0.0 0.33508243819572414 0.0 0.0 0.0 0.9015083648086457
0 0.233887 0.094238 0.077148 0.055664 0.0 0.1749199879917297 0.0553822957566913 0.07539602200044297 0.13421797273722696 0.2845745862840602 0.26243640194955126 0.25054802602884074 0.27798526136320467 0.023264321245748062 0.3086958687490424 0.8572970334846332 0.9774084625054585
0 0.591309 0.392578 0.065430 0.066406 0.0 0.17845167496627434 0.0 0.1171432059089354 0.0 0.45407503403389826 0.0 0.4446411607887729 0.0 0.047730628035164493 0.0 0.05246582272868252 0.0
0 0.025391 0.672852 0.048828 0.070312 0.0 0.08837033149364912 0.0 0.06404240929403439 0.0 0.342216209966208 0.0 0.3204543859401731 0.0 0.09861337445852235 0.0 0.06019399801357016 0.0
0 0.941406 0.284180 0.099609 0.095703 0.03634383481665156 0.22393725421464422 0.0 0.12617252051283034 0.0 0.27698897315322885 0.0 0.29995126693792035 0.0 0.05343063660244825 0.0 0.04539689584322859 0.0
0 0.491211 0.064453 0.093750 0.072266 0.0 0.18373998236807618 0.0 0.09629370990903026 0.0 0.27841199300605596 0.0 0.28088153180076064 0.0 0.35592098426614394 0.0 0.0503715788591658 0.0
0 0.827637 0.595703 0.049805 0.050781 0.0 0.11334788285134792 0.0 0.18645203379300224 0.0 0.29874736425417875 0.0 0.25973547552852727 0.0 0.03107756436480255 0.0 0.04615067373407934 0.0
0 0.196777 0.640137 0.102539 0.079102 0.0 0.09002004003350833 0.0 0.10884414705522232 0.0 0.28045568581862856 0.0 0.2923180952923603 0.0 0.08994248725268655 0.0 0.1184609757851149 0.0
0 0.803223 0.575684 0.059570 0.065430 0.0 0.06975150751496571 0.08632374047498104 0.12755263136152659 0.0 0.2670002358443512 0.30827252397081645 0.24585675860896675 0.0 0.064207358988454 0.8000131944079082 0.06002627892395114 0.0
0 0.895020 0.248535 0.055664 0.067383 0.0 0.14465313577311073 0.0 0.0831687344296605 0.0 0.2763930583890875 0.0 0.2876120971850369 0.0 0.0045249762934056375 0.0 0.07392571388492715 0.0
0 0.980957 0.739258 0.038086 0.082031 0.0 0.17181005759430984 0.05746032227868489 0.08391106414879954 0.08897510715330609 0.341685824109325 0.3762397819092689 0.335488048384806 0.3932460882745584 0.04592613000194253 0.0560051846596227 0.03884738012755709 0.019701760347699823
0 0.854004 0.228027 0.059570 0.053711 0.0 0.13254790175339395 0.09829361122834612 0.05939678183090511 0.02467890584212566 0.29835746781794786 0.1469723429872629 0.297954987128004 0.16666115252429625 0.06554398906353008 0.49645516619176844 0.057044066550342144 0.08963864755314685
0 0.043457 0.166992 0.084961 0.068359 0.0 0.08116107769017064 0.0 0.10056938517424094 0.0 0.3891977250053701 0.0 0.39321634253952065 0.0 0.09136665758562496 0.0 0.42805015232762444 0.0
0 0.374512 0.956055 0.071289 0.058594 0.0 0.16675659098961085 0.0 0.14782561417081286 0.0 0.2986330636119627 0.0 0.2882241743916882 0.0 0.0761718393030607 0.0 0.07604413500150176 0.0
0 0.433105 0.978027 0.075195 0.041992 0.08736630581570842 0.3153825597953063 0.0 0.05395753049418389 0.0 0.354781113195316 0.0 0.18472979439632004 0.0 0.07205520839930328 0.0 0.06691308277308426 0.0
0 0.938965 0.686523 0.079102 0.062500 0.0 0.2040894153072575 0.0 0.20320740109776098 0.0 0.2664362917796256 0.0 0.2747917667337061 0.0 0.05904388775790592 0.0 0.05453526217720568 0.0
0 0.748047 0.531250 0.074219 0.072266 0.0 0.11738208497420714 0.0 0.13404131267466957 0.106833693380156 0.34522725933746923 0.0 0.354458125114056 0.3232843677700667 0.03443532330627619 0.0 0.033480217477761205 0.038193662724611006
0 0.470215 0.144531 0.065430 0.048828 0.0 0.11554586726531917 0.0 0.14605490709970262 0.0 0.30244568232706026 0.0 0.30325790541065956 0.0 0.05664330393761882 0.0 0.052649826402318925 0.0
0 0.555664 0.108398 0.048828 0.046875 0.0 0.2034743112879179 0.0 0.20997127442863764 0.0 0.406393898696272 0.0 0.39522052883059006 0.0 0.049623045781202774 0.0 0.04191094764328006 0.0
0 0.783691 0.305176 0.075195 0.061523 0.0 0.0949811075055021 0.030119932655860375 0.1314150978726866 0.0 0.3490854264368329 0.3434206913855561 0.3352076487874411 0.0 0.05158737024100301 0.037686920869612096 0.05789267960922062 0.0
0 0.268066 0.216797 0.065430 0.058594 0.0 0.0 0.0 0.062472885113745255 0.21494391432169674 0.0 0.0 0.2589253339069297 0.20547624991171856 0.0 0.0 0.04958773168546632 0.0006361220805078776
