0 0.516602 0.204102 0.089844 0.082031 0.0 0.1514090205238353 0.0 0.13585479414662988 0.0 0.24471404523003187 0.0 0.25558875777767776 0.0 0.07127133035555815 0.0 0.0470759366936439 0.0
0 0.385254 0.525391 0.098633 0.076172 0.0 0.19165665468880683 0.0 0.17346753557727732 0.0 0.3261591944193983 0.0 0.31833658535787784 0.0 0.46679248288383174 0.0 0.4467795935056699 0.0
0 0.293945 0.517578 0.085938 0.070312 0.0 0.18361912586241197 0.0 0.21711827579466206 0.0 0.31807405218608337 0.0 0.3100465451854116 0.0 0.45224068896612885 0.0 0.44801107661302364 0.0
0 0.625488 0.690918 0.081055 0.079102 0.0 0.12338736419103037 0.0 0.15352868889349588 0.0 0.2513147103829936 0.0 0.2740578106151803 0.0 0.05829066671857015 0.0 0.041071745067258 0.0
0 0.563965 0.640625 0.084961 0.076172 0.0 0.13169182213719466 0.0 0.1940504201987083 0.0 0.28650722100665243 0.0 0.28424804703423023 0.0 0.04598361742745685 0.0 0.0890419849920363 0.0
0 0.207031 0.512207 0.091797 0.071289 0.0 0.17397877554557162 0.0 0.2050846017180177 0.0 0.31242285164444367 0.0 0.29717154035288534 0.0 0.45023936764832434 0.0 0.454981815897957 0.0
0 0.355469 0.343262 0.082031 0.077148 0.0 0.08036266256588696 0.0 0.14289727802025148 0.0 0.27174821272509697 0.0 0.2701086748114981 0.0 0.052032319119933924 0.0 0.05026366187027962 0.0
0 0.058594 0.665527 0.082031 0.081055 0.0 0.23808066064007025 0.0 0.26568905166236506 0.0 0.343163294742846 0.0 0.33658962797334985 0.0 0.23154357273212967 0.0 0.28316301906594077 0.0
0 0.425293 0.290527 0.088867 0.079102 0.0 0.1412936988356386 0.0 0.16334113129983935 0.0 0.29824294483439306 0.0 0.29400762657169444 0.0 0.04566294004592469 0.0 0.06209992435596708 0.0
0 0.505859 0.939453 0.068359 0.054688 0.0 0.12087245463464358 0.0 0.21806212671749003 0.0 0.25467143029842915 0.0 0.25705896513344845 0.0 0.10314239700616706 0.0 0.08939093176763321 0.0
0 0.900879 0.531250 0.069336 0.062500 0.0 0.23744660591131866 0.0 0.23558727943152555 0.0 0.28078581573375533 0.0 0.33626669503148776 0.0 0.0488350316784602 0.0 0.09119774447607369 0.0
0 0.581543 0.259766 0.098633 0.093750 0.0 0.0914586448046518 0.0 0.15498916693694623 0.0 0.28743438611149313 0.0 0.2884098755155411 0.0 0.04258666078924638 0.0 0.24936463461903663 0.0
0 0.672363 0.751953 0.071289 0.068359 0.0 0.34429698787166907 0.0 0.0942067046362075 0.0 0.19608447589925368 0.0 0.1074150757445524 0.0 0.04278071210569834 0.0 0.07017988636211056 0.0
0 0.729980 0.671875 0.067383 0.066406 0.0 0.08790582696627905 0.0 0.14000098835380415 0.0 0.27788793430199427 0.0 0.2844874776838556 0.0 0.061231286662046795 0.0 0.04453025093705436 0.0
0 0.364746 0.240234 0.088867 0.082031 0.0 0.14077535776792277 0.0 0.0628420988015603 0.0 0.2921092944800111 0.0 0.29778880216412007 0.0 0.04790938926394191 0.0 0.05908412461800583 0.0
0 0.937988 0.461914 0.063477 0.050781 0.0 0.1600112847562586 0.0 0.18900390459088814 0.0 0.29504310541751566 0.0 0.27381366712648486 0.0 0.0490550776062208 0.0 0.05219098947207562 0.0
0 0.224121 0.732422 0.112305 0.089844 0.3881351693526019 0.0 0.0 0.0 0.0 0.0 0.0 0.0 0.0 0.0 0.0 0.0 0.0
0 0.681152 0.615723 0.063477 0.067383 0.0 0.21196871898376535 0.0 0.2648764524608321 0.0 0.2770712725811436 0.0 0.2652606763290918 0.0 0.043489839470494396 0.0 0.0994118817539127 0.0
0 0.664551 0.486328 0.071289 0.072266 0.0 0.3060650742309566 0.0 0.16257847244100668 0.0 0.3372380437400162 0.0 0.4210110246006145 0.0 0.053558107489524 0.0 0.05111232066203329 0.0
0 0.230469 0.899902 0.115234 0.104492 0.0 0.1491420069259957 0.0 0.1597860470064314 0.0 0.3372722750303063 0.0 0.3126734652255785 0.0 0.07565039230542563 0.0 0.07840477065523682 0.0
0 0.788574 0.597656 0.063477 0.060547 0.0 0.20136682914714865 0.0 0.24902341039724868 0.0 0.373226949312633 0.0 0.3598619633189838 0.0 0.04956130846020486 0.0 0.04491683800601215 0.0
0 0.619629 0.567383 0.083008 0.076172 0.0 0.16268320995429514 0.0 0.16115923228989043 0.0 0.4610218281766736 0.0 0.4756282398981122 0.0 0.054649723500873645 0.0 0.04897563997479671 0.0
0 0.799316 0.718750 0.067383 0.058594 0.0 0.2668153598009486 0.0 0.21724528582693534 0.0 0.2871671922966427 0.0 0.2748963251955555 0.0 0.053306946255544496 0.0 0.04998165094854888 0.0
0 0.122070 0.505371 0.087891 0.081055 0.09869065900438755 0.0966792393744301 0.0 0.09111569147749857 0.0 0.23724190551443572 0.0 0.23332334034639027 0.0 0.467335407031857 0.0 0.4456450990845307 0.0
0 0.828613 0.242188 0.090820 0.068359 0.0 0.13170488765664753 0.0 0.1970370103310116 0.0 0.31141525437731454 0.0 0.29920716476857423 0.0 0.9139288437329562 0.0 0.589009278518815 0.0
0 0.135254 0.689453 0.083008 0.085938 0.0 0.18346973424385582 0.0 0.20938166633233818 0.0 0.28438991239555533 0.0 0.3211751443990792 0.0 0.28944793495025206 0.0 0.28074998912316634 0.0
0 0.861328 0.761230 0.091797 0.059570 0.0 0.1322048655913453 0.08915916319756502 0.13341930294865467 0.0 0.2787849718864592 0.2641403862349399 0.2799727327901568 0.0 0.052506258357342024 0.04404525780446294 0.057996346702623214 0.0
0 0.048828 0.202637 0.095703 0.170898 0.09726883681234677 0.0 0.13370115607642788 0.0 0.10463819649899453 0.0 0.28214519890663103 0.0 0.28626279291936224 0.0 0.4897028049734765 0.0 0.4875247910270329
0 0.833008 0.473633 0.068359 0.058594 0.0 0.19799815448951472 0.0 0.13899168886898136 0.0 0.30780979621454774 0.0 0.2952721190005302 0.0 0.0453087188464688 0.0 0.052022815036511676 0.0
0 0.332031 0.959961 0.128906 0.080078 0.0 0.10934566886971196 0.028292376100618084 0.08256506361989166 0.028907434664984275 0.3982327009280063 0.36972103664423944 0.1972659312703611 0.37348734319161253 0.07689036341479931 0.062053422406880214 0.08795082432663119 0.11491278199162278
0 0.909180 0.693848 0.080078 0.071289 0.0 0.17720056094125897 0.12895914639799527 0.09331142818084025 0.0 0.23860014462668772 0.2222469939091336 0.18106268543622828 0.0 0.05135021089482205 0.05581060015926798 0.017430183620120627 0.0
0 0.293457 0.290527 0.094727 0.075195 0.0 0.09394637235321238 0.0 0.12364295226111403 0.016222847514075933 0.2850182118880409 0.0 0.2914360427788465 0.28224101858698053 0.06624664275828045 0.0 0.06714773771656944 0.33805778825388366
0 0.911133 0.943359 0.076172 0.070312 0.0 0.07859334766251408 0.0 0.19893205959475507 0.0 0.2793932844740445 0.0 0.2963667162259298 0.0 0.0481168372872334 0.0 0.059242173207233705 0.0
0 0.304199 0.195801 0.088867 0.084961 0.0 0.10424710536525891 0.0 0.09899070713134141 0.06342593785393251 0.2866962773282474 0.0 0.2764624361941822 0.3016067480921759 0.047753623005370276 0.0 0.2854855988099848 0.3142852389566634
0 0.364746 0.836914 0.106445 0.089844 0.0 0.09252145042556209 0.0 0.12474177642273401 0.0 0.28112836795089535 0.0 0.29272408091367197 0.0 0.14887408587369752 0.0 0.11689762137508998 0.0
0 0.723145 0.540039 0.069336 0.054688 0.0 0.32672833539529017 0.0 0.26816723039111895 0.0 0.37935322789419046 0.0 0.3023754929496956 0.0 0.06037994865055123 0.0 0.05158097768820274 0.0
0 0.953613 0.572754 0.073242 0.073242 0.0 0.06827326392192383 0.022813134584428317 0.08683102080320655 0.0 0.3585286602784026 0.37162208172344885 0.3400411493660384 0.0 0.06935713189516667 0.977909778154617 0.05325042770333539 0.0
0 0.846680 0.895996 0.074219 0.073242 0.0 0.10167404063075286 0.0 0.20053547549494477 0.0 0.2600494712764063 0.0 0.23002208280567815 0.0 0.045067954678225816 0.0 0.06717156748767365 0.0
0 0.966797 0.371582 0.066406 0.090820 0.0 0.0 0.18802321124208446 0.18822325495036898 0.0 0.0 0.32400887594323186 0.2653982872769615 0.0 0.0 0.976263892292121 0.049686283212441 0.0
0 0.449707 0.156738 0.094727 0.081055 0.0 0.12161871680594433 0.0 0.12756468241713542 0.0 0.28141173709741735 0.0 0.27606406803825473 0.0 0.05305157307157684 0.0 0.04540618311454807 0.0
0 0.981445 0.630371 0.037109 0.071289 0.0 0.0 0.04918278032819288 0.07485273936360932 0.08974863462436361 0.0 0.3600797404398923 0.4194079304349852 0.36279286513836073 0.0 0.046227882699236035 0.026408087829148347 0.05796478364207442
0 0.450684 0.888672 0.098633 0.080078 0.0 0.0780495997605142 0.0 0.0759028492210034 0.0 0.2810730501812263 0.0 0.290084753463124 0.0 0.1272817274618169 0.0 0.12141009968674502 0.0
0 0.770508 0.431152 0.078125 0.061523 0.0 0.1774731081952051 0.0 0.1950255229430698 0.0 0.29913578465110363 0.0 0.30095295580592396 0.0 0.044356628421664365 0.0 0.045854395306082554 0.0
0 0.646973 0.219727 0.096680 0.083984 0.0 0.09023288411261678 0.0 0.1013813497414734 0.0 0.3145323071355818 0.0 0.3404093087495759 0.0 0.046113466912677835 0.0 0.3862483812099477 0.0
0 0.543945 0.971191 0.064453 0.053711 0.0 0.0822508362474456 0.0 0.2052970507283123 0.0 0.306466272177413 0.0 0.3534015615949819 0.0 0.05134664401825546 0.0 0.08166705029021967 0.0
0 0.740723 0.794434 0.077148 0.077148 0.0 0.12466595173028296 0.0 0.23488815347715428 0.0 0.2853081759832596 0.0 0.28109471712448336 0.0 0.044323274331217515 0.0 0.07633297611240267 0.0
0 0.554199 0.514648 0.071289 0.062500 0.0 0.12485953621991555 0.0 0.22159430026512197 0.0 0.33183152170291597 0.0 0.34047915983050053 0.0 0.056231403808036554 0.0 0.04766970780549021 0.0
0 0.938477 0.839844 0.072266 0.080078 0.008634747885390155 0.043056881082006046 0.0 0.1350743850973216 0.11481063213434523 0.3104261153254248 0.0 0.32775000890276573 0.32584238323012765 0.08803382883462187 0.0 0.05467915149572049 0.041003602549154215
0 0.502441 0.589355 0.073242 0.067383 0.0 0.09070161825420284 0.0 0.1605139123578028 0.0 0.2863135096198545 0.0 0.2741261802152762 0.0 0.042063392407832606 0.0 0.050179422870516216 0.0
0 0.767578 0.070801 0.119141 0.114258 0.0 0.08857773425404487 0.0 0.11337369247074185 0.0 0.18261007989548542 0.0 0.19290528639537893 0.0 0.3440820631652904 0.0 0.346916232451812 0.0
0 0.803223 0.840332 0.081055 0.067383 0.0 0.0970223068922596 0.0 0.13295355705685968 0.0 0.2671139893609973 0.0 0.2642192188760589 0.0 0.041938475837012136 0.0 0.08325744009401974 0.0
0 0.174805 0.224121 0.080078 0.045898 0.0 0.0 0.09879901489464783 0.0 0.15077555765870784 0.0 0.21174766992859884 0.0 0.17831474256233013 0.0 0.31829695182884293 0.0 0.3488068364056867
0 0.678711 0.349121 0.072266 0.061523 0.0 0.17661344612828678 0.0 0.18914657941562038 0.012725186038061066 0.29581373522898396 0.0 0.25883712657443114 0.2663411414102632 0.28435427821273185 0.0 0.04576833492254037 0.025774709211730674
0 0.964844 0.978516 0.070312 0.042969 0.0 0.12084010524697032 0.0 0.1344249732193722 0.0 0.2913953441212799 0.0 0.2764023496340044 0.0 0.05305969340759004 0.0 0.04362061988352524 0.0
0 0.586426 0.444824 0.092773 0.086914 0.0 0.21170310867366982 0.0 0.1604199633157302 0.0 0.3057150184675279 0.0 0.2723850461381827 0.0 0.1977548217949105 0.0 0.04777671410248716 0.0
0 0.454590 0.544922 0.071289 0.070312 0.0 0.10674642752196327 0.0 0.06051905695946342 0.0 0.36679661118793755 0.0 0.39490665166003547 0.0 0.06931569541420196 0.0 0.05777611104738582 0.0
0 0.151367 0.838379 0.056641 0.086914 0.0 0.09937391684127056 0.0 0.07535225903558265 0.0 0.2669781506399101 0.0 0.270064058863542 0.0 0.29275258442471835 0.0 0.2599550228491176 0.0
0 0.156738 0.294922 0.090820 0.091797 0.0 0.0 0.17901449345611015 0.0 0.16913128883793238 0.0 0.3648218715156158 0.0 0.316283122803693 0.0 0.3206699492739827 0.0 0.3230339523735419
0 0.382812 0.091309 0.162109 0.086914 0.0 0.1155911368756089 0.0 0.09487530404534927 0.010713055590799436 0.24050242566448832 0.0 0.2801253705372928 0.18349198213335183 0.24140375348149803 0.0 0.051085409518423025 0.07450203766050928
0 0.850098 0.386719 0.059570 0.046875 0.0 0.20764542613309706 0.0 0.15514926526587122 0.0 0.3331757806860466 0.0 0.2584275931165997 0.0 0.03580048839388483 0.0 0.07000169431576385 0.0
0 0.905273 0.300781 0.109375 0.101562 0.0 0.1719173241441976 0.0 0.189634549417811 0.0 0.2737869025360203 0.0 0.28666786522731996 0.0 0.05159484550359465 0.0 0.05049194197053958 0.0
0 0.060059 0.817871 0.118164 0.114258 0.0 0.1263113776700585 0.00997722888502977 0.1428265506748795 0.010238266900092838 0.21711492768542753 0.4541575624319125 0.16364445704173722 0.44642071138982187 0.2315579340484653 0.22393833541784486 0.19429737183541934 0.32661580209068775
0 0.278809 0.390625 0.135742 0.089844 0.0 0.08176700378658495 0.0 0.10875143367451078 0.0626379787206765 0.3464867295486016 0.0 0.348719829255013 0.3168055407536373 0.08996866964450495 0.0 0.41722536496702484 0.3457610273818056
0 0.972656 0.500977 0.054688 0.048828 0.0 0.14447568904013514 0.0 0.1837041700536191 0.0 0.4817691245290805 0.0 0.4708802800467276 0.0 0.054216724025266345 0.0 0.043540478997263675 0.0
0 0.059082 0.347656 0.116211 0.078125 0.0 0.23311640308278717 0.0 0.16350479992569486 0.0 0.18072795347695356 0.0 0.16084313843507983 0.0 0.5028609663978812 0.0 0.4360924724023423 0.0
0 0.421387 0.395020 0.096680 0.083008 0.0 0.05494738152578887 0.0 0.18683984591041403 0.0 0.2790296080661525 0.0 0.27367396928565846 0.0 0.05092730834871209 0.0 0.4497032053405643 0.0
0 0.984863 0.894531 0.030273 0.076172 0.0 0.30100914664310907 0.0 0.3242962575044489 0.0 0.287524819397921 0.0 0.3014832665843614 0.0 0.05627542235982285 0.0 0.03322640956486267 0.0
0 0.185547 0.161621 0.091797 0.083008 0.0 0.0 0.15400931146270072 0.0 0.16614297680592457 0.0 0.34065534824104393 0.0 0.3117536355427969 0.0 0.31873101035059725 0.0 0.36160557074285365
0 0.033691 0.500000 0.065430 0.068359 0.054566211113357924 0.14336594862171362 0.0 0.11621603467860007 0.0 0.23302476411804715 0.0 0.23846898104026235 0.0 0.45303633011344446 0.0 0.4556049568232342 0.0
0 0.879883 0.044434 0.144531 0.086914 0.04803786146401568 0.09140846423945896 0.0 0.08473355264359916 0.0 0.19130575880364226 0.0 0.20349142524999325 0.0 0.9069121076066977 0.0 0.9267794593869072 0.0
0 0.650391 0.037109 0.128906 0.072266 0.0 0.1659435561588225 0.0 0.17734571516234957 0.0 0.14036247601053814 0.0 0.13031525101046487 0.0 0.3514882649553076 0.0 0.3437879299209555 0.0
0 0.485840 0.342773 0.083008 0.080078 0.0 0.11300784876997971 0.035779982466625664 0.048709940755809845 0.08671212786739353 0.2845745862840602 0.26243640194955126 0.25054802602884074 0.27798526136320467 0.023264321245748062 0.3086958687490424 0.8572970334846332 0.9774084625054585
0 0.227051 0.036621 0.071289 0.071289 0.0 0.0 0.11847360630860353 0.0 0.1794142460192807 0.0 0.3052009732839597 0.0 0.2688291636325711 0.0 0.586751845331886 0.0 0.5938910459966452
0 0.974609 0.124023 0.050781 0.078125 0.0 0.15135211505997712 0.0 0.11775567112336888 0.0 0.37725254841906275 0.0 0.34217767223172924 0.0 0.9181110444527459 0.0 0.966152793926757 0.0
0 0.890137 0.434082 0.057617 0.040039 0.0 0.1844795664399843 0.0 0.25940557269365827 0.0 0.4080167417842641 0.0 0.3797784191775505 0.0 0.07321847234298344 0.0 0.051484747911896354 0.0
0 0.844727 0.646484 0.056641 0.054688 0.0 0.250315834712545 0.0 0.1643178713427062 0.0 0.45407503403389826 0.0 0.4446411607887729 0.0 0.047730628035164493 0.0 0.052465822728682526 0.0
0 0.516113 0.119141 0.108398 0.064453 0.0 0.12242827151215603 0.0 0.12257890068665131 0.0 0.2890324519392352 0.0 0.25790743932966365 0.0 0.22118772510845278 0.0 0.1688287177684013 0.0
0 0.635254 0.888672 0.086914 0.072266 0.0 0.1287353229637107 0.0 0.19517752880084727 0.0 0.12584031367304818 0.0 0.1214032555432884 0.0 0.9816758205085155 0.0 0.9830695408445769 0.0
0 0.747070 0.311035 0.082031 0.067383 0.0 0.22520511296459855 0.0 0.11802458854274517 0.0 0.27841199300605596 0.0 0.28088153180076064 0.0 0.35592098426614394 0.0 0.0503715788591658 0.0
0 0.518066 0.474121 0.067383 0.055664 0.0 0.0 0.0 0.06385481773639867 0.21969858519532698 0.0 0.0 0.2589253339069296 0.20547624991171856 0.0 0.0 0.049587731685466305 0.0006361220805078776
0 0.012695 0.652832 0.023438 0.081055 0.0 0.15598717491320854 0.0 0.13169031996850614 0.0 0.3190151972387648 0.0 0.31977084386870885 0.0 0.27549004020741896 0.0 0.2752294507810079 0.0
0 0.130859 0.093750 0.205078 0.048828 0.0 0.11085226688040029 0.009389631410636432 0.3023840064058923 0.0 0.30900525623325836 0.31204962489703075 0.29344663954289146 0.0 0.4414289290528798 0.31111586169022115 0.44396707338744046 0.0
0 0.584961 0.165039 0.078125 0.050781 0.0 0.1271892282445435 0.0 0.1444178746680556 0.0 0.27403753304542966 0.0 0.2703955632989928 0.0 0.045505580076546676 0.0 0.051791347514639104 0.0
0 0.889648 0.195801 0.074219 0.071289 0.1161507511795285 0.0 0.0475631748377595 0.0 0.0 0.0 0.13173548574184643 0.0 0.0 0.0 0.8695506863016388 0.0 0.0
0 0.810059 0.350586 0.057617 0.046875 0.0 0.17243585702365924 0.0 0.17794175799037087 0.0 0.406393898696272 0.0 0.39522052883059006 0.0 0.049623045781202774 0.0 0.04191094764328006 0.0
0 0.726074 0.390625 0.057617 0.046875 0.0 0.13668031615071302 0.0 0.1727697523954816 0.0 0.30244568232706026 0.0 0.30325790541065956 0.0 0.05664330393761882 0.0 0.052649826402318925 0.0
0 0.974121 0.772461 0.051758 0.074219 0.0 0.04422431992311118 0.0 0.09496207805126256 0.13500086848771747 0.33559464264861516 0.0 0.35212890574239525 0.32016147899696706 0.04396002210385896 0.0 0.04258774349903768 0.04001975174470924
