0 0.546224 0.890137 0.170573 0.100586 0.0 0.07731801410196297 0.12533806951543483 0.041813806327889294 0.10865642728038824 0.4229055022465979 0.20476862083390082 0.4410580329791135 0.26743441562681325 0.7199553417451239 0.6414429164774715 0.7116909853078752 0.7293060908002288
0 0.334635 0.954590 0.135417 0.090820 0.0 0.12199545848342985 0.14378592483076041 0.09320257916220248 0.0463892336054963 0.2981999987247434 0.43140621340658086 0.25457164045689434 0.42005345795949034 0.7319674436564437 0.731357878363728 0.7567214354823244 0.7001138009763261
0 0.500000 0.760742 0.135417 0.080078 0.0 0.12708600073317922 0.0 0.2079251141714319 0.0 0.27976374333840454 0.0 0.29299809287247547 0.0 0.7280744635025087 0.0 0.7308797942125352 0.0
0 0.288411 0.811035 0.097656 0.086914 0.0 0.21334045283517944 0.0 0.23140535535499795 0.0 0.21502319327155392 0.0 0.23920806196701036 0.0 0.6577317112783814 0.0 0.7462292783343046 0.0
0 0.638672 0.723633 0.128906 0.082031 0.0 0.12442469277356952 0.012116102734175837 0.14109604344657967 0.0 0.3547842700027512 0.46373881839752573 0.3511169688819163 0.0 0.467858220067326 0.694950977949052 0.6392871851156365 0.0
0 0.271484 0.486816 0.162760 0.165039 0.0577478638086207 0.03968550166041509 0.03978002980524516 0.08196689946617622 0.10699554513458168 0.292531891192681 0.2818969214962249 0.2780903095792216 0.2841288553249154 0.4459369555991425 0.41910462591098274 0.33282008804274 0.44440489610485306
0 0.664714 0.854004 0.097656 0.090820 0.0 0.15521654018948214 0.0 0.14203057170711683 0.0 0.2813747374362411 0.0 0.2661346444237328 0.0 0.7193701463152352 0.0 0.7310240629860036 0.0
0 0.394531 0.531738 0.088542 0.069336 0.0 0.207818146990817 0.0 0.175070939504498 0.0 0.28093973713426895 0.0 0.24869011074671132 0.0 0.31892480685033636 0.0 0.32661197732413394 0.0
0 0.197917 0.830078 0.106771 0.111328 0.0 0.12015317434980205 0.0258138878399614 0.19611544894006894 0.026328162324776062 0.32002116273183134 0.19355454202519423 0.3145002982885836 0.2173781799450082 0.7232225236236991 0.724049974379516 0.7222907554402531 0.7351351260198992
0 0.354167 0.651367 0.130208 0.070312 0.0 0.162762967221988 0.0 0.19010836488172 0.0 0.27059135664670825 0.0 0.2739202046904701 0.0 0.2975667294247156 0.0 0.40185576973269943 0.0
0 0.199870 0.631836 0.173177 0.095703 0.0 0.1415215264415348 0.0 0.14751680945911377 0.0 0.30738230739790695 0.0 0.30332095644995444 0.0 0.3579493203461766 0.0 0.35855707563624656 0.0
0 0.552083 0.961914 0.111979 0.054688 0.0 0.0 0.2704408625723256 0.0 0.2198146663854225 0.0 0.29615269836496433 0.0 0.2870116939942897 0.0 0.7083664750345849 0.0 0.7458149615881127
0 0.303385 0.165039 0.192708 0.281250 0.0 0.04583373547527058 0.17638584294636786 0.04728437344744126 0.17221919541458794 0.24725610281182694 0.24463024221476665 0.2451882647410996 0.2447834701089954 0.4465060621389861 0.44395195985860425 0.4457684403467312 0.4472501386533652
0 0.685547 0.268555 0.412760 0.316406 0.3768579439498096 0.0 0.0 0.0 0.0 0.0 0.0 0.0 0.0 0.0 0.0 0.0 0.0
0 0.574219 0.562500 0.093750 0.068359 0.0 0.2181946076520125 0.0 0.1625482796601022 0.0 0.24975671968893978 0.0 0.2561277200054404 0.0 0.30035670991868435 0.0 0.37763569126286145 0.0
0 0.546224 0.683594 0.089844 0.068359 0.0 0.21239558543456546 0.0 0.21178926037554444 0.0 0.2682529254705518 0.0 0.2745374243157614 0.0 0.3317008274748267 0.0 0.32939611421181275 0.0
0 0.666016 0.583496 0.102865 0.067383 0.0 0.24763319568398975 0.0 0.14963557929199472 0.0 0.2748966055207248 0.0 0.2314700378464803 0.0 0.3676560816306355 0.0 0.30332103225439055 0.0
0 0.222005 0.967285 0.100260 0.065430 0.0 0.24516497313391422 0.0 0.22281840694227395 0.0 0.21410626202808633 0.0 0.19585333701300633 0.0 0.6097959258634164 0.0 0.5997122420343133 0.0
0 0.098307 0.975586 0.147135 0.048828 0.0 0.2581873777411555 0.0 0.045857304239047436 0.0 0.25628708832553737 0.0 0.2504390587933323 0.0 0.7433330302173266 0.0 0.7637477269725069 0.0
0 0.484375 0.544922 0.088542 0.068359 0.0 0.22167153325751984 0.0 0.1506073843552671 0.0 0.3098824782308777 0.0 0.25226184065544394 0.0 0.33565922566281237 0.0 0.3458991413934067 0.0
0 0.069661 0.858398 0.131510 0.115234 0.0 0.18927767705814613 0.0 0.1386285602792342 0.0 0.08389247151441544 0.0 0.28364742953505684 0.0 0.728331050942329 0.0 0.730681187489669 0.0
0 0.722005 0.976562 0.074219 0.046875 0.0 0.0 0.3223258667750273 0.0 0.0 0.0 0.0888742882147491 0.0 0.0 0.0 0.6855182590322921 0.0 0.0
0 0.926432 0.108887 0.147135 0.215820 0.43058993391716915 0.0 0.0 0.0 0.0 0.0 0.0 0.0 0.0 0.0 0.0 0.0 0.0
0 0.981120 0.625000 0.037760 0.074219 0.0 0.24511345451320923 0.0 0.21706883882088024 0.0 0.24028032843605615 0.0 0.3145163831077088 0.0 0.7366556096117497 0.0 0.6928031591915114 0.0
0 0.917969 0.644531 0.104167 0.087891 0.0 0.1143620349430095 0.0 0.1979414605183808 0.0 0.2949248430772331 0.0 0.2738543429316628 0.0 0.7331927795935439 0.0 0.7123394733835078 0.0
0 0.811198 0.673828 0.132812 0.091797 0.0 0.09257190949888652 0.0 0.13125060244529707 0.04453168563539802 0.27846283725015425 0.0 0.26639297356815583 0.2483633639057601 0.692251411452635 0.0 0.7806397713728289 0.7225578639002562
0 0.462891 0.670410 0.084635 0.071289 0.0 0.20824697880384183 0.0 0.22258139644900338 0.0 0.26615249625099285 0.0 0.2715756798442335 0.0 0.32544300815726107 0.0 0.3590533268249437 0.0
0 0.061198 0.609863 0.119792 0.057617 0.0 0.13958125808936847 0.0 0.09637618276983625 0.0 0.4062035076633135 0.0 0.4091563628005564 0.0 0.45468120299323733 0.0 0.4419757148741813 0.0
0 0.387370 0.784668 0.097656 0.086914 0.0 0.1853702808216082 0.0 0.24489030437848022 0.0 0.26167105528764373 0.0 0.24997556970894025 0.0 0.7314812100785295 0.0 0.7600114617145285 0.0
0 0.782552 0.970703 0.065104 0.058594 0.032406996566170604 0.0 0.40979688832694333 0.0 0.0 0.0 0.15311870745229167 0.0 0.0 0.0 0.7376769227381037 0.0 0.0
0 0.850911 0.888672 0.139323 0.078125 0.012664564035376602 0.0 0.0 0.0 0.0 0.0 0.0 0.0 0.0 0.0 0.0 0.0 0.0
0 0.962240 0.863281 0.075521 0.068359 0.0 0.19865381123545123 0.0 0.18887657840687316 0.0 0.18781762880243208 0.0 0.19318180223739445 0.0 0.7172969562291641 0.0 0.8061208545454324 0.0
0 0.979167 0.762695 0.041667 0.072266 0.0 0.12065028144023518 0.0 0.1894149051936435 0.0 0.29178897233678114 0.0 0.2864803530235299 0.0 0.7348730820203578 0.0 0.738077371668904 0.0
0 0.909505 0.776855 0.110677 0.079102 0.0 0.13149871190040363 0.0 0.1915944201605254 0.0 0.23974486564329978 0.0 0.24413804488446675 0.0 0.721457148561628 0.0 0.7263046299424976 0.0
0 0.506510 0.034668 0.098958 0.067383 0.12333941626649886 0.0 0.0 0.0 0.34208107974207175 0.0 0.0 0.0 0.22240723050570768 0.0 0.0 0.0 0.44389566755673304
