0 0.404785 0.624512 0.127930 0.090820 0.0 0.15140700776811664 0.0 0.15782106989165964 0.0 0.30738230739790695 0.0 0.30332095644995444 0.0 0.3579493203461766 0.0 0.35855707563624656 0.0
0 0.446777 0.483398 0.118164 0.164062 0.06001198460040892 0.04124145132704983 0.041339685637337864 0.08518057611289713 0.11119052002007272 0.292531891192681 0.28189692149622486 0.2780903095792216 0.2841288553249154 0.4459369555991425 0.41910462591098263 0.33282008804274 0.44440489610485306
0 0.653809 0.882812 0.116211 0.091797 0.0 0.09326407690664994 0.15118778580115877 0.050437483352602376 0.1310657226259859 0.4229055022465979 0.20476862083390082 0.4410580329791135 0.26743441562681325 0.7199553417451239 0.6414429164774715 0.7116909853078752 0.7293060908002288
0 0.625000 0.760742 0.101562 0.080078 0.0 0.12708600073317922 0.0 0.2079251141714319 0.0 0.27976374333840454 0.0 0.29299809287247547 0.0 0.7280744635025087 0.0 0.7308797942125352 0.0
0 0.500977 0.954590 0.101562 0.090820 0.0 0.12199545848342985 0.14378592483076041 0.09320257916220248 0.0463892336054963 0.2981999987247434 0.43140621340658086 0.25457164045689434 0.42005345795949034 0.7319674436564437 0.731357878363728 0.7567214354823244 0.7001138009763261
0 0.729004 0.723633 0.096680 0.082031 0.0 0.12442469277356952 0.012116102734175837 0.14109604344657967 0.0 0.3547842700027512 0.46373881839752573 0.3511169688819163 0.0 0.467858220067326 0.694950977949052 0.6392871851156365 0.0
0 0.027344 0.515625 0.052734 0.103516 0.04482284273181504 0.19351693638013912 0.0 0.1058432278025875 0.0 0.31662639910210594 0.0 0.32125198935423027 0.0 0.44404825651165236 0.0 0.4446255795144206 0.0
0 0.543457 0.783203 0.071289 0.095703 0.0 0.1729587118373266 0.0 0.22849353952003848 0.0 0.26167105528764373 0.0 0.24997556970894025 0.0 0.7314812100785295 0.0 0.7600114617145285 0.0
0 0.933105 0.778809 0.086914 0.069336 0.0 0.14327720073338804 0.0 0.208755749771359 0.0 0.23974486564329978 0.0 0.24413804488446675 0.0 0.721457148561628 0.0 0.7263046299424976 0.0
0 0.474121 0.801758 0.083008 0.080078 0.0 0.20431097886295876 0.0 0.22161129799061852 0.0 0.21502319327155392 0.0 0.23920806196701036 0.0 0.6577317112783814 0.0 0.7462292783343046 0.0
0 0.664062 0.961914 0.083984 0.054688 0.0 0.0 0.2704408625723256 0.0 0.2198146663854225 0.0 0.29615269836496433 0.0 0.2870116939942897 0.0 0.7083664750345849 0.0 0.7458149615881127
0 0.547852 0.527344 0.070312 0.078125 0.0 0.17419201626244174 0.0 0.14674348887633967 0.0 0.28093973713426895 0.0 0.24869011074671132 0.0 0.31892480685033636 0.0 0.32661197732413394 0.0
0 0.234375 0.877441 0.091797 0.094727 0.0 0.2118152422945481 0.0 0.18458889560778483 0.0 0.24723887531847882 0.0 0.19213739010284775 0.0 0.712062071576294 0.0 0.7385717255828309 0.0
0 0.750977 0.854980 0.062500 0.079102 0.0 0.20884169903966776 0.0 0.19110016158509635 0.0 0.2813747374362411 0.0 0.2661346444237328 0.0 0.7193701463152352 0.0 0.7310240629860036 0.0
0 0.188477 0.753418 0.101562 0.125977 0.0 0.0 0.14845157850102308 0.0 0.14704886437352224 0.0 0.08090943090245725 0.0 0.07150835782724005 0.0 0.7287700145509487 0.0 0.7210541598089827
0 0.208984 0.559570 0.099609 0.132812 0.0 0.18121903084518695 0.13179443809115887 0.08242912126188456 0.07237421651877153 0.3068620414634539 0.3203632820730224 0.31204228998299965 0.3115448388459318 0.4425749847076806 0.44824376724553633 0.43593917260097076 0.43464364508901543
0 0.513184 0.648926 0.096680 0.075195 0.0 0.153731255935762 0.0 0.17955925844790557 0.0 0.27059135664670825 0.0 0.2739202046904701 0.0 0.2975667294247156 0.0 0.40185576973269943 0.0
0 0.331543 0.979492 0.092773 0.041016 0.0 0.3656036802600322 0.0 0.0649357816918842 0.0 0.25628708832553737 0.0 0.2504390587933323 0.0 0.7433330302173266 0.0 0.7637477269725069 0.0
0 0.970703 0.868652 0.058594 0.067383 0.0 0.1948150902453942 0.0 0.18522678945215099 0.0 0.18781762880243208 0.0 0.19318180223739445 0.0 0.7172969562291641 0.0 0.8061208545454324 0.0
0 0.484863 0.161133 0.133789 0.291016 0.0 0.047852278961885396 0.18415397466678057 0.04936680384617 0.17980382563443387 0.24725610281182694 0.24463024221476665 0.24518826474109956 0.24478347010899537 0.4465060621389861 0.4439519598586042 0.44576844034673113 0.4472501386533652
0 0.031250 0.126953 0.060547 0.251953 0.0 0.0 0.4155608677319806 0.03360912923046468 0.0 0.0 0.29871606568021497 0.30402247262216814 0.0 0.0 0.4459740716684059 0.4555697434035134 0.0
0 0.761230 0.269531 0.315430 0.322266 0.36313280520871605 0.0 0.0 0.0 0.0 0.0 0.0 0.0 0.0 0.0 0.0 0.0 0.0
0 0.412109 0.967285 0.074219 0.065430 0.0 0.248390828043571 0.0 0.22575022808625123 0.0 0.21410626202808633 0.0 0.19585333701300636 0.0 0.6097959258634164 0.0 0.5997122420343134 0.0
0 0.295898 0.606934 0.083984 0.061523 0.0 0.1398388831504415 0.0 0.09655406424412537 0.0 0.4062035076633135 0.0 0.4091563628005564 0.0 0.4546812029932373 0.0 0.44197571487418125 0.0
0 0.175781 0.898926 0.042969 0.086914 0.0 0.13314664150441538 0.0 0.1369385340805657 0.0 0.3144574097688174 0.0 0.29926667478337016 0.0 0.777072370647482 0.0 0.7112682341421626 0.0
0 0.021973 0.951172 0.041992 0.080078 0.0 0.020749323292112796 0.15756553396969775 0.09768605995509673 0.0 0.30800547119961585 0.3320581557980337 0.34211504006379634 0.0 0.6774714892166537 0.7110339295239426 0.7366903120304553 0.0
0 0.659668 0.682617 0.067383 0.068359 0.0 0.21239558543456546 0.0 0.21178926037554444 0.0 0.2682529254705518 0.0 0.2745374243157614 0.0 0.3317008274748267 0.0 0.32939611421181275 0.0
0 0.106445 0.524414 0.105469 0.089844 0.0 0.22675558082822664 0.0 0.20301178261263658 0.0 0.3186099918422971 0.0 0.34624261570366144 0.0 0.4418375519502916 0.0 0.44641789704362256 0.0
0 0.396973 0.829590 0.090820 0.096680 0.0 0.12199325228868788 0.026209212938846437 0.19911884617049683 0.026731363246660866 0.3200211627318314 0.19355454202519423 0.3145002982885836 0.2173781799450082 0.7232225236236993 0.724049974379516 0.7222907554402531 0.7351351260198992
0 0.681152 0.560547 0.069336 0.068359 0.0 0.221267771140069 0.0 0.1648376920496811 0.0 0.24975671968893978 0.0 0.2561277200054404 0.0 0.30035670991868435 0.0 0.37763569126286145 0.0
0 0.861816 0.674316 0.086914 0.065430 0.0 0.14884780618402216 0.0 0.21103987527176063 0.07160318662958179 0.27846283725015425 0.0 0.26639297356815583 0.2483633639057601 0.692251411452635 0.0 0.7806397713728289 0.7225578639002562
0 0.887695 0.884277 0.105469 0.088867 0.011030593014125328 0.0 0.0 0.0 0.0 0.0 0.0 0.0 0.0 0.0 0.0 0.0 0.0
0 0.786133 0.979980 0.058594 0.040039 0.0 0.0 0.358489256705884 0.0 0.0 0.0 0.0888742882147491 0.0 0.0 0.0 0.6855182590322921 0.0 0.0
0 0.063965 0.919434 0.069336 0.065430 0.0 0.0828231452889466 0.043983825208969506 0.22878355950947313 0.0 0.33291420688700435 0.3053781265216229 0.36049230987033515 0.0 0.7231587763568507 0.7529958038178421 0.7207261867743758 0.0
0 0.313965 0.852051 0.086914 0.092773 0.0 0.26680205265274815 0.0 0.19540806403405245 0.0 0.08389247151441544 0.0 0.28364742953505684 0.0 0.728331050942329 0.0 0.730681187489669 0.0
0 0.613770 0.544434 0.065430 0.069336 0.0 0.22181133031444067 0.0 0.1507023648373074 0.0 0.3098824782308777 0.0 0.25226184065544394 0.0 0.33565922566281237 0.0 0.3458991413934067 0.0
0 0.748047 0.581543 0.076172 0.069336 0.0 0.2437429667160397 0.0 0.14728485784049533 0.0 0.2748966055207248 0.0 0.2314700378464803 0.0 0.3676560816306355 0.0 0.30332103225439055 0.0
0 0.983887 0.762207 0.032227 0.073242 0.0 0.11543428947494017 0.0 0.18122605878729206 0.0 0.29178897233678114 0.0 0.2864803530235299 0.0 0.7348730820203578 0.0 0.738077371668904 0.0
0 0.946777 0.104980 0.106445 0.208008 0.42489622302396307 0.0 0.0 0.0 0.0 0.0 0.0 0.0 0.0 0.0 0.0 0.0 0.0
0 0.596680 0.667480 0.062500 0.073242 0.0 0.2058608155050478 0.0 0.2200309846146919 0.0 0.26615249625099285 0.0 0.2715756798442335 0.0 0.32544300815726107 0.0 0.3590533268249437 0.0
0 0.937012 0.647949 0.086914 0.065430 0.0 0.1380859720928507 0.0 0.23900360820599398 0.0 0.2949248430772331 0.0 0.2738543429316628 0.0 0.7331927795935439 0.0 0.7123394733835078 0.0
0 0.985352 0.627930 0.029297 0.076172 0.0 0.23086754433637316 0.0 0.2044528721201795 0.0 0.24028032843605615 0.0 0.3145163831077088 0.0 0.7366556096117497 0.0 0.6928031591915114 0.0
0 0.127930 0.943359 0.070312 0.070312 0.0 0.10948694785644614 0.0 0.18137361275830435 0.029736499479675573 0.345734465169319 0.0 0.28950709288856363 0.3647212229402001 0.7226723151059642 0.0 0.7297506880517409 0.7239352853828753
0 0.837402 0.969727 0.053711 0.060547 0.02851055416378645 0.0 0.36052512169525797 0.0 0.0 0.0 0.15311870745229167 0.0 0.0 0.0 0.7376769227381037 0.0 0.0
0 0.634766 0.029785 0.099609 0.057617 0.10747622115345964 0.0 0.0 0.0 0.2980846098649758 0.0 0.0 0.0 0.22240723050570768 0.0 0.0 0.0 0.44389566755673304
