0 0.543945 0.689453 0.085938 0.095052 0.0 0.18110379537114607 0.0 0.2141440528385708 0.0 0.31807405218608337 0.0 0.3100465451854116 0.0 0.45224068896612885 0.0 0.44801107661302364 0.0
0 0.766113 0.272786 0.073242 0.097656 0.0 0.20801580633034655 0.0 0.18664637318491656 0.0 0.24471404523003187 0.0 0.25558875777767776 0.0 0.07127133035555815 0.0 0.0470759366936439 0.0
0 0.634766 0.700521 0.095703 0.101562 0.0 0.1975236951384642 0.0 0.1787777662582144 0.0 0.3261591944193983 0.0 0.31833658535787784 0.0 0.46679248288383174 0.0 0.4467795935056699 0.0
0 0.675781 0.387370 0.076172 0.092448 0.0 0.1880599230981387 0.0 0.21740474518077207 0.0 0.29824294483439306 0.0 0.29400762657169444 0.0 0.04566294004592469 0.0 0.06209992435596708 0.0
0 0.601562 0.451823 0.064453 0.088542 0.0 0.11882500641426604 0.0 0.21128929076256436 0.0 0.27174821272509697 0.0 0.2701086748114981 0.0 0.052032319119933924 0.0 0.05026366187027962 0.0
0 0.456055 0.684245 0.091797 0.097656 0.0 0.16933934153102306 0.0 0.19961567900553723 0.0 0.31242285164444367 0.0 0.29717154035288534 0.0 0.45023936764832434 0.0 0.454981815897957 0.0
0 0.372070 0.673177 0.087891 0.106771 0.09989420362639226 0.0978582544887524 0.0 0.09222685844673634 0.0 0.23724190551443572 0.0 0.23332334034639027 0.0 0.467335407031857 0.0 0.4456450990845307 0.0
0 0.830566 0.350260 0.094727 0.098958 0.0 0.12029069723628645 0.0 0.20384901826107305 0.0 0.28743438611149313 0.0 0.2884098755155411 0.0 0.04258666078924638 0.0 0.24936463461903657 0.0
0 0.114746 0.645833 0.073242 0.080729 0.0 0.1230961558279042 0.0 0.13375213070212305 0.053508308294668655 0.22545801783656003 0.0 0.2284354078740709 0.23387777898019316 0.46059734952464865 0.0 0.44795408247894924 0.450493782076947
0 0.622070 0.312500 0.072266 0.093750 0.0 0.20196824977064592 0.0 0.09015859670404036 0.0 0.2921092944800111 0.0 0.29778880216412007 0.0 0.04790938926394191 0.0 0.05908412461800583 0.0
0 0.898926 0.291667 0.077148 0.091146 0.0 0.13892274418351164 0.0 0.15608694605766815 0.0 0.3145323071355818 0.0 0.34040930874957587 0.0 0.046113466912677835 0.0 0.3862483812099476 0.0
0 0.909668 0.649740 0.063477 0.080729 0.0 0.41026390347286035 0.0 0.21792776876583578 0.0 0.3372380437400162 0.0 0.4210110246006144 0.0 0.053558107489524 0.0 0.05111232066203328 0.0
0 0.876953 0.749349 0.070312 0.087240 0.0 0.22358824253668674 0.0 0.221493720995434 0.0 0.4610218281766736 0.0 0.4756282398981122 0.0 0.054649723500873645 0.0 0.04897563997479671 0.0
0 0.242188 0.665365 0.152344 0.091146 0.03681682757937257 0.1519521091810997 0.0 0.13730347512169114 0.0 0.22673508039819884 0.0 0.22391486040985586 0.0 0.4545662165965366 0.0 0.4520898379123827 0.0
0 0.837891 0.584635 0.089844 0.093750 0.0 0.27022188765638255 0.0 0.20476310233008735 0.0 0.3057150184675279 0.0 0.2723850461381827 0.0 0.1977548217949105 0.0 0.04777671410248716 0.0
0 0.156250 0.818359 0.089844 0.102865 0.0 0.11471520295950878 0.0 0.2185745952217711 0.0 0.3449954499033503 0.0 0.3610465286960706 0.0 0.2839483366420574 0.0 0.2816936177024988 0.0
0 0.931641 0.473307 0.070312 0.084635 0.0 0.17593416364317796 0.0 0.18841909257171413 0.012676243014837755 0.29581373522898396 0.0 0.25883712657443114 0.2663411414102632 0.28435427821273185 0.0 0.04576833492254037 0.025774709211730674
0 0.805176 0.697266 0.075195 0.095052 0.0 0.07524831450552273 0.0 0.17167749679903385 0.0 0.35169391623660223 0.0 0.3340465030632066 0.0 0.06785096134669273 0.0 0.045877162603315785 0.0
0 0.541016 0.378255 0.076172 0.095052 0.0 0.12323242976925591 0.0 0.16218637345245182 0.02128002249431562 0.2850182118880409 0.0 0.2914360427788465 0.28224101858698053 0.06624664275828045 0.0 0.06714773771656944 0.33805778825388366
0 0.803711 0.867188 0.080078 0.098958 0.0 0.08789527367010266 0.0 0.20136241961759158 0.0 0.29684032710055597 0.0 0.29061127202808934 0.0 0.04256370376453605 0.0 0.054971025276301724 0.0
0 0.289551 0.270833 0.081055 0.223958 0.116850697067228 0.0 0.16061745774101552 0.0 0.12570363336773296 0.0 0.2821451989066311 0.0 0.28626279291936224 0.0 0.4897028049734766 0.0 0.4875247910270329
0 0.926758 0.832031 0.064453 0.085938 0.0 0.21824602953218267 0.0 0.27272058982709646 0.0 0.2770712725811436 0.0 0.2652606763290918 0.0 0.043489839470494396 0.0 0.0994118817539127 0.0
0 0.704590 0.205078 0.081055 0.079427 0.0 0.19339369721600982 0.0 0.20284875728626453 0.0 0.28141173709741735 0.0 0.27606406803825473 0.0 0.05305157307157684 0.0 0.04540618311454807 0.0
0 0.051758 0.807292 0.099609 0.088542 0.0 0.12114534440868906 0.0 0.1967274788541375 0.0 0.32640318472859436 0.0 0.23484522230426008 0.0 0.26598492128545687 0.0 0.2885453470373536 0.0
0 0.519531 0.520833 0.117188 0.109375 0.0 0.08706485372825151 0.0 0.12494178097380354 0.049765343217472044 0.3562815086255793 0.0 0.3449822962945312 0.3326065964275127 0.10111519686050723 0.0 0.40872474430007855 0.34593588022455796
0 0.968262 0.704427 0.063477 0.080729 0.0 0.21245669524215674 0.0 0.10624437803666271 0.0 0.3727375089672093 0.0 0.32592147677770394 0.0 0.0631044731649739 0.0 0.05040102456358745 0.0
0 0.751953 0.785807 0.072266 0.089844 0.0 0.09192731579817853 0.0 0.16268301928155685 0.0 0.2863135096198545 0.0 0.2741261802152762 0.0 0.042063392407832606 0.0 0.050179422870516216 0.0
0 0.546875 0.240885 0.082031 0.101562 0.0 0.11660255765436711 0.0 0.0268729687345157 0.07952263938376193 0.288492883530155 0.0 0.2604599274731181 0.2953494751026831 0.06518714962489235 0.0 0.24615864785361813 0.31709001819383376
0 0.446777 0.210938 0.075195 0.111979 0.0 0.0 0.18582518855134084 0.0 0.20046547639373868 0.0 0.34065534824104393 0.0 0.3117536355427969 0.0 0.31873101035059725 0.0 0.36160557074285365
0 0.405273 0.393229 0.089844 0.122396 0.0 0.0 0.18096030316758957 0.0 0.17096967241225772 0.0 0.3648218715156158 0.0 0.316283122803693 0.0 0.3206699492739827 0.0 0.3230339523735419
0 0.383789 0.914714 0.080078 0.141927 0.0 0.15354146477333203 0.0 0.17522654555447412 0.0 0.28438991239555533 0.0 0.3211751443990792 0.0 0.28944793495025206 0.0 0.28074998912316634 0.0
0 0.704590 0.727214 0.069336 0.095052 0.0 0.10824989833213178 0.0 0.06137143804339953 0.0 0.36679661118793755 0.0 0.39490665166003547 0.0 0.06931569541420196 0.0 0.05777611104738582 0.0
0 0.738281 0.467448 0.064453 0.085938 0.0 0.18082293524489412 0.05725125752809479 0.07794037811478298 0.13874736713400668 0.2845745862840602 0.26243640194955126 0.25054802602884074 0.27798526136320467 0.023264321245748062 0.3086958687490424 0.8572970334846332 0.9774084625054585
0 0.673340 0.525391 0.092773 0.087240 0.0 0.07264449576425976 0.0 0.2470160727943651 0.0 0.2790296080661525 0.0 0.27367396928565846 0.0 0.05092730834871209 0.0 0.4497032053405643 0.0
0 0.239258 0.864583 0.054688 0.104167 0.0 0.1555888001205297 0.0 0.13745061833102595 0.0 0.3202114683594797 0.0 0.32134539792321437 0.0 0.2809119961525566 0.0 0.26346900847125865 0.0
0 0.972168 0.888021 0.055664 0.091146 0.0 0.10337196494380485 0.0 0.16463274119199228 0.0 0.27788793430199427 0.0 0.2844874776838556 0.0 0.061231286662046795 0.0 0.04453025093705436 0.0
0 0.758301 0.630859 0.067383 0.076823 0.0 0.0 0.0 0.06169024764363938 0.21225117552768874 0.0 0.0 0.2589253339069297 0.20547624991171856 0.0 0.0 0.04958773168546632 0.0006361220805078776
0 0.312500 0.463542 0.115234 0.098958 0.0 0.24746522717976516 0.0 0.1735688777088108 0.0 0.18072795347695356 0.0 0.16084313843507983 0.0 0.5028609663978812 0.0 0.4360924724023423 0.0
0 0.635254 0.115234 0.129883 0.100260 0.0 0.16675553717412805 0.0 0.13687020232067082 0.015455002763252694 0.24050242566448832 0.0 0.2801253705372928 0.18349198213335183 0.24140375348149803 0.0 0.051085409518423025 0.07450203766050928
0 0.979492 0.524740 0.041016 0.083333 0.0 0.14400247594450122 0.0 0.18202527484523953 0.0 0.30244568232706026 0.0 0.30325790541065956 0.0 0.05664330393761882 0.0 0.052649826402318925 0.0
0 0.420410 0.296875 0.079102 0.062500 0.0 0.0 0.09793503173970494 0.0 0.14945704712362654 0.0 0.21174766992859884 0.0 0.17831474256233013 0.0 0.31829695182884293 0.0 0.3488068364056867
0 0.834961 0.222005 0.058594 0.076823 0.0 0.14946530776759917 0.0 0.16971140073986196 0.0 0.27403753304542966 0.0 0.2703955632989928 0.0 0.045505580076546676 0.0 0.051791347514639104 0.0
0 0.385254 0.118490 0.219727 0.062500 0.0 0.10777303724483361 0.009128808315896533 0.29398445067239537 0.0 0.30900525623325836 0.31204962489703075 0.29344663954289146 0.0 0.4414289290528798 0.31111586169022115 0.44396707338744046 0.0
0 0.067871 0.953776 0.088867 0.092448 0.0 0.26891972981089485 0.0 0.1110052669739552 0.0 0.26483262784590167 0.0 0.27442683492386727 0.0 0.2720813204656379 0.0 0.29589631306262354 0.0
0 0.308105 0.889323 0.081055 0.138021 0.0 0.18866769333741412 0.0 0.21054604093998738 0.0 0.343163294742846 0.0 0.33658962797334985 0.0 0.2315435727321297 0.0 0.28316301906594077 0.0
0 0.876953 0.921875 0.080078 0.098958 0.0 0.13310867289093342 0.0 0.16562473931819202 0.0 0.2513147103829936 0.0 0.2740578106151803 0.0 0.05829066671857015 0.0 0.041071745067258 0.0
0 0.974121 0.404948 0.051758 0.080729 0.0 0.28169848929257696 0.0 0.07779278736419931 0.0 0.280020961603208 0.0 0.28283673327160114 0.0 0.8293205684401247 0.0 0.05594425431198841 0.0
0 0.475098 0.953776 0.114258 0.092448 0.49433852073558776 0.0 0.0 0.0 0.0 0.0 0.0 0.0 0.0 0.0 0.0 0.0 0.0
0 0.472168 0.048177 0.051758 0.093750 0.0 0.0 0.16544702516209336 0.0 0.25054992584820407 0.0 0.3052009732839597 0.0 0.26882916363257114 0.0 0.586751845331886 0.0 0.5938910459966453
0 0.151855 0.980469 0.077148 0.039062 0.0 0.4126557463248113 0.0 0.0 0.0 0.312960240624977 0.0 0.0 0.0 0.27921082955005017 0.0 0.0 0.0
0 0.019531 0.940755 0.037109 0.118490 0.0 0.10750964179745524 0.0 0.1270579001602242 0.0 0.3375011473079616 0.0 0.18341520897775962 0.0 0.26156040063211333 0.0 0.22020848246701613 0.0
0 0.766602 0.155599 0.097656 0.087240 0.0 0.1338670921041873 0.0 0.134031794989613 0.0 0.28903245193923516 0.0 0.25790743932966365 0.0 0.22118772510845275 0.0 0.1688287177684013 0.0
0 0.775879 0.027995 0.098633 0.053385 0.08815191089522371 0.06932647680801562 0.0 0.219435142845873 0.0 0.1341885568318527 0.0 0.13048097194405256 0.0 0.40509151367057683 0.0 0.3443766258779666 0.0
0 0.891113 0.048177 0.139648 0.093750 0.0 0.15743363020195977 0.0 0.16825106310274185 0.0 0.14036247601053814 0.0 0.13031525101046487 0.0 0.3514882649553076 0.0 0.3437879299209555 0.0
0 0.978516 0.059896 0.042969 0.117188 0.0 0.13877452567283097 0.0 0.1335447910220284 0.0 0.1911791840276412 0.0 0.17634224707735505 0.0 0.33762844509151774 0.0 0.35344650042627057 0.0
0 0.200195 0.072266 0.130859 0.141927 0.0 0.0 0.24972737705468287 0.0 0.24339699377929347 0.0 0.2416289441301207 0.0 0.24114877203666116 0.0 0.483030832566097 0.0 0.48009992005328445
