0 0.158691 0.626465 0.135742 0.079102 0.0 0.16383262950874541 0.0 0.17077307882494797 0.0 0.30738230739790695 0.0 0.30332095644995444 0.0 0.3579493203461766 0.0 0.35855707563624656 0.0
0 0.195312 0.485352 0.140625 0.166016 0.04983348132994739 0.034246577719618816 0.034328150720416825 0.07073328232119985 0.0923317357421584 0.292531891192681 0.28189692149622486 0.2780903095792216 0.2841288553249154 0.4459369555991425 0.41910462591098263 0.33282008804274 0.44440489610485306
0 0.408691 0.889160 0.127930 0.098633 0.0 0.07884906388616025 0.1278200114860375 0.042641802492797996 0.11080803970178207 0.4229055022465979 0.20476862083390085 0.4410580329791135 0.26743441562681325 0.7199553417451239 0.6414429164774716 0.7116909853078752 0.7293060908002288
0 0.380371 0.765137 0.106445 0.063477 0.0 0.15296957152470747 0.0 0.2502731649476318 0.0 0.27976374333840454 0.0 0.29299809287247547 0.0 0.7280744635025087 0.0 0.7308797942125352 0.0
0 0.480957 0.728027 0.083008 0.075195 0.0 0.15809255081818244 0.015394577591658708 0.17927497284977179 0.0 0.3547842700027512 0.46373881839752573 0.3511169688819163 0.0 0.467858220067326 0.694950977949052 0.6392871851156365 0.0
0 0.250977 0.954590 0.101562 0.090820 0.0 0.12199545848342985 0.14378592483076041 0.09320257916220248 0.0463892336054963 0.2981999987247434 0.43140621340658086 0.25457164045689434 0.42005345795949034 0.7319674436564437 0.731357878363728 0.7567214354823244 0.7001138009763261
0 0.684570 0.786621 0.087891 0.088867 0.0 0.1105456204437459 0.0 0.16106563892615597 0.0 0.23974486564329978 0.0 0.24413804488446675 0.0 0.721457148561628 0.0 0.7263046299424976 0.0
0 0.291016 0.782715 0.078125 0.081055 0.0 0.18634738320545702 0.0 0.24618114182625833 0.0 0.26167105528764373 0.0 0.24997556970894025 0.0 0.7314812100785295 0.0 0.7600114617145285 0.0
0 0.297852 0.527344 0.070312 0.078125 0.0 0.17419201626244174 0.0 0.14674348887633967 0.0 0.28093973713426895 0.0 0.24869011074671132 0.0 0.31892480685033636 0.0 0.32661197732413394 0.0
0 0.414062 0.961914 0.083984 0.054688 0.0 0.0 0.2704408625723256 0.0 0.2198146663854225 0.0 0.29615269836496433 0.0 0.2870116939942897 0.0 0.7083664750345849 0.0 0.7458149615881127
0 0.219238 0.803223 0.081055 0.084961 0.0 0.19720918469392362 0.0 0.21390814942454106 0.0 0.21502319327155392 0.0 0.23920806196701036 0.0 0.6577317112783814 0.0 0.7462292783343046 0.0
0 0.498535 0.854004 0.071289 0.090820 0.0 0.1594690481398789 0.0 0.14592182024703781 0.0 0.2813747374362411 0.0 0.2661346444237328 0.0 0.7193701463152352 0.0 0.7310240629860036 0.0
0 0.259277 0.648438 0.086914 0.072266 0.0 0.17793704281784298 0.0 0.20783179883819988 0.0 0.27059135664670825 0.0 0.2739202046904701 0.0 0.2975667294247156 0.0 0.40185576973269943 0.0
0 0.802734 0.130859 0.318359 0.259766 0.4386996923212606 0.0 0.0 0.0 0.0 0.0 0.0 0.0 0.0 0.0 0.0 0.0 0.0
0 0.771973 0.847656 0.034180 0.052734 0.0 0.18080775436387778 0.0 0.06608855932893935 0.0 0.1719244170493727 0.0 0.19516236883469182 0.0 0.7415499713889993 0.0 0.7028967368559651 0.0
0 0.508301 0.261719 0.319336 0.312500 0.3698999016360574 0.0 0.0 0.0 0.0 0.0 0.0 0.0 0.0 0.0 0.0 0.0 0.0
0 0.958496 0.976074 0.083008 0.047852 0.0 0.0 0.5241381432623876 0.0 0.0 0.0 0.11436759122316899 0.0 0.0 0.0 0.9702716534967825 0.0 0.0
0 0.072754 0.979980 0.094727 0.040039 0.0 0.3667987639521068 0.0 0.06514804348770883 0.0 0.25628708832553737 0.0 0.2504390587933323 0.0 0.7433330302173266 0.0 0.7637477269725069 0.0
0 0.763672 0.761230 0.095703 0.088867 0.0 0.12351634623466684 0.0 0.15682244543442755 0.0 0.2773468172208633 0.0 0.2976523750020936 0.0 0.7204533384266085 0.0 0.7393996204012271 0.0
0 0.608887 0.674316 0.090820 0.071289 0.0 0.13073788014071647 0.0 0.18536320168589018 0.06289141285494126 0.27846283725015425 0.0 0.26639297356815583 0.2483633639057601 0.692251411452635 0.0 0.7806397713728289 0.7225578639002562
0 0.947754 0.677734 0.104492 0.078125 0.0 0.16180056625523667 0.0 0.1496272881592451 0.024759026680372293 0.3060586354770588 0.0 0.3070580997271206 0.29063458656771474 0.6225013678664834 0.0 0.6538909643620223 0.6426915512434078
0 0.233887 0.162598 0.141602 0.288086 0.0 0.04567193783513578 0.17576318339558114 0.04711745491113352 0.17161124454357443 0.24725610281182694 0.24463024221476665 0.24518826474109956 0.24478347010899543 0.4465060621389861 0.4439519598586042 0.44576844034673113 0.44725013865336527
0 0.830566 0.735840 0.075195 0.102539 0.0 0.20437846373776322 0.0 0.0867062019058422 0.0 0.2575447003440935 0.0 0.2776936049767963 0.0 0.7306898947176882 0.0 0.7358127086130998 0.0
0 0.161133 0.964844 0.072266 0.070312 0.0 0.23738853160620565 0.0 0.2157507810463948 0.0 0.21410626202808633 0.0 0.19585333701300633 0.0 0.6097959258634164 0.0 0.5997122420343133 0.0
0 0.721680 0.872070 0.066406 0.072266 0.0 0.1602810957106383 0.0 0.15239246985928162 0.0 0.18781762880243208 0.0 0.19318180223739445 0.0 0.7172969562291641 0.0 0.8061208545454324 0.0
0 0.412598 0.682617 0.067383 0.068359 0.0 0.21239558543456546 0.0 0.21178926037554444 0.0 0.2682529254705518 0.0 0.2745374243157614 0.0 0.3317008274748267 0.0 0.32939611421181275 0.0
0 0.765137 0.609863 0.092773 0.116211 0.0 0.0780401211235817 0.05767593783572991 0.0779612049294747 0.03287766223586859 0.23778814454718333 0.36387018318772046 0.3345370738922954 0.38418906218084176 0.7371007102726621 0.7188868067129309 0.7120087404456974 0.7133396942900452
0 0.431152 0.560547 0.069336 0.068359 0.0 0.221267771140069 0.0 0.1648376920496811 0.0 0.24975671968893978 0.0 0.2561277200054404 0.0 0.30035670991868435 0.0 0.37763569126286145 0.0
0 0.934082 0.551270 0.131836 0.081055 0.0 0.1681797898390099 0.0 0.1065185846540244 0.006477640413725575 0.25476330159475136 0.0 0.27878264531411995 0.2470923246610985 0.7716118347649579 0.0 0.6903842097514554 0.627748463377254
0 0.634766 0.888184 0.101562 0.083008 0.01226342399805698 0.0 0.0 0.0 0.0 0.0 0.0 0.0 0.0 0.0 0.0 0.0 0.0
0 0.045898 0.602051 0.087891 0.059570 0.0 0.13800493058453409 0.0 0.09528778143436635 0.0 0.4062035076633136 0.0 0.4091563628005564 0.0 0.4546812029932373 0.0 0.4419757148741813 0.0
0 0.589355 0.969238 0.047852 0.061523 0.03149367985050593 0.0 0.3982477048852704 0.0 0.0 0.0 0.15311870745229167 0.0 0.0 0.0 0.7376769227381037 0.0 0.0
0 0.499512 0.583496 0.077148 0.067383 0.0 0.24763319568398975 0.0 0.14963557929199472 0.0 0.2748966055207248 0.0 0.2314700378464803 0.0 0.3676560816306355 0.0 0.30332103225439055 0.0
0 0.536621 0.979980 0.045898 0.040039 0.0 0.0 0.4576458596245327 0.0 0.0 0.0 0.0888742882147491 0.0 0.0 0.0 0.6855182590322921 0.0 0.0
0 0.363770 0.544434 0.065430 0.069336 0.0 0.22181133031444067 0.0 0.1507023648373074 0.0 0.3098824782308777 0.0 0.25226184065544394 0.0 0.33565922566281237 0.0 0.3458991413934067 0.0
0 0.145020 0.835449 0.096680 0.104492 0.0 0.10603151834437358 0.02277997012441793 0.1730659130266935 0.02323380170036879 0.3200211627318314 0.19355454202519423 0.3145002982885836 0.2173781799450082 0.7232225236236993 0.724049974379516 0.7222907554402531 0.7351351260198992
0 0.376953 0.036133 0.095703 0.070312 0.09166551855180273 0.0 0.0 0.0 0.2542337276314377 0.0 0.0 0.0 0.22240723050570768 0.0 0.0 0.0 0.44389566755673304
0 0.343262 0.672363 0.071289 0.073242 0.0 0.1804807149633296 0.0 0.19290387692246963 0.0 0.26615249625099285 0.0 0.2715756798442335 0.0 0.32544300815726107 0.0 0.3590533268249437 0.0
0 0.056152 0.859863 0.083008 0.104492 0.0 0.24802763663320346 0.0 0.1816575240690394 0.0 0.08389247151441544 0.0 0.28364742953505684 0.0 0.728331050942329 0.0 0.730681187489669 0.0
0 0.803223 0.839355 0.028320 0.049805 0.0 0.20331039320999372 0.0 0.05863628319153964 0.0 0.2062761427576137 0.0 0.2343972390125485 0.0 0.8610166911684822 0.0 0.7290046037214034 0.0
0 0.986328 0.280762 0.027344 0.077148 0.0 0.3414010842331279 0.0 0.0 0.0 0.15859356520959997 0.0 0.0 0.0 0.8987967872997653 0.0 0.0 0.0
0 0.951660 0.299316 0.053711 0.069336 0.0 0.563765414728468 0.0 0.0 0.0 0.1612161400046473 0.0 0.0 0.0 0.8944873932794319 0.0 0.0 0.0
0 0.895996 0.336426 0.061523 0.077148 0.0 0.40414858126567105 0.0 0.0 0.0 0.15987270819053132 0.0 0.0 0.0 0.8771470607965851 0.0 0.0 0.0
0 0.689453 0.643555 0.080078 0.074219 0.0 0.1321255859418595 0.0 0.22868718160018323 0.0 0.2949248430772331 0.0 0.2738543429316628 0.0 0.7331927795935439 0.0 0.7123394733835078 0.0
0 0.831543 0.826660 0.028320 0.049805 0.0 0.17487140809340096 0.0 0.07622964456684811 0.0 0.22780928402278502 0.0 0.1872650704810766 0.0 0.7433632348316561 0.0 0.7156019511860595 0.0
