0 0.294434 0.356120 0.086914 0.092448 0.0 0.18411311623108753 0.0 0.21770238889618274 0.0 0.31807405218608337 0.0 0.3100465451854116 0.0 0.45224068896612885 0.0 0.44801107661302364 0.0
0 0.385742 0.367839 0.097656 0.100260 0.0 0.1960871591738208 0.0 0.177477564321791 0.0 0.3261591944193983 0.0 0.31833658535787784 0.0 0.46679248288383174 0.0 0.4467795935056699 0.0
0 0.051758 0.559245 0.087891 0.126302 0.0 0.19013726987200108 0.0 0.21218603301145578 0.0 0.343163294742846 0.0 0.33658962797334985 0.0 0.23154357273212967 0.0 0.28316301906594077 0.0
0 0.675293 0.665365 0.065430 0.098958 0.0 0.34551406284843456 0.0 0.09453972126689322 0.0 0.19608447589925368 0.0 0.1074150757445524 0.0 0.04278071210569834 0.0 0.07017988636211056 0.0
0 0.562500 0.518229 0.072266 0.080729 0.0 0.19478219377136072 0.0 0.2870152902067207 0.0 0.28650722100665243 0.0 0.28424804703423023 0.0 0.04598361742745685 0.0 0.0890419849920363 0.0
0 0.117188 0.341146 0.085938 0.106771 0.10216452643608301 0.10008230572713316 0.0 0.0943229234114349 0.0 0.23724190551443572 0.0 0.23332334034639027 0.0 0.467335407031857 0.0 0.4456450990845307 0.0
0 0.216797 0.636068 0.107422 0.136719 0.3555385360822968 0.0 0.0 0.0 0.0 0.0 0.0 0.0 0.0 0.0 0.0 0.0 0.0
0 0.662109 0.325521 0.085938 0.106771 0.0 0.22912465784307473 0.0 0.1217085515696117 0.0 0.3372380437400162 0.0 0.4210110246006144 0.0 0.053558107489524 0.0 0.051112320662033285 0.0
0 0.206543 0.350911 0.092773 0.097656 0.0 0.16755682214648598 0.0 0.19751446133179476 0.0 0.31242285164444367 0.0 0.29717154035288534 0.0 0.45023936764832434 0.0 0.454981815897957 0.0
0 0.619141 0.587240 0.068359 0.088542 0.0 0.1742716910622473 0.0 0.21684314609894387 0.0 0.25131471038299363 0.0 0.2740578106151803 0.0 0.05829066671857015 0.0 0.041071745067258 0.0
0 0.789551 0.460286 0.079102 0.105469 0.0 0.12368668213123137 0.0 0.15295905256834508 0.0 0.373226949312633 0.0 0.3598619633189838 0.0 0.04956130846020486 0.0 0.04491683800601215 0.0
0 0.620605 0.423177 0.083008 0.101562 0.0 0.16268320995429514 0.0 0.16115923228989043 0.0 0.4610218281766736 0.0 0.4756282398981122 0.0 0.054649723500873645 0.0 0.04897563997479671 0.0
0 0.680176 0.487630 0.077148 0.102865 0.0 0.15232810521425855 0.0 0.19034944548739496 0.0 0.2770712725811436 0.0 0.2652606763290918 0.0 0.043489839470494396 0.0 0.0994118817539127 0.0
0 0.737793 0.557943 0.090820 0.105469 0.0 0.14964076777784202 0.0 0.19836719564293792 0.0 0.2992059222389157 0.0 0.28122557360919725 0.0 0.04338131535368201 0.0 0.12732868627553337 0.0
0 0.899902 0.382161 0.084961 0.097656 0.0 0.16535745245379802 0.0 0.16406262034281258 0.0 0.28078581573375533 0.0 0.33626669503148776 0.0 0.0488350316784602 0.0 0.09119774447607369 0.0
0 0.130371 0.593099 0.083008 0.134115 0.0 0.15675084090737196 0.0 0.17888919065287145 0.0 0.28438991239555533 0.0 0.3211751443990792 0.0 0.289447934950252 0.0 0.28074998912316634 0.0
0 0.859863 0.691406 0.092773 0.109375 0.0 0.09499532572691405 0.06406499270361377 0.09586795527663983 0.0 0.2787849718864592 0.2641403862349399 0.2799727327901568 0.0 0.052506258357342024 0.04404525780446294 0.057996346702623214 0.0
0 0.836914 0.313151 0.083984 0.105469 0.0 0.1193787322503534 0.0 0.08380205185898962 0.0 0.30780979621454774 0.0 0.2952721190005302 0.0 0.0453087188464688 0.0 0.052022815036511676 0.0
0 0.502441 0.453776 0.077148 0.095052 0.0 0.08139082269212755 0.0 0.14403667356539437 0.0 0.2863135096198545 0.0 0.2741261802152762 0.0 0.042063392407832606 0.0 0.050179422870516216 0.0
0 0.557617 0.354167 0.080078 0.101562 0.0 0.06613051529636386 0.0 0.15087542362529224 0.0 0.35169391623660223 0.0 0.3340465030632066 0.0 0.06785096134669273 0.0 0.045877162603315785 0.0
0 0.796875 0.624349 0.085938 0.097656 0.0 0.16736599842059507 0.0 0.1362720429278049 0.0 0.2871671922966427 0.0 0.2748963251955555 0.0 0.053306946255544496 0.0 0.04998165094854888 0.0
0 0.727539 0.389974 0.085938 0.100260 0.0 0.19171662655426117 0.0 0.15735432527082188 0.0 0.37935322789419046 0.0 0.3023754929496956 0.0 0.06037994865055123 0.0 0.05158097768820274 0.0
0 0.936035 0.281250 0.071289 0.085938 0.0 0.11225366178417476 0.0 0.1325930256366131 0.0 0.29504310541751566 0.0 0.27381366712648486 0.0 0.0490550776062208 0.0 0.05219098947207562 0.0
0 0.454590 0.392578 0.069336 0.095052 0.0 0.10824989833213178 0.0 0.06137143804339953 0.0 0.36679661118793755 0.0 0.39490665166003547 0.0 0.06931569541420196 0.0 0.05777611104738582 0.0
0 0.907227 0.598307 0.095703 0.115885 0.0 0.12161460190258842 0.08850601356780552 0.06404061099409651 0.0 0.23860014462668772 0.2222469939091336 0.18106268543622828 0.0 0.05135021089482205 0.05581060015926798 0.017430183620120627 0.0
0 0.772461 0.244792 0.070312 0.080729 0.0 0.20037286409136057 0.0 0.2201901065486272 0.0 0.29913578465110363 0.0 0.30095295580592396 0.0 0.044356628421664365 0.0 0.045854395306082554 0.0
0 0.953125 0.430339 0.074219 0.097656 0.0 0.06737493150189851 0.022512961760948996 0.08568850737158541 0.0 0.3585286602784026 0.37162208172344885 0.3400411493660384 0.0 0.06935713189516667 0.977909778154617 0.05325042770333539 0.0
0 0.595215 0.258464 0.108398 0.115885 0.0 0.18118734526124897 0.0 0.13729636499994927 0.0 0.3057150184675279 0.0 0.2723850461381827 0.0 0.1977548217949105 0.0 0.04777671410248716 0.0
0 0.065918 0.775391 0.122070 0.149740 0.0 0.13992754960378204 0.0038674882650289637 0.16122830601798321 0.0 0.22356170790678329 0.43086225087461466 0.14041673499712642 0.0 0.2325169412275816 0.2274041715034034 0.18040508718341944 0.0
0 0.979980 0.490885 0.040039 0.111979 0.0 0.0 0.03869342956052384 0.05888868377613508 0.0706076892932458 0.0 0.3600797404398923 0.4194079304349852 0.36279286513836073 0.0 0.046227882699236035 0.026408087829148347 0.05796478364207442
0 0.734375 0.732422 0.062500 0.084635 0.0 0.18702889537228268 0.0 0.3523886937141634 0.0 0.2853081759832596 0.0 0.28109471712448336 0.0 0.044323274331217515 0.0 0.07633297611240267 0.0
0 0.933105 0.795573 0.077148 0.106771 0.016368668279450424 0.020445909509969315 0.0 0.1527659462786154 0.0878860564697446 0.3486742875851107 0.0 0.33119307411952315 0.3301041189446493 0.030617475233211403 0.0 0.05316831365131362 0.0352270838951019
0 0.858398 0.848958 0.064453 0.080729 0.0 0.1416280624621924 0.0 0.27933827231700514 0.0 0.2600494712764063 0.0 0.23002208280567815 0.0 0.045067954678225816 0.0 0.06717156748767365 0.0
0 0.365723 0.772786 0.086914 0.095052 0.0 0.14280515697514803 0.0 0.19253663751995947 0.0 0.28112836795089535 0.0 0.29272408091367197 0.0 0.14887408587369752 0.0 0.11689762137508998 0.0
0 0.035156 0.333984 0.068359 0.089844 0.052984581805724365 0.13921041387905528 0.0 0.11284745396327833 0.0 0.23302476411804715 0.0 0.23846898104026235 0.0 0.45303633011344446 0.0 0.4556049568232342 0.0
0 0.791992 0.798177 0.074219 0.085938 0.0 0.11077487072806433 0.0 0.15179924666360356 0.0 0.2671139893609973 0.0 0.26421921887605887 0.0 0.041938475837012136 0.0 0.08325744009401972 0.0
0 0.603027 0.972005 0.057617 0.055990 0.0 0.0 0.15434083720302522 0.24853412268754935 0.0 0.0 0.19792117553360192 0.31364166583122016 0.0 0.0 0.9704376270936137 0.02314371275182686 0.0
0 0.235840 0.879557 0.118164 0.139323 0.0 0.14544427121708672 0.0 0.15582440947734633 0.0 0.3372722750303063 0.0 0.3126734652255785 0.0 0.07565039230542563 0.0 0.07840477065523684 0.0
0 0.354980 0.129557 0.065430 0.084635 0.0 0.12245387572611387 0.0 0.21774198322442911 0.0 0.27174821272509697 0.0 0.2701086748114981 0.0 0.052032319119933924 0.0 0.05026366187027962 0.0
0 0.442383 0.851562 0.093750 0.091146 0.0 0.11393161316740898 0.0 0.13775587361676575 0.0 0.28045568581862856 0.0 0.2923180952923603 0.0 0.08994248725268655 0.0 0.1184609757851149 0.0
0 0.972168 0.326172 0.053711 0.082031 0.0 0.11674803154758392 0.0 0.14844781418474268 0.0 0.4817691245290805 0.0 0.4708802800467276 0.0 0.054216724025266345 0.0 0.043540478997263675 0.0
0 0.841797 0.522786 0.066406 0.087240 0.0 0.17845167496627434 0.0 0.1171432059089354 0.0 0.45407503403389826 0.0 0.4446411607887729 0.0 0.047730628035164493 0.0 0.05246582272868252 0.0
0 0.499023 0.918620 0.054688 0.069010 0.0 0.1596428646117934 0.0 0.2880065824570623 0.0 0.25467143029842915 0.0 0.25705896513344845 0.0 0.10314239700616706 0.0 0.08939093176763321 0.0
0 0.985352 0.845703 0.029297 0.082031 0.0 0.385100590784676 0.0 0.4148933072199774 0.0 0.287524819397921 0.0 0.3014832665843614 0.0 0.05627542235982285 0.0 0.03322640956486267 0.0
0 0.511230 0.296224 0.079102 0.079427 0.0 0.0 0.0 0.05082796967359966 0.17487847309719104 0.0 0.0 0.2589253339069297 0.20547624991171856 0.0 0.0 0.04958773168546632 0.0006361220805078776
0 0.677734 0.136719 0.078125 0.088542 0.0 0.15135512607538104 0.0 0.1620958369918423 0.010905297299529538 0.29581373522898396 0.0 0.25883712657443114 0.2663411414102632 0.2843542782127319 0.0 0.04576833492254037 0.025774709211730674
0 0.261719 0.202474 0.117188 0.097656 0.0 0.0975126361756417 0.0 0.13993479469065995 0.055737184403568694 0.3562815086255793 0.0 0.34498229629453125 0.3326065964275127 0.10111519686050723 0.0 0.40872474430007855 0.34593588022455796
0 0.891113 0.232422 0.059570 0.076823 0.0 0.1239944626891698 0.0 0.1743545652531146 0.0 0.40801674178426417 0.0 0.3797784191775505 0.0 0.07321847234298345 0.0 0.051484747911896354 0.0
0 0.855469 0.177734 0.070312 0.082031 0.0 0.13403567189543827 0.0 0.10014926117691154 0.0 0.3331757806860466 0.0 0.2584275931165997 0.0 0.03580048839388483 0.0 0.07000169431576385 0.0
0 0.153809 0.791016 0.055664 0.105469 0.0 0.11110421458406729 0.0 0.08424699180023341 0.0 0.2669781506399101 0.0 0.270064058863542 0.0 0.29275258442471835 0.0 0.2599550228491176 0.0
0 0.068359 0.163411 0.132812 0.074219 0.0 0.0 0.0 0.21179289448952915 0.0 0.0 0.0 0.16046213745465202 0.0 0.0 0.0 0.43735643685374853 0.0
0 0.971680 0.158203 0.056641 0.092448 0.0 0.0 0.28874667020275424 0.2890538767134855 0.0 0.0 0.32400887594323186 0.2653982872769615 0.0 0.0 0.976263892292121 0.049686283212441 0.0
0 0.903809 0.930990 0.065430 0.088542 0.0 0.09687889387021051 0.0 0.2452156379903741 0.0 0.2793932844740445 0.0 0.2963667162259298 0.0 0.0481168372872334 0.0 0.059242173207233705 0.0
0 0.422363 0.189453 0.079102 0.110677 0.0 0.06715791075374195 0.0 0.22835981166828379 0.0 0.2790296080661525 0.0 0.27367396928565846 0.0 0.05092730834871209 0.0 0.4497032053405643 0.0
0 0.541504 0.966146 0.059570 0.065104 0.0 0.09789197887810737 0.0 0.24433714562090936 0.0 0.306466272177413 0.0 0.3534015615949819 0.0 0.05134664401825546 0.0 0.08166705029021967 0.0
0 0.335938 0.956380 0.130859 0.087240 0.0 0.1361493185850332 0.030682966734534516 0.139738675948133 0.03742645225491027 0.40771991206251085 0.36992562636094684 0.19634373435612992 0.3767523488003672 0.07301884441938143 0.0499799926835128 0.08571765603200024 0.113132536846521
0 0.638184 0.857422 0.088867 0.108073 0.0 0.11225352006341832 0.0 0.17018922344530385 0.0 0.12584031367304818 0.0 0.1214032555432884 0.0 0.9816758205085155 0.0 0.9830695408445769 0.0
0 0.155762 0.062500 0.075195 0.122396 0.0 0.0 0.21621231027815896 0.0 0.2042754527523079 0.0 0.3648218715156158 0.0 0.316283122803693 0.0 0.3206699492739827 0.0 0.3230339523735419
0 0.484375 0.119792 0.072266 0.101562 0.0 0.1364630467648577 0.04320625048378047 0.05881986955439963 0.10470955149614224 0.2845745862840602 0.26243640194955126 0.25054802602884074 0.27798526136320467 0.023264321245748062 0.3086958687490424 0.8572970334846332 0.9774084625054585
0 0.417969 0.066406 0.072266 0.096354 0.0 0.1901891625488481 0.0 0.2198662306083119 0.0 0.29824294483439306 0.0 0.29400762657169444 0.0 0.04566294004592469 0.0 0.06209992435596708 0.0
0 0.285156 0.050781 0.072266 0.098958 0.0 0.12476626157648349 0.0 0.16420505164264948 0.02154488763915952 0.2850182118880409 0.0 0.2914360427788465 0.28224101858698053 0.06624664275828045 0.0 0.06714773771656944 0.33805778825388366
0 0.747559 0.080729 0.092773 0.093750 0.0 0.19083170098579139 0.0 0.10001030923885247 0.0 0.27841199300605596 0.0 0.28088153180076064 0.0 0.35592098426614394 0.0 0.0503715788591658 0.0
0 0.806641 0.139323 0.044922 0.062500 0.0 0.22116772966078033 0.0 0.22822964611808438 0.0 0.406393898696272 0.0 0.39522052883059006 0.0 0.049623045781202774 0.0 0.04191094764328006 0.0
0 0.724609 0.193359 0.052734 0.058594 0.0 0.15929162771144822 0.0 0.2013514151374501 0.0 0.30244568232706026 0.0 0.30325790541065956 0.0 0.05664330393761882 0.0 0.052649826402318925 0.0
0 0.903809 0.073568 0.100586 0.136719 0.0 0.18515885267051443 0.0 0.2042407056512864 0.0 0.2737869025360203 0.0 0.28666786522731996 0.0 0.05159484550359465 0.0 0.05049194197053958 0.0
0 0.815918 0.017578 0.067383 0.032552 0.0 0.0 0.0 0.30216918429496603 0.0 0.0 0.0 0.2988208366785836 0.0 0.0 0.0 0.43564401441032813 0.0
0 0.583008 0.034505 0.107422 0.066406 0.0 0.06519110210861707 0.0 0.23335047466287595 0.0 0.28068508987224433 0.0 0.29289605358450266 0.0 0.03426293692072417 0.0 0.3546114221684449 0.0
0 0.354004 0.024740 0.069336 0.046875 0.0 0.04724892509007055 0.0 0.2349190034002523 0.0 0.3001718046551374 0.0 0.2800287000820281 0.0 0.09615037029832034 0.0 0.04952387649217624 0.0
0 0.977539 0.702474 0.044922 0.095052 0.0 0.053048112165066066 0.0 0.11390924669162764 0.1619367177690667 0.33559464264861516 0.0 0.35212890574239525 0.32016147899696706 0.04396002210385896 0.0 0.04258774349903768 0.04001975174470924
0 0.967285 0.970703 0.065430 0.058594 0.0 0.12697228969233895 0.0 0.14124653902453438 0.0 0.2913953441212799 0.0 0.2764023496340044 0.0 0.05305969340759004 0.0 0.04362061988352524 0.0
