0 0.186849 0.858724 0.113281 0.121094 0.0 0.22355065777055563 0.0 0.1800391206945603 0.0 0.28587608984235047 0.0 0.28316418195109416 0.0 0.6372209784030288 0.0 0.6507998484166465 0.0
0 0.291667 0.843099 0.114583 0.134115 0.0 0.1755625903194356 0.0 0.18668992392114514 0.0 0.2520284399775417 0.0 0.2570121212308415 0.0 0.6372125328648198 0.0 0.642661753911567 0.0
0 0.395833 0.819010 0.119792 0.109375 0.0 0.16451417919949776 0.0 0.24637347529583875 0.0 0.2873832447974281 0.0 0.3257427360961691 0.0 0.6490980486035222 0.0 0.6007895068777764 0.0
0 0.555990 0.772786 0.239583 0.121094 0.0 0.14300631210974485 0.034892142137083464 0.1776326459819471 0.0 0.2953553172966769 0.286142296273967 0.26592145699352665 0.0 0.6431333202923408 0.6397624802729182 0.6489191178831883 0.0
0 0.166016 0.663411 0.136719 0.113281 0.0 0.13423996650080602 0.0 0.06469363107316833 0.0 0.3164750972975592 0.0 0.3089757650537365 0.0 0.6574763842450512 0.0 0.6522345494585668 0.0
0 0.056641 0.699219 0.108073 0.114583 0.0 0.14556235861808164 0.0 0.11085472683357249 0.0 0.2526089567869787 0.0 0.26578775879836447 0.0 0.6588243138726112 0.0 0.6519351017476935 0.0
0 0.067708 0.873047 0.132812 0.097656 0.0 0.21484054372122616 0.0 0.22392203171569572 0.0 0.29494267438580746 0.0 0.3074544651222462 0.0 0.6604611307617093 0.0 0.6620699641111312 0.0
0 0.617839 0.266927 0.352865 0.234375 0.17362964497500136 0.0 0.0 0.06656691537725218 0.0010142218383047891 0.0 0.0 0.09166250092393348 0.21396168935048 0.0 0.0 0.8442547113735032 0.9004590959701501
0 0.197917 0.132161 0.083333 0.092448 0.0 0.0 0.0 0.0 0.3682488876570275 0.0 0.0 0.0 0.15952326099519296 0.0 0.0 0.0 0.27247446362540273
0 0.860026 0.795573 0.277344 0.367188 0.0 0.10664903893249188 0.0 0.10972714989061776 0.0 0.1202576383888273 0.0 0.12633189046088447 0.0 0.6335247717899541 0.0 0.6528150670255862 0.0
0 0.103516 0.273438 0.082031 0.075521 0.0 0.0 0.0 0.0 0.5727493609853139 0.0 0.0 0.0 0.1590403543386006 0.0 0.0 0.0 0.03386575130252759
0 0.889323 0.498698 0.221354 0.122396 0.5188111647979059 0.0 0.0 0.0 0.0 0.0 0.0 0.0 0.0 0.0 0.0 0.0 0.0
0 0.308594 0.434245 0.236979 0.186198 0.26406299290907 0.0 0.0 0.0 0.0 0.0 0.0 0.0 0.0 0.0 0.0 0.0 0.0
0 0.709635 0.544271 0.148438 0.111979 0.3778441321684622 0.0 0.005650978862050519 0.0 0.0 0.0 0.11524576575538291 0.0 0.0 0.0 0.6415597971211379 0.0 0.0
0 0.020182 0.350260 0.037760 0.088542 0.0 0.43379995185398607 0.0 0.0 0.0 0.1633208979641406 0.0 0.0 0.0 0.8889122746628902 0.0 0.0 0.0
0 0.889323 0.119141 0.221354 0.149740 0.1939987285321014 0.0 0.0 0.0588467421628085 0.0 0.0 0.0 0.1032623228268627 0.0 0.0 0.0 0.8322232572595346 0.0
0 0.160156 0.207031 0.083333 0.093750 0.0 0.0 0.0 0.0 0.4831363300225228 0.0 0.0 0.0 0.1588005906609166 0.0 0.0 0.0 0.1532702076808012
0 0.056641 0.317708 0.082031 0.075521 0.1756205591395462 0.0 0.0 0.12468343492072109 0.0 0.0 0.0 0.3023729207126989 0.0 0.0 0.0 0.8980992175484555 0.0
0 0.566406 0.587240 0.148438 0.111979 0.30033137637079127 0.0 0.0 0.0 0.0 0.0 0.0 0.0 0.0 0.0 0.0 0.0 0.0
0 0.416667 0.618490 0.148438 0.111979 0.21062420461649134 0.0 0.0 0.0 0.0 0.0 0.0 0.0 0.0 0.0 0.0 0.0 0.0
0 0.693359 0.130208 0.136719 0.135417 0.33124847884845826 0.0 0.0 0.0 0.0 0.0 0.0 0.0 0.0 0.0 0.0 0.0 0.0
