0 0.898926 0.099609 0.098633 0.097656 0.0 0.132027929326853 0.0 0.06161802324163676 0.0 0.27171897415480833 0.0 0.26615679547558085 0.0 0.022225904818933787 0.0 0.020209463484389466 0.0
0 0.451172 0.803223 0.105469 0.094727 0.0 0.03210440865068478 0.09868449838659295 0.14290889910157167 0.0 0.36821647781952876 0.33938993372947224 0.28430668748123844 0.0 0.9881057605931656 0.7895427917456661 0.02269625951003581 0.0
0 0.560059 0.908691 0.071289 0.063477 0.0 0.19327731743338314 0.0 0.28857390322833004 0.0 0.21936239558025905 0.0 0.21431772812699168 0.0 0.07054896195983855 0.0 0.10758503789673139 0.0
0 0.721680 0.747070 0.083984 0.076172 0.0 0.08194819370461372 0.0 0.2138542980391567 0.0 0.26568863719936364 0.0 0.2705878598603636 0.0 0.0509896148521407 0.0 0.07872399766785192 0.0
0 0.384277 0.768555 0.071289 0.066406 0.0 0.1475174570829323 0.0 0.1886869458779183 0.0 0.27458825600452585 0.0 0.2788694320642088 0.0 0.006395120033650494 0.0 0.043396286114785694 0.0
0 0.375488 0.440430 0.081055 0.078125 0.0 0.12492970624341826 0.0 0.1554477975046646 0.0 0.2513147103829936 0.0 0.2740578106151803 0.0 0.05829066671857015 0.0 0.041071745067258 0.0
0 0.698242 0.592773 0.076172 0.085938 0.007633398917329176 0.0380636879961557 0.0 0.11941016444792357 0.10149634554067699 0.3104261153254248 0.0 0.32775000890276573 0.32584238323012765 0.08803382883462187 0.0 0.05467915149572049 0.041003602549154215
0 0.257812 0.687012 0.058594 0.053711 0.0 0.14358182489933416 0.0 0.25903137476744265 0.0 0.25467143029842915 0.0 0.25705896513344845 0.0 0.10314239700616706 0.0 0.08939093176763321 0.0
0 0.815430 0.945312 0.126953 0.097656 0.0 0.0 0.10166680056086994 0.04526968819884936 0.12897293463106627 0.0 0.21542439701471577 0.22553056771737 0.21140305723985983 0.0 0.04583711001933079 0.04665968796773382 0.06515530323630085
0 0.313965 0.390625 0.084961 0.076172 0.0 0.13169182213719466 0.0 0.1940504201987083 0.0 0.28650722100665243 0.0 0.28424804703423023 0.0 0.04598361742745685 0.0 0.0890419849920363 0.0
0 0.792480 0.176270 0.081055 0.084961 0.0 0.1992651325989978 0.0 0.19430578592871697 0.0 0.27058868805043795 0.0 0.26907862240220964 0.0 0.04674537324739016 0.0 0.04805918037016252 0.0
0 0.648438 0.286133 0.085938 0.076172 0.0 0.1571907600904767 0.0 0.15595987729266492 0.0 0.28078581573375533 0.0 0.33626669503148776 0.0 0.0488350316784602 0.0 0.09119774447607369 0.0
0 0.487793 0.418457 0.090820 0.079102 0.0 0.14964076777784202 0.0 0.19836719564293792 0.0 0.2992059222389157 0.0 0.28122557360919725 0.0 0.04338131535368201 0.0 0.12732868627553337 0.0
0 0.430176 0.504395 0.086914 0.094727 0.0 0.20379446403616694 0.0 0.0557623376220341 0.0 0.19608447589925368 0.0 0.1074150757445524 0.0 0.04278071210569834 0.0 0.07017988636211056 0.0
0 0.687012 0.211914 0.059570 0.052734 0.0 0.1641888714256691 0.0 0.19393843276174924 0.0 0.29504310541751566 0.0 0.27381366712648486 0.0 0.0490550776062208 0.0 0.05219098947207562 0.0
0 0.320801 0.927734 0.088867 0.093750 0.0 0.09722493380124281 0.012042146293907598 0.03421662132757847 0.07520789040764579 0.32659227680711433 0.3966459148217095 0.18411157224256627 0.2313301315710638 0.07734868314449828 0.09040892339996781 0.9938147944468413 0.19048467271528252
0 0.777344 0.797363 0.076172 0.071289 0.0 0.09348470825590446 0.0 0.21969612779226194 0.0 0.27088116636600107 0.0 0.2722918423606087 0.0 0.04132091289955682 0.0 0.04672319536850801 0.0
0 0.429688 0.366699 0.076172 0.077148 0.0 0.1542810296400824 0.0 0.19278982299364364 0.0 0.2770712725811436 0.0 0.2652606763290918 0.0 0.043489839470494396 0.0 0.0994118817539127 0.0
0 0.870117 0.747070 0.070312 0.060547 0.0 0.2594945817554623 0.0 0.13656376478766957 0.0 0.2773434003458079 0.0 0.27470903666104957 0.0 0.05661898087507448 0.0 0.04711251615119889 0.0
0 0.411621 0.245117 0.084961 0.080078 0.0 0.23175827459989168 0.0 0.12310750043822795 0.0 0.3372380437400162 0.0 0.4210110246006144 0.0 0.053558107489524 0.0 0.051112320662033285 0.0
0 0.618164 0.942383 0.083984 0.068359 0.0 0.1928188907848394 0.0 0.30010786123509786 0.0 0.29483881419285596 0.0 0.2730949374325604 0.0 0.03897580539352832 0.0 0.08515166102277855 0.0
0 0.732910 0.120605 0.098633 0.094727 0.0 0.12611628697110633 0.0 0.11318128569853007 0.0 0.26486323775090015 0.0 0.27074544917361054 0.0 0.05142431844731669 0.0 0.05672183340349887 0.0
0 0.540039 0.345215 0.080078 0.079102 0.0 0.1221783079588993 0.0 0.15109369826873115 0.0 0.373226949312633 0.0 0.3598619633189838 0.0 0.04956130846020486 0.0 0.04491683800601215 0.0
0 0.545898 0.467285 0.083984 0.073242 0.0 0.17125823094200424 0.0 0.1394411602051957 0.0 0.2871671922966427 0.0 0.2748963251955555 0.0 0.053306946255544496 0.0 0.04998165094854888 0.0
0 0.609863 0.518555 0.092773 0.082031 0.0 0.09499532572691405 0.06406499270361377 0.09586795527663983 0.0 0.2787849718864592 0.2641403862349399 0.2799727327901568 0.0 0.052506258357342024 0.04404525780446294 0.057996346702623214 0.0
0 0.098145 0.085449 0.083008 0.077148 0.0 0.07941721947687654 0.0 0.1412161335729544 0.0 0.27174821272509697 0.0 0.2701086748114981 0.0 0.052032319119933924 0.0 0.05026366187027962 0.0
0 0.808594 0.699219 0.076172 0.070312 0.0 0.12052461754752626 0.0 0.17741608866095662 0.0 0.28405676032245214 0.0 0.26248384666847663 0.0 0.028797836947329278 0.0 0.05038159646994858 0.0
0 0.237793 0.845703 0.077148 0.070312 0.0 0.19663392050687917 0.0 0.2160710376204798 0.0 0.35705533034224074 0.0 0.20545160439894083 0.0 0.07685413725564962 0.0 0.07296478215969715 0.0
0 0.836914 0.038574 0.097656 0.075195 0.0 0.0 0.1781727251550062 0.0 0.12030484892154769 0.0 0.2866851185573417 0.0 0.28127692200250765 0.0 0.9056124534630043 0.0 0.9073293289771411
0 0.754883 0.643066 0.070312 0.071289 0.0 0.17220023904133486 0.0 0.13271285602536076 0.0 0.28741568746400603 0.0 0.28611137864488184 0.0 0.05356304040392459 0.0 0.04609739825855349 0.0
0 0.931641 0.294434 0.083984 0.096680 0.05151333270766265 0.16674815847702112 0.0 0.1496581760392433 0.0 0.29018596161772503 0.0 0.3010772017858694 0.0 0.04395662047807208 0.0 0.04348840810830486 0.0
0 0.369629 0.317383 0.083008 0.076172 0.0 0.16268320995429514 0.0 0.16115923228989043 0.0 0.4610218281766736 0.0 0.4756282398981122 0.0 0.054649723500873645 0.0 0.04897563997479671 0.0
0 0.702148 0.322754 0.072266 0.073242 0.0 0.06919587559654443 0.02312142018692059 0.08800441297622287 0.0 0.3585286602784026 0.37162208172344885 0.3400411493660384 0.0 0.06935713189516667 0.977909778154617 0.05325042770333539 0.0
0 0.586426 0.234375 0.083008 0.078125 0.0 0.12229297777293556 0.0 0.08584780783084142 0.0 0.30780979621454774 0.0 0.2952721190005302 0.0 0.0453087188464688 0.0 0.052022815036511676 0.0
0 0.135742 0.275391 0.097656 0.076172 0.0 0.1935732212356949 0.0 0.17520221093305008 0.0 0.3261591944193983 0.0 0.31833658535787784 0.0 0.46679248288383174 0.0 0.4467795935056699 0.0
0 0.747559 0.380371 0.069336 0.057617 0.0 0.0 0.07967079425921614 0.05117471127449242 0.04901285934231443 0.0 0.37511137729738564 0.4242830402180665 0.3616380090220017 0.0 0.08591373042695305 0.024792823981431095 0.052123302299916456
0 0.174316 0.037109 0.075195 0.062500 0.0 0.2113384444231924 0.0 0.24431564099251538 0.0 0.29824294483439306 0.0 0.29400762657169444 0.0 0.04566294004592469 0.0 0.06209992435596708 0.0
0 0.658691 0.448730 0.096680 0.086914 0.0 0.12038617158034005 0.08761201343075697 0.06339373613557028 0.0 0.23860014462668772 0.2222469939091336 0.18106268543622828 0.0 0.05135021089482205 0.05581060015926798 0.017430183620120627 0.0
0 0.956055 0.538086 0.085938 0.083984 0.04089228121655153 0.04938583443069973 0.12972254330646674 0.0 0.15030473359152913 0.28207697125067516 0.24541223754770397 0.0 0.23969709492397584 0.04079536778841973 0.030732001607539916 0.0 0.14100258080353223
0 0.870605 0.639648 0.075195 0.074219 0.0 0.1839792095512288 0.0 0.250323054818827 0.0 0.231483268059015 0.0 0.18300972911885063 0.0 0.04959796380875064 0.0 0.06795096796296289 0.0
0 0.594727 0.650879 0.074219 0.073242 0.0 0.10167404063075286 0.0 0.20053547549494477 0.0 0.2600494712764063 0.0 0.23002208280567815 0.0 0.045067954678225816 0.0 0.06717156748767365 0.0
0 0.180176 0.818359 0.073242 0.066406 0.06892211118533377 0.15627046089050084 0.0 0.12406838186838502 0.0 0.2023057251331379 0.0 0.20795447566041772 0.0 0.05634952991231749 0.0 0.04935494314670481 0.0
0 0.477539 0.292480 0.083984 0.075195 0.0 0.1961751527531975 0.0 0.16101372818409682 0.0 0.37935322789419046 0.0 0.3023754929496956 0.0 0.06037994865055123 0.0 0.05158097768820274 0.0
0 0.734375 0.253418 0.050781 0.051758 0.0 0.029088669170440153 0.0 0.10666965657184584 0.0 0.5031534556029051 0.0 0.4774291628382803 0.0 0.11972412314519774 0.0 0.03232075492065607 0.0
0 0.879395 0.476074 0.141602 0.108398 0.0 0.1601311605124643 0.008490315721236341 0.1376040489632452 0.020154738027818773 0.3191812688274961 0.31302962870193823 0.3340904320053829 0.3262239006157515 0.05187469353208824 0.044109385691670396 0.05168798398519969 0.08137806498895182
0 0.966797 0.967773 0.066406 0.064453 0.0 0.1589016332347388 0.0 0.04114013594216425 0.10748723873065433 0.2639347259374425 0.0 0.2391101131681832 0.28049118864201467 0.06115464388441217 0.0 0.02002110204527854 0.06350467418688102
0 0.291992 0.718750 0.056641 0.054688 0.0 0.09192442597851833 0.0 0.22944220878810764 0.0 0.306466272177413 0.0 0.3534015615949819 0.0 0.05134664401825546 0.0 0.08166705029021967 0.0
0 0.086426 0.719238 0.122070 0.092773 0.0 0.10293461745317288 0.023197614765696914 0.10564832275051268 0.028295973755333423 0.40771991206251096 0.36992562636094684 0.19634373435612992 0.37675234880036723 0.07301884441938143 0.0499799926835128 0.08571765603200024 0.113132536846521
0 0.662109 0.979980 0.074219 0.040039 0.0 0.0 0.24448011394888264 0.0 0.10529070079167206 0.0 0.3061963743794093 0.0 0.29509131463248955 0.0 0.869285257561393 0.0 0.8635939847259048
0 0.679199 0.071289 0.073242 0.083984 0.0 0.0 0.21368495844820146 0.20078585184631412 0.0 0.0 0.29761911742679587 0.2694075698977294 0.0 0.0 0.9116040851304165 0.21307351507803926 0.0
0 0.522949 0.181641 0.092773 0.072266 0.0 0.12723534357095787 0.0 0.13981915158365177 0.0 0.29913578465110363 0.0 0.30095295580592396 0.0 0.044356628421664365 0.0 0.045854395306082554 0.0
0 0.657227 0.695801 0.078125 0.073242 0.0 0.07356337341211319 0.0 0.18620040778069077 0.0 0.2793932844740445 0.0 0.2963667162259298 0.0 0.0481168372872334 0.0 0.059242173207233705 0.0
0 0.937500 0.798828 0.093750 0.078125 0.0 0.11050212538943163 0.028523493809251597 0.06332723061349702 0.007426640510418552 0.12951855453059613 0.41753583354453855 0.4051296930520165 0.3969879705814615 0.12075976955084866 0.04571743989526327 0.05332905076978136 0.9421655970800822
0 0.208496 0.645508 0.063477 0.060547 0.0 0.1603987060090766 0.0 0.15598694720802733 0.0 0.2810730501812263 0.0 0.290084753463124 0.0 0.1272817274618169 0.0 0.12141009968674502 0.0
0 0.333496 0.020020 0.112305 0.038086 0.0 0.08154338524623005 0.0 0.29188320242112237 0.0 0.28068508987224433 0.0 0.29289605358450266 0.0 0.03426293692072417 0.0 0.3546114221684449 0.0
0 0.508301 0.860352 0.090820 0.076172 0.0 0.1225471549379767 0.0 0.2745344247613716 0.0 0.21594002896135028 0.0 0.2916326785617645 0.0 0.11098569295756965 0.0 0.21148891119059637 0.0
0 0.490234 0.543945 0.076172 0.078125 0.0 0.12468593024818843 0.0 0.23492579580944226 0.0 0.2853081759832596 0.0 0.28109471712448336 0.0 0.044323274331217515 0.0 0.07633297611240267 0.0
0 0.047363 0.041992 0.088867 0.074219 0.0 0.10145827864461293 0.0 0.1335293826544622 0.01752001851975609 0.2850182118880409 0.0 0.2914360427788465 0.28224101858698053 0.06624664275828045 0.0 0.06714773771656944 0.33805778825388366
0 0.634277 0.037598 0.096680 0.073242 0.0 0.25128582077926975 0.0 0.22586970973471096 0.0 0.2699047123517362 0.0 0.2800780638238047 0.0 0.05201319459025792 0.0 0.05200854753024563 0.0
0 0.968750 0.045410 0.062500 0.073242 0.0 0.04736679857526622 0.0 0.14936467488680508 0.0 0.2008362283034513 0.0 0.22003808918014794 0.0 0.0572526327025747 0.0 0.04722711154727348 0.0
0 0.539551 0.605469 0.086914 0.072266 0.016616623832132384 0.11802277270017413 0.0 0.10416099976577499 0.016282674203246937 0.26349040255717393 0.0 0.2697578749080498 0.2607540359295184 0.03284669719632202 0.0 0.1476987386280264 0.12522742411448903
0 0.307129 0.266113 0.083008 0.077148 0.0 0.06298894651311143 0.0 0.143707998437434 0.0 0.35169391623660223 0.0 0.3340465030632066 0.0 0.06785096134669273 0.0 0.045877162603315785 0.0
0 0.378906 0.955078 0.070312 0.056641 0.0 0.17490274629657457 0.0 0.15504698038030656 0.0 0.2986330636119627 0.0 0.2882241743916882 0.0 0.0761718393030607 0.0 0.07604413500150176 0.0
0 0.253418 0.340820 0.075195 0.068359 0.0 0.08708365017912795 0.0 0.1541112238314711 0.0 0.2863135096198545 0.0 0.2741261802152762 0.0 0.042063392407832606 0.0 0.050179422870516216 0.0
0 0.114258 0.586914 0.083984 0.062500 0.0 0.16856924143668908 0.0 0.22727298945624577 0.0 0.28112836795089535 0.0 0.29272408091367197 0.0 0.14887408587369752 0.0 0.11689762137508998 0.0
0 0.043945 0.267578 0.085938 0.072266 0.0 0.1786564467850495 0.0 0.21125021428669824 0.0 0.31807405218608337 0.0 0.3100465451854116 0.0 0.45224068896612885 0.0 0.44801107661302364 0.0
0 0.344238 0.193848 0.108398 0.086914 0.0 0.18118734526124897 0.0 0.13729636499994927 0.0 0.3057150184675279 0.0 0.2723850461381827 0.0 0.1977548217949105 0.0 0.04777671410248716 0.0
0 0.603516 0.133301 0.060547 0.047852 0.0 0.20012699398212905 0.0 0.1495316157664486 0.0 0.3331757806860466 0.0 0.2584275931165997 0.0 0.03580048839388483 0.0 0.07000169431576385 0.0
0 0.147461 0.773438 0.080078 0.058594 0.0 0.16924264580988357 0.0 0.043514169706396544 0.02921036142118115 0.2940587357424114 0.0 0.32860725727586865 0.21793829461389613 0.03799024704179088 0.0 0.0016111619384076904 0.9755527759989566
0 0.646484 0.176758 0.046875 0.042969 0.0 0.211295488266251 0.0 0.2971127274365338 0.0 0.40801674178426406 0.0 0.3797784191775505 0.0 0.07321847234298343 0.0 0.051484747911896354 0.0
0 0.049316 0.152832 0.096680 0.075195 0.0 0.09369813070920689 0.0 0.11554583011389029 0.0 0.3764760976514112 0.0 0.36523666417835216 0.0 0.10079429180600283 0.0 0.4378082918128396 0.0
0 0.441406 0.103516 0.082031 0.064453 0.0 0.14851585242605933 0.0 0.1590550781449535 0.010700724622914989 0.29581373522898396 0.0 0.25883712657443114 0.2663411414102632 0.2843542782127319 0.0 0.04576833492254037 0.025774709211730674
0 0.950684 0.155273 0.077148 0.068359 0.016851283332828905 0.13326978805366713 0.0 0.11312863603083981 0.0 0.1700490749946946 0.0 0.16692134210617174 0.0 0.08675297863776758 0.0 0.17258825179170573 0.0
0 0.834961 0.848633 0.076172 0.068359 0.0 0.24761974456161945 0.0 0.19049090270547817 0.0 0.28765103389966773 0.0 0.26117001987378846 0.0 0.010594092662402075 0.0 0.05616190967353955 0.0
0 0.334961 0.742188 0.070312 0.058594 0.0 0.0 0.11543053266500176 0.2006604377436847 0.0 0.0 0.18367891099133588 0.31071359757534994 0.0 0.0 0.979702968430213 0.02611059514529883 0.0
0 0.205078 0.294922 0.070312 0.070312 0.0 0.10822901679310165 0.0 0.06135959941723375 0.0 0.36679661118793755 0.0 0.39490665166003547 0.0 0.06931569541420196 0.0 0.05777611104738582 0.0
0 0.164062 0.135742 0.087891 0.083984 0.0 0.0881857946619416 0.0 0.19446067895883395 0.0 0.282957130073911 0.0 0.2756584020365716 0.0 0.04574642013578046 0.0 0.4244222118601249 0.0
0 0.887207 0.887207 0.065430 0.069336 0.0 0.1279702068981095 0.13595905207566045 0.08075410263918145 0.0 0.23991938964226997 0.2772569762729419 0.2834494297695176 0.0 0.038186121688988724 0.05541262780362912 0.027156372998218596 0.0
0 0.580078 0.014160 0.111328 0.026367 0.0 0.0 0.0 0.16934432843041472 0.0 0.0 0.0 0.29882083667858356 0.0 0.0 0.0 0.43564401441032813 0.0
0 0.979492 0.181152 0.041016 0.059570 0.0 0.11681530455138406 0.0 0.23093447405996836 0.0 0.27915976039644347 0.0 0.2771378657866191 0.0 0.10899074648299047 0.0 0.10298923127720216 0.0
0 0.933594 0.014648 0.083984 0.027344 0.0 0.0 0.0 0.0 0.20566316324254127 0.0 0.0 0.0 0.33508243819572414 0.0 0.0 0.0 0.9015083648086457
0 0.237793 0.093750 0.067383 0.064453 0.0 0.17296106849511608 0.05476207241817762 0.07455166602283589 0.13271487291078898 0.2845745862840602 0.26243640194955126 0.25054802602884074 0.27798526136320467 0.023264321245748062 0.3086958687490424 0.8572970334846332 0.9774084625054585
0 0.591309 0.392578 0.065430 0.066406 0.0 0.17845167496627434 0.0 0.1171432059089354 0.0 0.45407503403389826 0.0 0.4446411607887729 0.0 0.047730628035164493 0.0 0.05246582272868252 0.0
0 0.020996 0.665039 0.040039 0.085938 0.0 0.08817438840829736 0.0 0.06390040838650882 0.0 0.342216209966208 0.0 0.3204543859401731 0.0 0.09861337445852235 0.0 0.06019399801357016 0.0
0 0.986816 0.579590 0.026367 0.084961 0.0 0.06372951323556203 0.0 0.12294703642633609 0.026178624529319065 0.3490189599397112 0.0 0.3287772026604541 0.3426818367266161 0.023250926485875727 0.0 0.04944995866715879 0.06988422265365463
0 0.719238 0.115234 0.073242 0.083984 0.0 0.0 0.18435019967363442 0.1845463355513385 0.0 0.0 0.32400887594323186 0.2653982872769615 0.0 0.0 0.976263892292121 0.049686283212441 0.0
0 0.979980 0.351562 0.040039 0.078125 0.0 0.05001637899136305 0.0 0.1656873336581366 0.0 0.2497756753611459 0.0 0.2385911193891902 0.0 0.04246743604273422 0.0 0.0635723613590402 0.0
0 0.497070 0.057617 0.105469 0.066406 0.0 0.17773540778088412 0.0 0.09314685664402926 0.0 0.2784119930060559 0.0 0.28088153180076064 0.0 0.35592098426614394 0.0 0.0503715788591658 0.0
0 0.836426 0.598633 0.049805 0.050781 0.0 0.13568150575180218 0.0 0.07135934085593042 0.0 0.2801755199724045 0.0 0.26083796862420877 0.0 0.04710285775944961 0.0 0.05468279426327772 0.0
0 0.163086 0.626465 0.050781 0.055664 0.0 0.08368315981352177 0.0 0.1951894381241441 0.023526622616615797 0.17480637205195604 0.0 0.27963766610236046 0.2949824940323768 0.25026155432543834 0.0 0.12822783471278948 0.8756362153605636
0 0.799805 0.573730 0.046875 0.051758 0.0 0.11205755157769846 0.13868126073948409 0.2049165111535217 0.0 0.2670002358443512 0.30827252397081645 0.24585675860896675 0.0 0.064207358988454 0.8000131944079082 0.06002627892395114 0.0
0 0.886230 0.236816 0.055664 0.055664 0.0 0.14728431726407387 0.038609989853648975 0.041806435557339566 0.03332508376779657 0.11041065908691328 0.15642559504279188 0.2960720768470312 0.23368806586062846 0.08948387799541556 0.006089403295261617 0.07605916141767592 0.04612806581044235
0 0.982422 0.747559 0.035156 0.112305 0.0 0.13595404557462776 0.045468602846611514 0.06639918989165876 0.07040638913870306 0.341685824109325 0.3762397819092689 0.335488048384806 0.3932460882745584 0.04592613000194253 0.0560051846596227 0.03884738012755709 0.019701760347699823
0 0.858398 0.223633 0.044922 0.060547 0.0 0.15592503870358929 0.11562940591553339 0.06987244145956754 0.029031461816385547 0.29835746781794786 0.1469723429872629 0.297954987128004 0.16666115252429625 0.06554398906353008 0.49645516619176844 0.057044066550342144 0.08963864755314685
0 0.428711 0.978027 0.082031 0.043945 0.076526412316352 0.2762517607095924 0.0 0.04726279985879442 0.0 0.354781113195316 0.0 0.18472979439632004 0.0 0.07205520839930328 0.0 0.06691308277308426 0.0
0 0.282715 0.890625 0.077148 0.070312 0.0 0.1873755746951177 0.0 0.14304483751296734 0.0 0.1520679533232745 0.0 0.1552808529708152 0.0 0.06085339459651928 0.0 0.0781602793883533 0.0
0 0.929199 0.684570 0.075195 0.074219 0.0 0.18079281082584125 0.0 0.180011477664182 0.0 0.2664362917796256 0.0 0.2747917667337061 0.0 0.05904388775790592 0.0 0.05453526217720568 0.0
0 0.745605 0.529297 0.094727 0.072266 0.0 0.09196946863958498 0.0 0.10502205941520501 0.08370474945249336 0.34522725933746923 0.0 0.354458125114056 0.3232843677700667 0.03443532330627619 0.0 0.033480217477761205 0.038193662724611006
0 0.792480 0.312012 0.069336 0.057617 0.0 0.10999125149419685 0.034879874269176096 0.15218301259976194 0.0 0.3490854264368329 0.3434206913855561 0.3352076487874411 0.0 0.05158737024100301 0.037686920869612096 0.05789267960922062 0.0
0 0.556152 0.103516 0.055664 0.054688 0.0 0.15298820397587815 0.0 0.15787313866814862 0.0 0.406393898696272 0.0 0.39522052883059006 0.0 0.049623045781202774 0.0 0.04191094764328006 0.0
0 0.480957 0.140625 0.055664 0.054688 0.0 0.12126524290063262 0.0 0.15328444197493857 0.0 0.30244568232706026 0.0 0.30325790541065956 0.0 0.05664330393761882 0.0 0.052649826402318925 0.0
0 0.383301 0.641113 0.086914 0.094727 0.0 0.09821045257025353 0.0 0.14889832094085256 0.0 0.12584031367304818 0.0 0.1214032555432884 0.0 0.9816758205085155 0.0 0.9830695408445769 0.0
