0 0.593750 0.811523 0.135417 0.087891 0.0 0.03593224198980489 0.11045072704037903 0.15994803707137445 0.0 0.36821647781952876 0.33938993372947224 0.28430668748123844 0.0 0.9881057605931656 0.7895427917456661 0.022696259510035805 0.0
0 0.749349 0.911133 0.108073 0.062500 0.0 0.17264700135945085 0.0 0.2577716812534688 0.0 0.21936239558025905 0.0 0.21431772812699168 0.0 0.07054896195983855 0.0 0.10758503789673139 0.0
0 0.409505 0.400391 0.113281 0.076172 0.0 0.08071962061775419 0.0 0.18492345992585188 0.0 0.29684032710055597 0.0 0.29061127202808934 0.0 0.04256370376453605 0.0 0.054971025276301724 0.0
0 0.477214 0.461914 0.108073 0.078125 0.0 0.08311989499509846 0.0 0.20872009992901727 0.0 0.2778160834846245 0.0 0.21790219997029422 0.0 0.04638079292769304 0.0 0.037983137078524055 0.0
0 0.440755 0.921387 0.108073 0.075195 0.0 0.14224200092928527 0.017609991083459377 0.10037607350014634 0.04182530453860056 0.3251536512402252 0.37113744690830147 0.20315827575464848 0.2443659181585059 0.07668604098031784 0.06573831806337706 0.6609681534894192 0.03737418728708139
0 0.513021 0.770508 0.083333 0.058594 0.0 0.19069704608324894 0.0 0.24391718732760062 0.0 0.27458825600452585 0.0 0.2788694320642088 0.0 0.006395120033650494 0.0 0.043396286114785694 0.0
0 0.564453 0.511230 0.115885 0.094727 0.0 0.20379446403616694 0.0 0.0557623376220341 0.0 0.19608447589925368 0.0 0.1074150757445524 0.0 0.04278071210569834 0.0 0.07017988636211056 0.0
0 0.649740 0.418457 0.119792 0.079102 0.0 0.15126729786238377 0.0 0.20052336081296984 0.0 0.2992059222389157 0.0 0.28122557360919725 0.0 0.04338131535368201 0.0 0.12732868627553337 0.0
0 0.350260 0.677246 0.080729 0.053711 0.0 0.20879169192911934 0.0 0.08525168986422012 0.0 0.253194287281615 0.0 0.26462099033371256 0.0 0.09946950072548806 0.0 0.10102532421785118 0.0
0 0.573568 0.366699 0.102865 0.077148 0.0 0.15232810521425855 0.0 0.19034944548739496 0.0 0.2770712725811436 0.0 0.2652606763290918 0.0 0.043489839470494396 0.0 0.0994118817539127 0.0
0 0.548177 0.239258 0.098958 0.066406 0.0 0.31992328386138297 0.0 0.16993980420400892 0.0 0.3372380437400162 0.0 0.4210110246006144 0.0 0.053558107489524 0.0 0.051112320662033285 0.0
0 0.490885 0.314941 0.096354 0.071289 0.0 0.19966488004386837 0.0 0.19779446687929908 0.0 0.4610218281766736 0.0 0.4756282398981122 0.0 0.054649723500873645 0.0 0.04897563997479671 0.0
0 0.318359 0.843262 0.102865 0.065430 0.0 0.2324989864556663 0.0 0.09626404206839903 0.0 0.35561764972990845 0.0 0.20685793803188202 0.0 0.08093828681535413 0.0 0.07721543655316844 0.0
0 0.726562 0.468262 0.098958 0.065430 0.0 0.21693157690022133 0.0 0.1766291208412239 0.0 0.2871671922966427 0.0 0.2748963251955555 0.0 0.053306946255544496 0.0 0.04998165094854888 0.0
0 0.718750 0.333008 0.088542 0.064453 0.0 0.1808173621798149 0.0 0.22361059356080934 0.0 0.373226949312633 0.0 0.3598619633189838 0.0 0.04956130846020486 0.0 0.04491683800601215 0.0
0 0.410807 0.266113 0.108073 0.077148 0.0 0.0645067524531864 0.0 0.14717084177327577 0.0 0.35169391623660223 0.0 0.3340465030632066 0.0 0.06785096134669273 0.0 0.045877162603315785 0.0
0 0.229167 0.040527 0.098958 0.063477 0.0 0.21082507168370287 0.0 0.243722161702655 0.0 0.29824294483439306 0.0 0.29400762657169444 0.0 0.04566294004592469 0.0 0.06209992435596708 0.0
0 0.634766 0.289551 0.092448 0.061523 0.0 0.2904251870180357 0.0 0.2383708714587724 0.0 0.37935322789419046 0.0 0.3023754929496956 0.0 0.06037994865055123 0.0 0.05158097768820274 0.0
0 0.458984 0.193848 0.144531 0.086914 0.0 0.18118734526124897 0.0 0.13729636499994927 0.0 0.3057150184675279 0.0 0.2723850461381827 0.0 0.1977548217949105 0.0 0.04777671410248716 0.0
0 0.702474 0.180176 0.102865 0.051758 0.0 0.21362896233671694 0.0 0.2347572571371082 0.0 0.29913578465110363 0.0 0.30095295580592396 0.0 0.044356628421664365 0.0 0.045854395306082554 0.0
0 0.248047 0.813477 0.087240 0.058594 0.08743849926497567 0.19825356978645628 0.0 0.15740018595242874 0.0 0.2023057251331379 0.0 0.20795447566041772 0.0 0.05634952991231749 0.0 0.04935494314670481 0.0
0 0.440104 0.023438 0.138021 0.044922 0.0 0.07500452888214557 0.0 0.268477473925089 0.0 0.28068508987224433 0.0 0.2928960535845026 0.0 0.03426293692072417 0.0 0.35461142216844477 0.0
0 0.323568 0.354004 0.097656 0.067383 0.0 0.11408080874146323 0.0 0.18981464736665968 0.0 0.2856083988729928 0.0 0.27275445705857193 0.0 0.04727668607382643 0.0 0.05084574576954613 0.0
0 0.576823 0.095215 0.106771 0.071289 0.0 0.137549596700647 0.0 0.14731061697888778 0.009910594271540377 0.29581373522898396 0.0 0.25883712657443114 0.2663411414102632 0.28435427821273185 0.0 0.04576833492254037 0.025774709211730674
0 0.643229 0.553223 0.101562 0.077148 0.0 0.12626423316272248 0.0 0.23789954006019473 0.0 0.2853081759832596 0.0 0.28109471712448336 0.0 0.044323274331217515 0.0 0.07633297611240267 0.0
0 0.787109 0.233398 0.097656 0.054688 0.0 0.19799815448951474 0.0 0.1389916888689814 0.0 0.30780979621454774 0.0 0.2952721190005302 0.0 0.0453087188464688 0.0 0.052022815036511676 0.0
0 0.813151 0.521484 0.100260 0.060547 0.0 0.021118183804329827 0.11584409760380375 0.15162049242402822 0.0 0.2834072322264027 0.2648251157036808 0.27160941782749504 0.0 0.047655533899789757 0.04832384008254027 0.054031649562403396 0.0
0 0.382161 0.724121 0.079427 0.053711 0.0 0.0889927080710067 0.0 0.22212467783719034 0.0 0.306466272177413 0.0 0.3534015615949819 0.0 0.05134664401825546 0.0 0.08166705029021967 0.0
0 0.680339 0.875000 0.123698 0.074219 0.0 0.12312424680333559 0.0 0.27582724615221454 0.0 0.21594002896135028 0.0 0.2916326785617645 0.0 0.11098569295756965 0.0 0.21148891119059637 0.0
0 0.503906 0.647461 0.127604 0.082031 0.0 0.10299451373165679 0.0 0.1561515068856147 0.0 0.12584031367304818 0.0 0.1214032555432884 0.0 0.9816758205085155 0.0 0.9830695408445769 0.0
0 0.860026 0.287598 0.084635 0.061523 0.0 0.26348165500879905 0.0 0.26141846098580024 0.0 0.28078581573375533 0.0 0.33626669503148776 0.0 0.0488350316784602 0.0 0.09119774447607369 0.0
0 0.499349 0.959961 0.087240 0.062500 0.0 0.17033439098285807 0.0 0.15099724581813437 0.0 0.2986330636119627 0.0 0.2882241743916882 0.0 0.0761718393030607 0.0 0.07604413500150176 0.0
0 0.138021 0.090332 0.088542 0.061523 0.0 0.12448334005304058 0.0 0.2213506855607817 0.0 0.27174821272509697 0.0 0.2701086748114981 0.0 0.052032319119933924 0.0 0.05026366187027962 0.0
0 0.723958 0.603027 0.114583 0.069336 0.0 0.08893193847182629 0.0 0.1218670008426113 0.0 0.2671139893609973 0.0 0.2642192188760589 0.0 0.041938475837012136 0.0 0.08325744009401974 0.0
0 0.272135 0.294922 0.093750 0.070312 0.0 0.10822901679310165 0.0 0.06135959941723375 0.0 0.36679661118793755 0.0 0.39490665166003547 0.0 0.06931569541420196 0.0 0.05777611104738582 0.0
0 0.665365 0.052734 0.119792 0.064453 0.0 0.2149685169207532 0.0 0.11265983451807494 0.0 0.27841199300605596 0.0 0.28088153180076064 0.0 0.3559209842661439 0.0 0.0503715788591658 0.0
0 0.179688 0.275391 0.119792 0.072266 0.0 0.22177895499976796 0.0 0.2007310877317554 0.0 0.3261591944193983 0.0 0.31833658535787784 0.0 0.46679248288383174 0.0 0.4467795935056699 0.0
0 0.807943 0.645996 0.095052 0.073242 0.0 0.10585242586215367 0.0 0.20877665941939455 0.0 0.2600494712764063 0.0 0.23002208280567815 0.0 0.045067954678225816 0.0 0.06717156748767365 0.0
0 0.841146 0.948730 0.119792 0.067383 0.0 0.1828559739326927 0.0 0.2846013428852062 0.0 0.29483881419285596 0.0 0.2730949374325604 0.0 0.03897580539352832 0.0 0.08515166102277855 0.0
0 0.873047 0.449707 0.108073 0.073242 0.0 0.17039719803925724 0.12400794382946181 0.08972886893020238 0.0 0.23860014462668772 0.2222469939091336 0.18106268543622828 0.0 0.05135021089482205 0.05581060015926798 0.017430183620120627 0.0
0 0.152995 0.586914 0.141927 0.087891 0.0 0.09457748265724125 0.0 0.12751381589879476 0.0 0.28112836795089535 0.0 0.29272408091367197 0.0 0.14887408587369752 0.0 0.11689762137508998 0.0
0 0.185547 0.777344 0.095052 0.060547 0.0 0.1839756556307174 0.0 0.04730219066625519 0.03175319889355087 0.2940587357424114 0.0 0.32860725727586865 0.21793829461389613 0.03799024704179088 0.0 0.0016111619384076904 0.9755527759989566
0 0.313802 0.084961 0.104167 0.068359 0.0 0.14065441177263546 0.0445332996057823 0.06062647983357047 0.10792563057780945 0.2845745862840602 0.26243640194955126 0.25054802602884074 0.27798526136320467 0.023264321245748062 0.3086958687490424 0.8572970334846332 0.9774084625054585
0 0.350911 0.221191 0.100260 0.061523 0.0 0.0 0.0 0.05177097467682043 0.17812297167042276 0.0 0.0 0.2589253339069296 0.20547624991171856 0.0 0.0 0.049587731685466305 0.0006361220805078776
0 0.789714 0.132812 0.079427 0.044922 0.0 0.21667348813888387 0.0 0.16189488549482212 0.0 0.3331757806860466 0.0 0.2584275931165997 0.0 0.03580048839388483 0.0 0.07000169431576385 0.0
0 0.903646 0.975586 0.104167 0.048828 0.0 0.0 0.24000165238464896 0.0 0.03669204927654099 0.0 0.30081508655102474 0.0 0.300083158847149 0.0 0.8716937340447211 0.0 0.8636732149202772
0 0.158854 0.014160 0.070312 0.026367 0.0 0.08283144892333355 0.0 0.4118333146029114 0.0 0.3001718046551374 0.0 0.2800287000820281 0.0 0.09615037029832034 0.0 0.04952387649217624 0.0
0 0.453776 0.741211 0.097656 0.056641 0.0 0.0 0.11463446002593279 0.19927657265579724 0.0 0.0 0.18367891099133588 0.31071359757534994 0.0 0.0 0.979702968430213 0.02611059514529883 0.0
0 0.218750 0.145508 0.106771 0.083984 0.0 0.06556752914627247 0.0 0.22295197154511262 0.0 0.2790296080661525 0.0 0.27367396928565846 0.0 0.05092730834871209 0.0 0.4497032053405643 0.0
0 0.789062 0.392578 0.088542 0.066406 0.0 0.17582738562853503 0.0 0.11542051170439224 0.0 0.45407503403389826 0.0 0.4446411607887729 0.0 0.047730628035164493 0.0 0.052465822728682526 0.0
0 0.109375 0.727539 0.171875 0.093750 0.0 0.09646058887755907 0.02173861074358041 0.09900361684519716 0.026516310633253198 0.40771991206251085 0.36992562636094684 0.19634373435612992 0.37675234880036723 0.07301884441938143 0.0499799926835128 0.08571765603200024 0.113132536846521
0 0.264323 0.634277 0.117188 0.086914 0.0 0.09558307621535436 0.0 0.11557047074964619 0.0 0.28045568581862856 0.0 0.2923180952923603 0.0 0.08994248725268655 0.0 0.1184609757851149 0.0
0 0.865234 0.053223 0.141927 0.096680 0.0 0.1855706599603015 0.0 0.20469495242504518 0.0 0.2737869025360203 0.0 0.28666786522731996 0.0 0.05159484550359465 0.0 0.05049194197053958 0.0
0 0.886719 0.708984 0.101562 0.070312 0.0 0.07859334766251408 0.0 0.19893205959475507 0.0 0.2793932844740445 0.0 0.2963667162259298 0.0 0.0481168372872334 0.0 0.059242173207233705 0.0
0 0.942708 0.320312 0.078125 0.056641 0.0 0.11035549125310963 0.03687467874638197 0.14035186552242437 0.0 0.3585286602784026 0.37162208172344885 0.3400411493660384 0.0 0.06935713189516667 0.977909778154617 0.05325042770333539 0.0
0 0.907552 0.211426 0.078125 0.047852 0.0 0.1839585518626374 0.0 0.21729020323714351 0.0 0.29504310541751566 0.0 0.27381366712648486 0.0 0.0490550776062208 0.0 0.05219098947207562 0.0
0 0.642578 0.139648 0.063802 0.052734 0.0 0.14628822953092188 0.0 0.1849145649221481 0.0 0.30244568232706026 0.0 0.30325790541065956 0.0 0.05664330393761882 0.0 0.052649826402318925 0.0
0 0.962240 0.112793 0.075521 0.077148 0.0 0.0 0.25950650106829815 0.2597825980589553 0.0 0.0 0.32400887594323186 0.2653982872769615 0.0 0.0 0.976263892292121 0.049686283212441 0.0
0 0.571615 0.978516 0.096354 0.042969 0.08884208800854132 0.32070996789995676 0.0 0.05486897526604511 0.0 0.354781113195316 0.0 0.18472979439632004 0.0 0.07205520839930328 0.0 0.06691308277308426 0.0
0 0.059896 0.273438 0.117188 0.072266 0.0 0.1746863035231595 0.0 0.20655576508032716 0.0 0.31807405218608337 0.0 0.3100465451854116 0.0 0.45224068896612885 0.0 0.44801107661302364 0.0
0 0.055339 0.157227 0.108073 0.076172 0.0 0.11032759505657773 0.0 0.13605280552335275 0.0 0.3764760976514112 0.0 0.36523666417835216 0.0 0.10079429180600283 0.0 0.4378082918128396 0.0
0 0.055990 0.036133 0.101562 0.070312 0.0 0.12494399129382891 0.0 0.16443896197262475 0.021575578362292226 0.2850182118880409 0.0 0.2914360427788465 0.28224101858698053 0.06624664275828045 0.0 0.06714773771656944 0.33805778825388366
0 0.745443 0.103516 0.063802 0.052734 0.0 0.1845571984470911 0.0 0.1904501355361793 0.0 0.406393898696272 0.0 0.39522052883059006 0.0 0.049623045781202774 0.0 0.04191094764328006 0.0
0 0.854167 0.176270 0.078125 0.047852 0.0 0.1517877793259599 0.0 0.21343608175032633 0.0 0.4080167417842641 0.0 0.3797784191775505 0.0 0.07321847234298344 0.0 0.051484747911896354 0.0
0 0.960938 0.248535 0.078125 0.047852 0.0 0.13759589432393823 0.0 0.17495635243201818 0.0 0.4817691245290805 0.0 0.4708802800467276 0.0 0.054216724025266345 0.0 0.043540478997263675 0.0
0 0.383464 0.883789 0.095052 0.062500 0.0 0.2281233452195697 0.0 0.17415219087623252 0.0 0.1520679533232745 0.0 0.1552808529708152 0.0 0.06085339459651928 0.0 0.0781602793883533 0.0
0 0.956380 0.742188 0.087240 0.068359 0.0 0.11720863184873109 0.0 0.3058709235067512 0.0 0.26568863719936364 0.0 0.2705878598603636 0.0 0.0509896148521407 0.0 0.07872399766785192 0.0
0 0.973307 0.367676 0.053385 0.071289 0.0 0.0 0.04558404030417877 0.06937570965407694 0.08318166135916628 0.0 0.3600797404398923 0.4194079304349852 0.36279286513836073 0.0 0.046227882699236035 0.026408087829148347 0.05796478364207442
0 0.970052 0.522461 0.059896 0.060547 0.0 0.06245987400080359 0.0 0.13411895174981964 0.19066742576035273 0.33559464264861516 0.0 0.35212890574239525 0.32016147899696706 0.04396002210385896 0.0 0.04258774349903768 0.04001975174470924
0 0.928385 0.596191 0.101562 0.086914 0.007547630390168173 0.03763600610855844 0.0 0.11806847720693567 0.10035593716381545 0.3104261153254248 0.0 0.32775000890276573 0.32584238323012765 0.08803382883462187 0.0 0.05467915149572049 0.041003602549154215
0 0.980469 0.630859 0.039062 0.076172 0.0 0.1349425015916453 0.0 0.15580538507613265 0.0 0.2829453043534193 0.0 0.28096042798313187 0.0 0.0402132459436577 0.0 0.04350450666763506 0.0
