0 0.546224 0.890137 0.170573 0.100586 0.0 0.07731801410196297 0.12533806951543483 0.041813806327889294 0.10865642728038824 0.4229055022465979 0.20476862083390082 0.4410580329791135 0.26743441562681325 0.7199553417451239 0.6414429164774715 0.7116909853078752 0.7293060908002288
0 0.329427 0.954590 0.135417 0.090820 0.0 0.12199545848342985 0.14378592483076041 0.09320257916220248 0.0463892336054963 0.2981999987247434 0.43140621340658086 0.25457164045689434 0.42005345795949034 0.7319674436564437 0.731357878363728 0.7567214354823244 0.7001138009763261
0 0.501302 0.753906 0.138021 0.066406 0.0 0.15035924171095344 0.0 0.24600241032935227 0.0 0.27976374333840454 0.0 0.29299809287247547 0.0 0.7280744635025087 0.0 0.7308797942125352 0.0
0 0.389323 0.781250 0.109375 0.085938 0.0 0.16738996543347331 0.0 0.2211367399521585 0.0 0.26167105528764373 0.0 0.24997556970894025 0.0 0.7314812100785295 0.0 0.7600114617145285 0.0
0 0.638672 0.723633 0.128906 0.082031 0.0 0.12442469277356952 0.012116102734175837 0.14109604344657967 0.0 0.3547842700027512 0.46373881839752573 0.3511169688819163 0.0 0.467858220067326 0.694950977949052 0.6392871851156365 0.0
0 0.269531 0.484863 0.166667 0.168945 0.05509048152804878 0.03785929473339364 0.037949472978495484 0.07819503031173107 0.1020719332987734 0.292531891192681 0.28189692149622486 0.2780903095792216 0.2841288553249154 0.4459369555991425 0.41910462591098263 0.33282008804274 0.44440489610485306
0 0.658203 0.851074 0.084635 0.079102 0.0 0.2056287498236729 0.0 0.18816015909917183 0.0 0.2813747374362411 0.0 0.2661346444237328 0.0 0.7193701463152352 0.0 0.7310240629860036 0.0
0 0.397135 0.527344 0.093750 0.078125 0.0 0.17419201626244174 0.0 0.14674348887633967 0.0 0.28093973713426895 0.0 0.24869011074671132 0.0 0.31892480685033636 0.0 0.32661197732413394 0.0
0 0.292318 0.805176 0.110677 0.084961 0.0 0.19256896858347838 0.0 0.20887501649690482 0.0 0.21502319327155392 0.0 0.23920806196701036 0.0 0.6577317112783814 0.0 0.7462292783343046 0.0
0 0.352865 0.652344 0.125000 0.074219 0.0 0.160621349232225 0.0 0.18760693902801318 0.0 0.27059135664670825 0.0 0.2739202046904701 0.0 0.2975667294247156 0.0 0.40185576973269943 0.0
0 0.206380 0.625488 0.173177 0.098633 0.0 0.1373179167452516 0.0 0.14313512204943712 0.0 0.30738230739790695 0.0 0.30332095644995444 0.0 0.3579493203461766 0.0 0.35855707563624656 0.0
0 0.552083 0.961914 0.111979 0.054688 0.0 0.0 0.2704408625723256 0.0 0.2198146663854225 0.0 0.29615269836496433 0.0 0.2870116939942897 0.0 0.7083664750345849 0.0 0.7458149615881127
0 0.315104 0.162109 0.197917 0.285156 0.0 0.04401624776716684 0.16939145119290694 0.045409362243685476 0.1653900276079532 0.24725610281182694 0.24463024221476667 0.2451882647410996 0.2447834701089954 0.4465060621389861 0.44395195985860425 0.4457684403467312 0.4472501386533652
0 0.687500 0.268555 0.419271 0.318359 0.36873000140225054 0.0 0.0 0.0 0.0 0.0 0.0 0.0 0.0 0.0 0.0 0.0 0.0
0 0.574219 0.562500 0.093750 0.068359 0.0 0.2181946076520125 0.0 0.1625482796601022 0.0 0.24975671968893978 0.0 0.2561277200054404 0.0 0.30035670991868435 0.0 0.37763569126286145 0.0
0 0.546224 0.683594 0.089844 0.068359 0.0 0.21239558543456546 0.0 0.21178926037554444 0.0 0.2682529254705518 0.0 0.2745374243157614 0.0 0.3317008274748267 0.0 0.32939611421181275 0.0
0 0.666016 0.583496 0.102865 0.067383 0.0 0.24763319568398975 0.0 0.14963557929199472 0.0 0.2748966055207248 0.0 0.2314700378464803 0.0 0.3676560816306355 0.0 0.30332103225439055 0.0
0 0.215495 0.967285 0.100260 0.065430 0.0 0.24516497313391422 0.0 0.22281840694227395 0.0 0.21410626202808633 0.0 0.19585333701300633 0.0 0.6097959258634164 0.0 0.5997122420343133 0.0
0 0.100911 0.973633 0.118490 0.052734 0.0 0.29685768910002613 0.0 0.05272563470708547 0.0 0.25628708832553737 0.0 0.2504390587933323 0.0 0.7433330302173266 0.0 0.7637477269725069 0.0
0 0.484375 0.544922 0.088542 0.068359 0.0 0.22167153325751984 0.0 0.1506073843552671 0.0 0.3098824782308777 0.0 0.25226184065544394 0.0 0.33565922566281237 0.0 0.3458991413934067 0.0
0 0.188802 0.828125 0.127604 0.099609 0.0 0.11236413303540911 0.0241404785442136 0.18340208250217732 0.024621414707083497 0.32002116273183134 0.19355454202519423 0.3145002982885836 0.2173781799450082 0.7232225236236991 0.724049974379516 0.7222907554402531 0.7351351260198992
0 0.719401 0.978027 0.069010 0.043945 0.0 0.0 0.36976250377210673 0.0 0.0 0.0 0.0888742882147491 0.0 0.0 0.0 0.6855182590322921 0.0 0.0
0 0.932943 0.112793 0.134115 0.223633 0.4558919073944741 0.0 0.0 0.0 0.0 0.0 0.0 0.0 0.0 0.0 0.0 0.0 0.0
0 0.455078 0.668457 0.089844 0.079102 0.0 0.17679941213530673 0.0 0.18896917626597262 0.0 0.26615249625099285 0.0 0.2715756798442335 0.0 0.32544300815726107 0.0 0.3590533268249437 0.0
0 0.060547 0.605469 0.118490 0.072266 0.0 0.11251070224370244 0.0 0.0776848708159595 0.0 0.4062035076633134 0.0 0.4091563628005564 0.0 0.4546812029932372 0.0 0.44197571487418125 0.0
0 0.078125 0.858398 0.127604 0.099609 0.0 0.22567140407953037 0.0 0.1652836315934287 0.0 0.08389247151441544 0.0 0.28364742953505684 0.0 0.728331050942329 0.0 0.730681187489669 0.0
0 0.782552 0.968750 0.062500 0.062500 0.03164745758415098 0.0 0.40019227375678057 0.0 0.0 0.0 0.15311870745229167 0.0 0.0 0.0 0.7376769227381037 0.0 0.0
0 0.815755 0.675293 0.126302 0.073242 0.0 0.12200405062203767 0.0 0.17298017542893587 0.05869000713019879 0.27846283725015425 0.0 0.26639297356815583 0.2483633639057601 0.692251411452635 0.0 0.7806397713728289 0.7225578639002562
0 0.920573 0.647949 0.104167 0.069336 0.0 0.14496595978691346 0.0 0.2509117105162574 0.0 0.2949248430772331 0.0 0.2738543429316628 0.0 0.7331927795935439 0.0 0.7123394733835078 0.0
0 0.980469 0.621094 0.039062 0.078125 0.0 0.22509585572796384 0.0 0.19934155031717504 0.0 0.24028032843605615 0.0 0.3145163831077088 0.0 0.7366556096117497 0.0 0.6928031591915114 0.0
0 0.913411 0.780273 0.118490 0.076172 0.0 0.12755263897355298 0.0 0.18584496799171846 0.0 0.23974486564329978 0.0 0.24413804488446675 0.0 0.721457148561628 0.0 0.7263046299424976 0.0
0 0.979818 0.761230 0.040365 0.067383 0.0 0.13356702498853523 0.0 0.209693546282631 0.0 0.29178897233678114 0.0 0.2864803530235299 0.0 0.7348730820203578 0.0 0.738077371668904 0.0
0 0.960938 0.863281 0.078125 0.072266 0.0 0.18165190847205678 0.0 0.17271146584051916 0.0 0.18781762880243208 0.0 0.19318180223739445 0.0 0.7172969562291641 0.0 0.8061208545454324 0.0
0 0.850260 0.885742 0.145833 0.076172 0.012409417140890994 0.0 0.0 0.0 0.0 0.0 0.0 0.0 0.0 0.0 0.0 0.0 0.0
0 0.506510 0.034668 0.111979 0.067383 0.10899762367737109 0.0 0.0 0.0 0.30230421000462154 0.0 0.0 0.0 0.22240723050570768 0.0 0.0 0.0 0.44389566755673304
